Date,USD,JPY,BGN,CYP,CZK,DKK,EEK,GBP,HUF,LTL,LVL,MTL,PLN,ROL,RON,SEK,SIT,SKK,CHF,ISK,NOK,HRK,RUB,TRL,TRY,AUD,BRL,CAD,CNY,HKD,IDR,ILS,INR,KRW,MXN,MYR,NZD,PHP,SGD,THB,ZAR,
2022-08-09,1.0234,138.26,1.9558,N/A,24.532,7.4407,N/A,0.8452,397.35,N/A,N/A,N/A,4.7085,N/A,4.9038,10.3875,N/A,N/A,0.9763,140.1,9.9365,7.514,N/A,N/A,18.3342,1.4687,5.2478,1.3163,6.9106,8.0334,15197.09,3.3865,81.406,1336.74,20.7145,4.5592,1.6304,56.939,1.411,36.264,17.05,
2022-08-08,1.0199,137.62,1.9558,N/A,24.515,7.4405,N/A,0.84165,394.27,N/A,N/A,N/A,4.7043,N/A,4.9163,10.365,N/A,N/A,0.9763,140.1,9.9405,7.5123,N/A,N/A,18.3175,1.4607,5.238,1.3134,6.8931,8.0061,15147.65,3.3895,81.166,1329.93,20.681,4.5477,1.6202,56.554,1.4058,36.38,16.9694,
2022-08-05,1.0233,136.22,1.9558,N/A,24.581,7.4415,N/A,0.84268,393.78,N/A,N/A,N/A,4.7085,N/A,4.9251,10.3573,N/A,N/A,0.9776,138.9,9.982,7.5148,N/A,N/A,18.3853,1.4713,5.3348,1.3185,6.9068,8.0328,15236.2,3.4033,81.0469,1324.53,20.8367,4.5598,1.6248,56.524,1.4077,36.373,17.0342,
2022-08-04,1.0181,135.81,1.9558,N/A,24.659,7.4425,N/A,0.84231,395.98,N/A,N/A,N/A,4.7233,N/A,4.9261,10.374,N/A,N/A,0.9765,138.7,9.9065,7.515,N/A,N/A,18.2922,1.4607,5.3614,1.307,6.8769,7.9919,15200.94,3.4101,80.7715,1333.7,20.756,4.5387,1.6172,56.633,1.4037,36.606,17.0352,
2022-08-03,1.0194,136.18,1.9558,N/A,24.65,7.4427,N/A,0.83629,395.03,N/A,N/A,N/A,4.691,N/A,4.9245,10.3913,N/A,N/A,0.9773,139.3,9.8743,7.5178,N/A,N/A,18.3112,1.4681,5.3547,1.3085,6.883,8.0022,15184.35,3.4362,80.6895,1336.03,21.0788,4.5435,1.6266,56.855,1.4069,36.963,17.1283,
2022-08-02,1.0224,133.9,1.9558,N/A,24.644,7.4432,N/A,0.83665,396.82,N/A,N/A,N/A,4.7063,N/A,4.9298,10.3995,N/A,N/A,0.9744,139.3,9.9305,7.5195,N/A,N/A,18.3564,1.4745,5.3175,1.315,6.9117,8.0257,15204.85,3.4486,80.3243,1339.16,20.952,4.5531,1.6254,56.834,1.4103,36.914,16.982,
2022-08-01,1.0233,135.38,1.9558,N/A,24.628,7.4457,N/A,0.837,401.35,N/A,N/A,N/A,4.734,N/A,4.9283,10.3668,N/A,N/A,0.9717,138.7,9.8638,7.521,N/A,N/A,18.3475,1.4535,5.2723,1.3076,6.9105,8.0329,15203.21,3.4546,80.9335,1333.3,20.7635,4.5568,1.616,56.734,1.4087,36.977,16.8613,
2022-07-29,1.0198,136.42,1.9558,N/A,24.61,7.4438,N/A,0.8399,404.8,N/A,N/A,N/A,4.7375,N/A,4.9343,10.3875,N/A,N/A,0.9744,138.3,9.8773,7.518,N/A,N/A,18.2472,1.4646,5.2739,1.31,6.8705,8.0054,15155.56,3.4714,80.882,1329.4,20.6745,4.5386,1.6283,56.375,1.4088,36.978,16.8627,
2022-07-28,1.0122,137.26,1.9558,N/A,24.609,7.4442,N/A,0.83586,407.3,N/A,N/A,N/A,4.7908,N/A,4.9342,10.449,N/A,N/A,0.9745,138.7,9.8983,7.52,N/A,N/A,18.1417,1.4535,5.33,1.2986,6.8325,7.9456,15107.59,3.4701,80.6535,1320.45,20.676,4.5071,1.6172,56.592,1.4009,37.097,17.0011,
2022-07-27,1.0152,138.89,1.9558,N/A,24.575,7.4446,N/A,0.84138,404.67,N/A,N/A,N/A,4.7978,N/A,4.9334,10.4545,N/A,N/A,0.9768,139.1,9.9558,7.514,N/A,N/A,18.1859,1.462,5.4039,1.3049,6.8534,7.9692,15213.07,3.4855,81.135,1333.99,20.753,4.5263,1.6306,56.455,1.4088,37.4,17.1347,
2022-07-26,1.0124,138.35,1.9558,N/A,24.607,7.4449,N/A,0.84558,400.99,N/A,N/A,N/A,4.742,N/A,4.9324,10.4445,N/A,N/A,0.9765,139.1,10.0105,7.5145,N/A,N/A,18.0705,1.4605,5.4437,1.3035,6.8451,7.9466,15185.27,3.4891,80.805,1326.65,20.7845,4.5113,1.6235,56.16,1.4066,37.18,17.087,
2022-07-25,1.0236,139.84,1.9558,N/A,24.535,7.4449,N/A,0.84813,396.5,N/A,N/A,N/A,4.708,N/A,4.9339,10.3973,N/A,N/A,0.9869,139.5,10.0704,7.5195,N/A,N/A,18.2653,1.4707,5.5976,1.3168,6.9094,8.0345,15303.87,3.5201,81.6675,1341.25,20.9376,4.5586,1.6325,57.209,1.4176,37.525,17.1502,
2022-07-22,1.019,139.51,1.9558,N/A,24.514,7.4443,N/A,0.85141,398.3,N/A,N/A,N/A,4.7508,N/A,4.9321,10.4328,N/A,N/A,0.9832,139.5,10.1498,7.5234,N/A,N/A,18.094,1.4677,5.5821,1.3105,6.8852,7.9985,15275.69,3.5083,81.384,1335.66,20.9595,4.5366,1.6265,57.24,1.4151,37.392,17.2009,
2022-07-21,1.0199,141.46,1.9558,N/A,24.496,7.4446,N/A,0.85545,400.13,N/A,N/A,N/A,4.761,N/A,4.9391,10.426,N/A,N/A,0.9924,139.7,10.175,7.52,N/A,N/A,18.0327,1.4848,5.5777,1.3178,6.904,8.0056,15342.25,3.5203,81.451,1337.47,20.941,4.5457,1.6479,57.512,1.4218,37.66,17.5195,
2022-07-20,1.0199,140.92,1.9558,N/A,24.493,7.4452,N/A,0.85178,399.5,N/A,N/A,N/A,4.782,N/A,4.9396,10.4606,N/A,N/A,0.9896,139.5,10.1323,7.5143,N/A,N/A,17.9444,1.4767,5.5427,1.3132,6.8892,8.0062,15275.82,3.5147,81.599,1337.61,20.8967,4.5406,1.6308,57.398,1.4204,37.405,17.3924,
2022-07-19,1.0245,141.01,1.9558,N/A,24.555,7.4449,N/A,0.85303,397.45,N/A,N/A,N/A,4.7598,N/A,4.9395,10.4964,N/A,N/A,0.9918,138.9,10.176,7.5093,N/A,N/A,18.018,1.4869,5.5454,1.3264,6.9064,8.0423,15344.49,3.5295,81.898,1340.33,20.8552,4.559,1.6456,57.583,1.4269,37.492,17.457,
2022-07-18,1.0131,140.16,1.9558,N/A,24.508,7.4435,N/A,0.84708,402.05,N/A,N/A,N/A,4.776,N/A,4.9389,10.5265,N/A,N/A,0.9911,138.9,10.2553,7.513,N/A,N/A,17.7225,1.4839,5.4505,1.3151,6.8266,7.9528,15157.63,3.5004,81.034,1333.33,20.7095,4.5113,1.6432,57.056,1.4153,37.13,17.383,
2022-07-15,1.0059,139.49,1.9558,N/A,24.561,7.443,N/A,0.84988,403.73,N/A,N/A,N/A,4.7953,N/A,4.9407,10.5943,N/A,N/A,0.9849,138.9,10.2763,7.516,N/A,N/A,17.5451,1.4886,5.4434,1.3147,6.7943,7.8963,15081.58,3.5044,80.316,1333.79,20.9209,4.4752,1.6377,56.678,1.4113,36.866,17.2875,
2022-07-14,1.0005,139.04,1.9558,N/A,24.417,7.4425,N/A,0.8456,408.78,N/A,N/A,N/A,4.8146,N/A,4.942,10.6019,N/A,N/A,0.9841,138.89,10.2536,7.5122,N/A,N/A,17.494,1.4893,5.4586,1.3162,6.7618,7.8539,15119.56,3.4915,80.0752,1322.29,20.9585,4.4462,1.6437,56.565,1.4065,36.632,17.202,
2022-07-13,1.0067,138.02,1.9558,N/A,24.397,7.4416,N/A,0.84371,409.35,N/A,N/A,N/A,4.824,N/A,4.9414,10.602,N/A,N/A,0.9829,138.3,10.2428,7.5155,N/A,N/A,17.5629,1.4802,5.4533,1.3073,6.7722,7.9025,15117.08,3.4864,80.1285,1311.4,20.9029,4.4667,1.635,56.669,1.4134,36.377,17.0527,
2022-07-12,1.0042,137.31,1.9558,N/A,24.582,7.4408,N/A,0.84823,409.98,N/A,N/A,N/A,4.819,N/A,4.9413,10.629,N/A,N/A,0.9883,139.1,10.2754,7.517,N/A,N/A,17.4392,1.49,5.4009,1.3094,6.7518,7.8828,15054.05,3.4987,79.8965,1315.1,20.8883,4.4556,1.6395,56.648,1.4127,36.392,17.1509,
2022-07-11,1.0098,138.77,1.9558,N/A,24.592,7.4414,N/A,0.8454,408.22,N/A,N/A,N/A,4.7968,N/A,4.943,10.6943,N/A,N/A,0.9908,139.3,10.299,7.518,N/A,N/A,17.5447,1.491,5.3673,1.314,6.7793,7.9265,15131.92,3.5108,80.2435,1320.36,20.7845,4.4704,1.6466,56.574,1.4178,36.585,17.1634,
2022-07-08,1.0163,138.05,1.9558,N/A,24.614,7.4424,N/A,0.84585,402.45,N/A,N/A,N/A,4.763,N/A,4.9431,10.6665,N/A,N/A,0.9913,139.5,10.263,7.519,N/A,N/A,17.6026,1.4871,5.4345,1.3201,6.8095,7.9769,15210.73,3.5325,80.528,1321.61,20.8477,4.4992,1.6464,56.882,1.4228,36.602,17.1922,
2022-07-07,1.018,138.11,1.9558,N/A,24.779,7.4405,N/A,0.85105,410.04,N/A,N/A,N/A,4.7721,N/A,4.9448,10.723,N/A,N/A,0.9906,139.3,10.291,7.5193,N/A,N/A,17.5551,1.4883,5.4983,1.3227,6.823,7.9893,15265.27,3.5548,80.6,1324.66,20.9675,4.5077,1.6461,56.939,1.4255,36.74,17.0372,
2022-07-06,1.0177,137.71,1.9558,N/A,24.778,7.4403,N/A,0.85676,411.8,N/A,N/A,N/A,4.771,N/A,4.944,10.745,N/A,N/A,0.9896,138.5,10.2803,7.5198,N/A,N/A,17.5505,1.4961,5.5116,1.3274,6.8289,7.9864,15287.49,3.5884,80.5321,1331.69,21.0194,4.5028,1.6505,56.779,1.4305,36.78,17.0246,
2022-07-05,1.029,139.77,1.9558,N/A,24.751,7.4396,N/A,0.85845,407.38,N/A,N/A,N/A,4.7448,N/A,4.9438,10.8031,N/A,N/A,0.9932,139.1,10.285,7.5246,N/A,N/A,17.5049,1.518,5.5141,1.3364,6.9029,8.0748,15487.93,3.6343,81.673,1348.97,21.0171,4.5477,1.6772,57.009,1.4455,36.879,16.9143,
2022-07-04,1.0455,141.51,1.9558,N/A,24.745,7.4391,N/A,0.8596,401.52,N/A,N/A,N/A,4.71,N/A,4.944,10.7658,N/A,N/A,1.0037,139.3,10.2958,7.5301,N/A,N/A,17.5994,1.5205,5.5663,1.3435,6.9977,8.2033,15684.13,3.6655,82.5067,1353.4,21.1972,4.6138,1.6748,57.487,1.4587,37.298,17.0275,
2022-07-01,1.0425,141.05,1.9558,N/A,24.753,7.4391,N/A,0.86648,401.11,N/A,N/A,N/A,4.7168,N/A,4.9457,10.7783,N/A,N/A,1.0027,138.7,10.3651,7.531,N/A,N/A,17.4608,1.5382,5.5117,1.3492,6.987,8.1801,15621.64,3.6717,82.3747,1352.58,21.115,4.5943,1.6929,57.452,1.4565,37.186,17.1323,
2022-06-30,1.0387,141.54,1.9558,N/A,24.739,7.4392,N/A,0.8582,397.04,N/A,N/A,N/A,4.6904,N/A,4.9464,10.73,N/A,N/A,0.996,138.9,10.3485,7.5307,N/A,N/A,17.322,1.5099,5.4229,1.3425,6.9624,8.1493,15552,3.6392,82.113,1351.6,20.9641,4.5781,1.6705,57.15,1.4483,36.754,17.0143,
2022-06-29,1.0517,143.53,1.9558,N/A,24.739,7.4392,N/A,0.86461,394.28,N/A,N/A,N/A,4.6869,N/A,4.9419,10.6848,N/A,N/A,1.0005,139.9,10.3065,7.5285,N/A,N/A,17.4998,1.5256,5.5163,1.3513,7.0382,8.2532,15612.61,3.6344,83.037,1364.02,21.1375,4.6272,1.6871,57.773,1.4607,36.925,16.9295,
2022-06-28,1.0561,143.67,1.9558,N/A,24.726,7.4394,N/A,0.8635,398.55,N/A,N/A,N/A,4.6905,N/A,4.9443,10.6543,N/A,N/A,1.0101,139.5,10.337,7.532,N/A,N/A,17.5891,1.521,5.5308,1.3565,7.0775,8.288,15669.91,3.6267,83.408,1361.75,21.088,4.6432,1.6822,57.85,1.4645,37.154,16.9072,
2022-06-27,1.0572,143.25,1.9558,N/A,24.724,7.4408,N/A,0.862,402.62,N/A,N/A,N/A,4.699,N/A,4.944,10.6713,N/A,N/A,1.0143,139.7,10.408,7.5333,N/A,N/A,17.4794,1.5278,5.5446,1.3639,7.0737,8.2946,15635.36,3.6009,82.9325,1357.68,21.041,4.6559,1.6801,57.9,1.4641,37.361,16.7967,
2022-06-24,1.0524,142.19,1.9558,N/A,24.731,7.4398,N/A,0.85773,401.34,N/A,N/A,N/A,4.7023,N/A,4.9463,10.694,N/A,N/A,1.0072,139.7,10.4345,7.5295,N/A,N/A,18.2856,1.5248,5.4851,1.3657,7.0478,8.2609,15633.96,3.621,82.3985,1364.09,20.9901,4.6327,1.6731,57.83,1.462,37.36,16.7137,
2022-06-23,1.0493,142.11,1.9558,N/A,24.75,7.4388,N/A,0.85818,399.6,N/A,N/A,N/A,4.7085,N/A,4.9468,10.705,N/A,N/A,1.013,139.9,10.475,7.5286,N/A,N/A,18.2199,1.5212,5.4515,1.36,7.0367,8.236,15594.75,3.6192,82.1489,1367.21,21.0924,4.623,1.6713,57.44,1.4589,37.261,16.817,
2022-06-22,1.0521,143.11,1.9558,N/A,24.712,7.4387,N/A,0.85885,396,N/A,N/A,N/A,4.6905,N/A,4.9467,10.6688,N/A,N/A,1.0153,138.7,10.5045,7.5228,N/A,N/A,18.255,1.5254,5.4349,1.366,7.0604,8.2589,15618.98,3.6432,82.4075,1369.29,21.1491,4.6345,1.6835,57.174,1.4615,37.281,16.7985,
2022-06-21,1.055,143.75,1.9558,N/A,24.69,7.4393,N/A,0.8601,396.48,N/A,N/A,N/A,4.6435,N/A,4.9462,10.646,N/A,N/A,1.0214,138.7,10.3283,7.5205,N/A,N/A,18.3049,1.5177,5.442,1.366,7.068,8.2817,15639.62,3.6505,82.423,1365.09,21.2485,4.6399,1.6675,57.304,1.4612,37.294,16.7881,
2022-06-20,1.0517,141.94,1.9558,N/A,24.728,7.4387,N/A,0.85748,397.85,N/A,N/A,N/A,4.652,N/A,4.9453,10.6375,N/A,N/A,1.0162,137.3,10.4085,7.5175,N/A,N/A,18.2239,1.5061,5.4117,1.3662,7.0346,8.2558,15589.89,3.639,81.994,1357.54,21.3016,4.6291,1.6549,56.872,1.4589,37.157,16.8603,
2022-06-17,1.0486,141.21,1.9558,N/A,24.742,7.4384,N/A,0.855,400.53,N/A,N/A,N/A,4.7003,N/A,4.9469,10.6748,N/A,N/A,1.0105,137.7,10.4525,7.5155,N/A,N/A,18.1495,1.5039,5.3824,1.3631,7.0308,8.2314,15537.05,3.6112,81.871,1356.27,21.4474,4.6159,1.6601,56.371,1.4547,36.974,16.7133,
2022-06-16,1.04,138.24,1.9558,N/A,24.742,7.4386,N/A,0.8555,398.1,N/A,N/A,N/A,4.7138,N/A,4.9443,10.6942,N/A,N/A,1.0142,137.5,10.4588,7.5245,N/A,N/A,18.0126,1.4939,5.2559,1.3446,6.9844,8.1638,15427.31,3.5934,81.1945,1346.88,21.4115,4.5786,1.6608,55.7,1.4451,36.566,16.6052,
2022-06-15,1.0431,140.49,1.9558,N/A,24.703,7.4392,N/A,0.86328,397.96,N/A,N/A,N/A,4.669,N/A,4.9427,10.6278,N/A,N/A,1.0435,137.5,10.3868,7.5245,N/A,N/A,18.0465,1.5051,5.3164,1.3498,7.0013,8.1883,15361.97,3.6007,81.5142,1346.86,21.4763,4.6037,1.6706,55.627,1.4519,36.529,16.7111,
2022-06-14,1.0452,140.62,1.9558,N/A,24.749,7.4403,N/A,0.86578,398.68,N/A,N/A,N/A,4.6563,N/A,4.9443,10.622,N/A,N/A,1.0394,138.3,10.3945,7.5238,N/A,N/A,18.06,1.5174,5.3329,1.3522,7.0417,8.2048,15400.02,3.6208,81.559,1346.72,21.4832,4.6224,1.6755,55.669,1.4541,36.566,16.7959,
2022-06-13,1.0455,140.51,1.9558,N/A,24.724,7.4397,N/A,0.8585,399.3,N/A,N/A,N/A,4.6373,N/A,4.9459,10.616,N/A,N/A,1.0375,138.7,10.3222,7.5215,N/A,N/A,18.0495,1.4998,5.2785,1.3435,7.0434,8.2071,15376.17,3.5994,81.606,1349.93,21.2102,4.6195,1.6635,55.72,1.4538,36.425,16.807,
2022-06-10,1.0578,141.69,1.9558,N/A,24.705,7.4389,N/A,0.85048,398.48,N/A,N/A,N/A,4.6053,N/A,4.9442,10.5255,N/A,N/A,1.0404,137.7,10.1495,7.5225,N/A,N/A,18.0116,1.4845,5.1718,1.3484,7.0868,8.3031,15393.27,3.5626,82.3355,1344.25,20.8285,4.6564,1.6482,56.101,1.462,36.774,16.5209,
2022-06-09,1.0743,143.93,1.9558,N/A,24.689,7.4391,N/A,0.85653,396.45,N/A,N/A,N/A,4.5925,N/A,4.9453,10.5045,N/A,N/A,1.0495,138.7,10.1818,7.5223,N/A,N/A,18.5104,1.4985,5.2506,1.3506,7.1722,8.4317,15646.25,3.5859,83.526,1348.99,21.0248,4.7199,1.6673,56.872,1.4779,37.079,16.4132,
2022-06-08,1.0739,143.92,1.9558,N/A,24.622,7.4386,N/A,0.85575,391.25,N/A,N/A,N/A,4.5698,N/A,4.945,10.4938,N/A,N/A,1.0486,138.9,10.1395,7.5215,N/A,N/A,18.453,1.4917,5.2447,1.3467,7.1785,8.4275,15577.86,3.5848,83.414,1349.34,21.0458,4.7187,1.6644,56.799,1.4769,37.076,16.4626,
2022-06-07,1.0662,141.66,1.9558,N/A,24.739,7.4395,N/A,0.85365,389.33,N/A,N/A,N/A,4.5813,N/A,4.9426,10.5039,N/A,N/A,1.0423,138.9,10.1843,7.5244,N/A,N/A,17.8702,1.4884,5.1256,1.3437,7.1146,8.3656,15412.37,3.5661,82.873,1340.75,20.8435,4.6865,1.6582,56.421,1.4685,36.768,16.4059,
2022-06-06,1.0726,140.16,1.9558,N/A,24.715,7.439,N/A,0.85415,388.05,N/A,N/A,N/A,4.5808,N/A,4.9424,10.452,N/A,N/A,1.032,138.3,10.0853,7.5222,N/A,N/A,17.796,1.4842,5.0986,1.3463,7.1223,8.4154,15464.73,3.5697,83.245,1341.13,20.9078,4.7076,1.6428,56.67,1.4732,36.774,16.4142,
2022-06-03,1.073,139.59,1.9558,N/A,24.708,7.4388,N/A,0.8542,394.78,N/A,N/A,N/A,4.5955,N/A,4.9428,10.4589,N/A,N/A,1.0296,137.9,10.103,7.522,N/A,N/A,17.738,1.4805,5.1643,1.3484,7.1465,8.4167,15498.1,3.5751,83.273,1337.4,20.985,4.7094,1.6409,56.738,1.4741,36.777,16.6153,
2022-06-02,1.0692,138.72,1.9558,N/A,24.702,7.4391,N/A,0.85195,394.9,N/A,N/A,N/A,4.5787,N/A,4.9398,10.4705,N/A,N/A,1.0264,136.9,10.0845,7.5325,N/A,N/A,17.6175,1.4829,5.1335,1.352,7.135,8.3896,15481.86,3.5705,82.922,1334.06,20.9831,4.6949,1.6413,56.467,1.4701,36.754,16.6143,
2022-06-01,1.0712,138.68,1.9558,N/A,24.748,7.4393,N/A,0.85158,395.03,N/A,N/A,N/A,4.5913,N/A,4.9428,10.4758,N/A,N/A,1.0305,137.1,10.0438,7.5345,N/A,N/A,17.6223,1.4861,5.0646,1.3536,7.1586,8.4057,15574.33,3.5682,83.051,1331.44,21.0678,4.6951,1.6442,56.182,1.47,36.801,16.609,
2022-05-31,1.0713,137.36,1.9558,N/A,24.714,7.4394,N/A,0.85138,396.2,N/A,N/A,N/A,4.5805,N/A,4.9408,10.5053,N/A,N/A,1.0281,136.3,10.0983,7.541,N/A,N/A,17.5817,1.4933,5.0965,1.3573,7.1402,8.4063,15580.15,3.5746,83.231,1329.32,20.987,4.6907,1.6459,56.323,1.4687,36.751,16.745,
2022-05-30,1.0764,137.25,1.9558,N/A,24.712,7.4391,N/A,0.8515,392.18,N/A,N/A,N/A,4.5855,N/A,4.9441,10.518,N/A,N/A,1.0327,136.9,10.1256,7.5305,N/A,N/A,17.6416,1.4982,5.0629,1.3647,7.1735,8.449,15682.41,3.5722,83.475,1331.66,20.8994,4.6998,1.6439,56.322,1.4719,36.7,16.648,
2022-05-27,1.0722,136.05,1.9558,N/A,24.7,7.4392,N/A,0.84875,392.83,N/A,N/A,N/A,4.5858,N/A,4.9427,10.5293,N/A,N/A,1.0258,137.9,10.179,7.5379,N/A,N/A,17.582,1.4995,5.0959,1.3661,7.1831,8.4165,15583.97,3.597,83.1915,1343.63,21.136,4.6952,1.6426,56.02,1.4679,36.589,16.746,
2022-05-26,1.0697,135.95,1.9558,N/A,24.676,7.4409,N/A,0.85073,391.72,N/A,N/A,N/A,4.6083,N/A,4.9423,10.5983,N/A,N/A,1.0283,138.1,10.2715,7.5355,N/A,N/A,17.5588,1.511,5.1741,1.3715,7.2024,8.397,15628.91,3.5935,83.0065,1352.69,21.1935,4.7045,1.6541,55.975,1.4709,36.589,16.9312,
2022-05-25,1.0656,135.34,1.9558,N/A,24.648,7.4405,N/A,0.85295,388.25,N/A,N/A,N/A,4.621,N/A,4.9416,10.5419,N/A,N/A,1.0269,138.3,10.2704,7.5355,N/A,N/A,17.3954,1.5126,5.1736,1.372,7.1334,8.3647,15587.59,3.585,82.6666,1354.61,21.2213,4.6833,1.6539,55.787,1.4676,36.55,16.7628,
2022-05-24,1.072,136.49,1.9558,N/A,24.663,7.4411,N/A,0.8575,383.33,N/A,N/A,N/A,4.6015,N/A,4.9446,10.5013,N/A,N/A,1.0334,139.3,10.289,7.5285,N/A,N/A,17.2572,1.5152,5.1793,1.3714,7.1449,8.4143,15711.88,3.5848,83.185,1353.65,21.2456,4.7076,1.6656,56.152,1.4722,36.609,16.7814,
2022-05-23,1.0659,136.05,1.9558,N/A,24.594,7.4413,N/A,0.84783,381.65,N/A,N/A,N/A,4.621,N/A,4.947,10.4918,N/A,N/A,1.031,139.1,10.252,7.5275,N/A,N/A,16.8672,1.4982,5.1623,1.3626,7.085,8.3664,15609,3.5745,82.6795,1344.19,21.1273,4.6782,1.6463,55.686,1.4639,36.41,16.7437,
2022-05-20,1.0577,135.34,1.9558,N/A,24.67,7.4424,N/A,0.8482,382.93,N/A,N/A,N/A,4.6365,N/A,4.9477,10.4915,N/A,N/A,1.028,138.5,10.262,7.5335,N/A,N/A,16.8201,1.498,5.1989,1.3526,7.0638,8.2999,15501.99,3.533,82.1617,1340.58,21.0314,4.6422,1.6518,55.181,1.4588,36.284,16.7131,
2022-05-19,1.0525,134.46,1.9558,N/A,24.7,7.4423,N/A,0.84728,385.83,N/A,N/A,N/A,4.6423,N/A,4.9474,10.5098,N/A,N/A,1.0265,139.5,10.3102,7.5395,N/A,N/A,16.8037,1.5036,5.2094,1.349,7.1028,8.2594,15416.76,3.5623,81.7115,1343.21,21.0043,4.6363,1.6551,55.14,1.4576,36.343,16.8315,
2022-05-18,1.0523,135.76,1.9558,N/A,24.647,7.4419,N/A,0.8467,382.88,N/A,N/A,N/A,4.6443,N/A,4.9473,10.4675,N/A,N/A,1.0486,138.9,10.2125,7.535,N/A,N/A,16.7811,1.498,5.1974,1.3488,7.0972,8.2591,15446,3.526,81.6455,1332.76,20.9204,4.6254,1.6548,55.077,1.4598,36.399,16.7313,
2022-05-17,1.0541,136.32,1.9558,N/A,24.712,7.4414,N/A,0.844,386.3,N/A,N/A,N/A,4.6488,N/A,4.9478,10.4393,N/A,N/A,1.0457,138.7,10.178,7.5245,N/A,N/A,16.6027,1.4993,5.2621,1.3517,7.0899,8.2744,15433.23,3.5387,81.6515,1333.66,21.0273,4.6211,1.6561,55.137,1.4589,36.361,16.844,
2022-05-16,1.0422,135.01,1.9558,N/A,24.71,7.4418,N/A,0.85045,385.85,N/A,N/A,N/A,4.6675,N/A,4.9469,10.4978,N/A,N/A,1.0479,138.3,10.2188,7.5225,N/A,N/A,16.3121,1.5057,5.2819,1.3473,7.0786,8.1812,15294.29,3.5474,81.081,1337.9,20.9324,4.5836,1.6601,54.705,1.4531,36.274,16.9195,
2022-05-13,1.0385,133.91,1.9558,N/A,24.74,7.4412,N/A,0.85115,385,N/A,N/A,N/A,4.6883,N/A,4.9455,10.4905,N/A,N/A,1.0385,140.1,10.2043,7.52,N/A,N/A,16.0687,1.5067,5.3204,1.3505,7.0513,8.1522,15193.55,3.5586,80.4315,1330.83,20.988,4.5673,1.6633,54.449,1.45,36.109,16.7789,
2022-05-12,1.0408,133.85,1.9558,N/A,24.925,7.4413,N/A,0.85293,382.2,N/A,N/A,N/A,4.668,N/A,4.947,10.5648,N/A,N/A,1.0377,139.7,10.2898,7.5235,N/A,N/A,16.0132,1.5163,5.4161,1.3569,7.0691,8.1702,15255.73,3.5981,80.667,1341.98,21.2531,4.5725,1.6692,54.589,1.4529,36.15,16.8806,
2022-05-11,1.0553,137.07,1.9558,N/A,25.365,7.4393,N/A,0.85393,379.13,N/A,N/A,N/A,4.6575,N/A,4.947,10.526,N/A,N/A,1.0446,139.3,10.1793,7.5365,N/A,N/A,16.1851,1.5055,5.3859,1.3685,7.0893,8.2839,15308.87,3.6148,81.4935,1343.99,21.387,4.6185,1.6645,54.992,1.4622,36.492,16.9275,
2022-05-10,1.0554,137.38,1.9558,N/A,25.014,7.4386,N/A,0.85595,380.15,N/A,N/A,N/A,4.6763,N/A,4.9458,10.6075,N/A,N/A,1.0479,139.5,10.2315,7.5385,N/A,N/A,16.0883,1.5162,5.4232,1.3707,7.0967,8.2847,15349.06,3.6587,81.5425,1346.56,21.4716,4.6248,1.6707,55.289,1.4667,36.448,17.005,
2022-05-09,1.0559,138.1,1.9558,N/A,25.055,7.4385,N/A,0.85235,383.23,N/A,N/A,N/A,4.6985,N/A,4.9467,10.5818,N/A,N/A,1.0462,139.5,10.0583,7.5335,N/A,N/A,15.8941,1.5048,5.4321,1.3656,7.0886,8.2887,15367.67,3.6239,81.7415,1345.48,21.4341,4.6285,1.6584,55.67,1.4676,36.497,17.1332,
2022-05-06,1.057,137.9,1.9558,N/A,24.665,7.44,N/A,0.85625,381.47,N/A,N/A,N/A,4.7028,N/A,4.949,10.4686,N/A,N/A,1.0419,138.3,9.9808,7.5336,N/A,N/A,15.8078,1.4888,5.3183,1.356,7.0506,8.2969,15312.44,3.5965,81.298,1343.9,21.3555,4.6191,1.644,55.467,1.4642,36.303,16.9614,
2022-05-05,1.0568,137.18,1.9558,N/A,24.606,7.4405,N/A,0.8519,378.65,N/A,N/A,N/A,4.6673,N/A,4.9485,10.3748,N/A,N/A,1.0355,138,9.8463,7.5398,N/A,N/A,15.7051,1.4669,5.2192,1.3483,6.9944,8.2948,15250.92,3.5916,80.6185,1330.89,21.2069,4.5955,1.6273,55.364,1.4561,36.026,16.5862,
2022-05-04,1.0531,136.84,1.9558,N/A,24.644,7.4409,N/A,0.84194,377.55,N/A,N/A,N/A,4.6875,N/A,4.947,10.3968,N/A,N/A,1.0324,137.2,9.9042,7.5499,N/A,N/A,15.5769,1.478,5.24,1.3498,6.9594,8.2655,15201.44,3.5487,80.4035,1331.45,21.2947,4.5847,1.6333,55.26,1.4559,36.137,16.6489,
2022-05-03,1.0556,137.06,1.9558,N/A,24.662,7.4403,N/A,0.8413,382.15,N/A,N/A,N/A,4.6925,N/A,4.9475,10.3978,N/A,N/A,1.0272,137.6,9.909,7.5555,N/A,N/A,15.6941,1.4825,5.3143,1.357,6.9759,8.2838,15288.47,3.5597,80.842,1335.64,21.5025,4.5956,1.6366,55.455,1.4605,36.387,16.8303,
2022-05-02,1.0524,136.63,1.9558,N/A,24.671,7.4391,N/A,0.8381,378.51,N/A,N/A,N/A,4.685,N/A,4.9478,10.4035,N/A,N/A,1.0253,137.2,9.9248,7.561,N/A,N/A,15.6697,1.4913,5.248,1.356,6.9548,8.2581,15293.41,3.5277,80.497,1333.71,21.4758,4.5816,1.6362,55.229,1.4585,36.208,16.7383,
2022-04-29,1.054,137.01,1.9558,N/A,24.605,7.4415,N/A,0.83908,378.71,N/A,N/A,N/A,4.678,N/A,4.9479,10.2958,N/A,N/A,1.0229,137.8,9.7525,7.5667,N/A,N/A,15.6385,1.4699,5.1608,1.3426,6.9441,8.2703,15301.52,3.4993,80.638,1326.71,21.4181,4.5886,1.6119,55.2,1.4545,36.026,16.6473,
2022-04-28,1.0485,137.13,1.9558,N/A,24.526,7.4421,N/A,0.8435,377.06,N/A,N/A,N/A,4.6891,N/A,4.9479,10.3594,N/A,N/A,1.0216,137.8,9.899,7.5703,N/A,N/A,15.5362,1.4814,5.2465,1.3498,6.9381,8.2267,15222.05,3.5096,80.367,1337.82,21.4531,4.5741,1.6221,54.845,1.4556,36.152,16.7472,
2022-04-27,1.0583,135.57,1.9558,N/A,24.55,7.441,N/A,0.84215,379.74,N/A,N/A,N/A,4.7043,N/A,4.948,10.4035,N/A,N/A,1.0229,138.2,9.7838,7.565,N/A,N/A,15.6857,1.4828,5.3045,1.3572,6.9377,8.3045,15259.86,3.5178,81.0705,1341.98,21.6259,4.6142,1.6118,55.195,1.4602,36.331,16.8406,
2022-04-26,1.0674,136.15,1.9558,N/A,24.423,7.4393,N/A,0.84135,374.46,N/A,N/A,N/A,4.6466,N/A,4.9458,10.3935,N/A,N/A,1.0229,138.4,9.7943,7.5625,N/A,N/A,15.7944,1.4828,5.249,1.3613,6.9837,8.3735,15365.76,3.5147,81.7265,1340.02,21.6538,4.6485,1.6102,55.681,1.4666,36.596,16.7787,
2022-04-25,1.0746,137.73,1.9558,N/A,24.418,7.4391,N/A,0.8433,374.08,N/A,N/A,N/A,4.6398,N/A,4.9455,10.3476,N/A,N/A,1.0267,139.2,9.7018,7.562,N/A,N/A,15.864,1.4972,5.1953,1.3709,7.0398,8.4325,15533.84,3.5306,82.321,1344.49,21.8989,4.6815,1.624,56.259,1.4757,36.542,16.8549,
2022-04-22,1.0817,138.83,1.9558,N/A,24.32,7.4402,N/A,0.83925,370.35,N/A,N/A,N/A,4.6336,N/A,4.9455,10.278,N/A,N/A,1.0336,139.8,9.6255,7.5625,N/A,N/A,15.9446,1.4816,5.0926,1.3714,7.0332,8.4859,15603.47,3.5288,82.6943,1344.04,22.0034,4.6784,1.6193,56.721,1.4784,36.724,16.8652,
2022-04-21,1.0887,139.61,1.9558,N/A,24.38,7.4403,N/A,0.83523,370.6,N/A,N/A,N/A,4.63,N/A,4.945,10.2553,N/A,N/A,1.0335,139,9.5788,7.5635,N/A,N/A,15.9983,1.4653,5.0324,1.36,7.0228,8.5406,15624.02,3.5153,82.965,1348.33,21.8836,4.6716,1.6053,57.081,1.482,36.891,16.5996,
2022-04-20,1.083,138.53,1.9558,N/A,24.409,7.4405,N/A,0.82965,371.36,N/A,N/A,N/A,4.6338,N/A,4.9436,10.23,N/A,N/A,1.0254,139.2,9.5443,7.561,N/A,N/A,15.8892,1.4581,5.0481,1.3579,6.9448,8.494,15537.05,3.4908,82.6348,1337.89,21.6392,4.6415,1.595,56.747,1.4779,36.567,16.3019,
2022-04-19,1.0803,138.4,1.9558,N/A,24.424,7.4391,N/A,0.82955,374.12,N/A,N/A,N/A,4.6553,N/A,4.9411,10.3408,N/A,N/A,1.0208,139.8,9.5228,7.562,N/A,N/A,15.8416,1.4663,5.0261,1.3631,6.9008,8.4698,15498.35,3.5038,82.6038,1339.46,21.4725,4.5961,1.6016,56.683,1.4763,36.466,16.0401,
2022-04-14,1.0878,136.32,1.9558,N/A,24.42,7.4389,N/A,0.82908,376.57,N/A,N/A,N/A,4.6478,N/A,4.9459,10.3008,N/A,N/A,1.0189,140.4,9.5313,7.5587,N/A,N/A,15.9046,1.4612,5.1226,1.3663,6.932,8.5298,15621.3,3.4896,82.814,1334.71,21.5941,4.603,1.5957,56.759,1.4732,36.615,15.9331,
2022-04-13,1.0826,136.26,1.9558,N/A,24.45,7.4377,N/A,0.8328,378.45,N/A,N/A,N/A,4.6453,N/A,4.9415,10.3323,N/A,N/A,1.0116,140.2,9.5693,7.5538,N/A,N/A,15.7992,1.4603,5.0449,1.37,6.8939,8.4867,15549.1,3.4782,82.478,1328.47,21.417,4.5799,1.5991,56.446,1.4769,36.305,15.682,
2022-04-12,1.0861,136.29,1.9558,N/A,24.45,7.4379,N/A,0.83455,377.78,N/A,N/A,N/A,4.6552,N/A,4.9417,10.332,N/A,N/A,1.0131,139.6,9.5395,7.5513,N/A,N/A,15.9548,1.4599,5.0944,1.3724,6.9199,8.5112,15609.66,3.4972,82.7285,1335.49,21.5616,4.5972,1.5874,56.574,1.4803,36.531,15.849,
2022-04-11,1.09,137.01,1.9558,N/A,24.429,7.4375,N/A,0.83693,378.27,N/A,N/A,N/A,4.6456,N/A,4.9397,10.3128,N/A,N/A,1.018,140,9.5478,7.5519,N/A,N/A,16.0485,1.4654,5.155,1.3738,6.9405,8.544,15658.28,3.501,82.7085,1345.23,21.8653,4.6112,1.5938,56.753,1.4874,36.613,15.9127,
2022-04-08,1.0861,134.87,1.9558,N/A,24.479,7.4372,N/A,0.83355,375.66,N/A,N/A,N/A,4.6437,N/A,4.9425,10.2768,N/A,N/A,1.0155,139.6,9.508,7.549,N/A,N/A,16.0237,1.4552,5.1583,1.3675,6.9115,8.5134,15601.96,3.501,82.389,1333.12,21.8729,4.585,1.5849,55.99,1.4801,36.488,15.9968,
2022-04-07,1.0916,135.32,1.9558,N/A,24.512,7.4378,N/A,0.8345,379.26,N/A,N/A,N/A,4.637,N/A,4.9419,10.313,N/A,N/A,1.0185,141,9.5595,7.5562,N/A,N/A,16.0929,1.4578,5.146,1.3704,6.9448,8.5554,15692.35,3.5259,82.951,1330.92,21.9806,4.6046,1.5816,56.114,1.4848,36.541,16.052,
2022-04-06,1.0923,135.3,1.9558,N/A,24.441,7.4378,N/A,0.83473,377.77,N/A,N/A,N/A,4.6328,N/A,4.9433,10.2855,N/A,N/A,1.0187,141.4,9.5523,7.547,N/A,N/A,16.0998,1.4431,5.0996,1.3647,6.9498,8.5617,15683.36,3.5199,82.8343,1330.44,21.8759,4.604,1.5718,56.167,1.4844,36.701,15.9934,
2022-04-05,1.0969,134.76,1.9558,N/A,24.338,7.4378,N/A,0.8349,370.93,N/A,N/A,N/A,4.6265,N/A,4.9438,10.2593,N/A,N/A,1.0141,141.6,9.5398,7.5399,N/A,N/A,16.15,1.4374,5.0384,1.3647,6.9783,8.5917,15732.77,3.5152,82.635,1330.81,21.7474,4.6185,1.5657,56.194,1.4867,36.697,15.9529,
2022-04-04,1.1005,135.08,1.9558,N/A,24.32,7.4385,N/A,0.8389,369.15,N/A,N/A,N/A,4.6375,N/A,4.9432,10.3849,N/A,N/A,1.0203,141.8,9.5489,7.5455,N/A,N/A,16.183,1.4651,5.1162,1.3749,7.0026,8.6226,15783.89,3.5312,83.118,1338.41,21.82,4.643,1.586,56.521,1.4938,36.894,16.0957,
2022-04-01,1.1052,135.35,1.9558,N/A,24.376,7.4388,N/A,0.84145,368.12,N/A,N/A,N/A,4.6401,N/A,4.9452,10.332,N/A,N/A,1.0217,142,9.6628,7.5675,N/A,N/A,16.2411,1.4696,5.2188,1.3805,7.0311,8.6596,15887.5,3.5315,83.9847,1345.61,21.9087,4.6534,1.5911,57.084,1.4985,36.941,16.1685,
2022-03-31,1.1101,135.17,1.9558,N/A,24.375,7.4379,N/A,0.84595,369.77,N/A,N/A,N/A,4.6531,N/A,4.9463,10.337,N/A,N/A,1.0267,142,9.711,7.574,N/A,N/A,16.2823,1.4829,5.3009,1.3896,7.0403,8.6918,15947,3.5243,84.134,1347.37,22.0903,4.6677,1.6014,57.514,1.5028,36.911,16.1727,
2022-03-30,1.1126,135.47,1.9558,N/A,24.45,7.4391,N/A,0.84563,368.13,N/A,N/A,N/A,4.6679,N/A,4.9477,10.3498,N/A,N/A,1.0309,142.2,9.6398,7.572,N/A,N/A,16.3296,1.4809,5.2808,1.3891,7.0666,8.7081,15957.24,3.5399,84.38,1346.97,22.1557,4.6779,1.5947,57.906,1.5064,37.144,16.1288,
2022-03-29,1.1085,136.66,1.9558,N/A,24.464,7.4388,N/A,0.8444,369.8,N/A,N/A,N/A,4.6594,N/A,4.9478,10.329,N/A,N/A,1.0362,142.2,9.5995,7.5815,N/A,N/A,16.3275,1.4795,5.2434,1.387,7.055,8.6767,15896.31,3.5505,83.9685,1345.62,22.1561,4.6707,1.6054,57.602,1.5051,37.29,16.1804,
2022-03-28,1.0966,135.93,1.9558,N/A,24.65,7.4393,N/A,0.83643,374.13,N/A,N/A,N/A,4.718,N/A,4.9483,10.4225,N/A,N/A,1.0257,142.8,9.5123,7.5735,N/A,N/A,16.275,1.459,5.2133,1.3702,6.9862,8.5861,15737.77,3.5313,83.4825,1342.49,21.9841,4.6238,1.5838,57.08,1.4921,37.027,15.9925,
2022-03-25,1.1002,134.07,1.9558,N/A,24.645,7.4404,N/A,0.8338,373.81,N/A,N/A,N/A,4.7307,N/A,4.9487,10.3505,N/A,N/A,1.0207,142.2,9.5205,7.5754,N/A,N/A,16.3304,1.4624,5.2634,1.3781,7.0007,8.6117,15777.69,3.5351,83.8235,1343.32,21.9908,4.6324,1.5787,57.322,1.4919,36.906,16.0386,
2022-03-24,1.0978,133.71,1.9558,N/A,24.72,7.4397,N/A,0.83288,374.44,N/A,N/A,N/A,4.7421,N/A,4.9489,10.3555,N/A,N/A,1.0225,141.2,9.4923,7.5745,N/A,N/A,16.2917,1.4668,5.3057,1.3806,6.9933,8.5897,15778.31,3.5461,83.879,1342.53,22.177,4.6396,1.5812,57.426,1.4912,36.837,16.1478,
2022-03-23,1.0985,132.65,1.9558,N/A,24.605,7.4381,N/A,0.8328,372.25,N/A,N/A,N/A,4.7052,N/A,4.9463,10.4005,N/A,N/A,1.0269,141.4,9.6425,7.571,N/A,N/A,16.3108,1.4728,5.3903,1.384,7.0003,8.5948,15792.11,3.5407,83.9675,1337.76,22.1978,4.6401,1.5822,57.565,1.4919,36.965,16.2501,
2022-03-22,1.1024,132.96,1.9558,N/A,24.679,7.4402,N/A,0.83228,371.23,N/A,N/A,N/A,4.6851,N/A,4.9463,10.3822,N/A,N/A,1.0275,142.7,9.6233,7.575,N/A,N/A,16.3432,1.4802,5.4105,1.3867,7.0137,8.6285,15808.01,3.5521,83.9145,1343.81,22.3667,4.6483,1.586,57.749,1.4957,36.881,16.343,
2022-03-21,1.1038,131.57,1.9558,N/A,24.683,7.4411,N/A,0.83775,374.48,N/A,N/A,N/A,4.696,N/A,4.947,10.4088,N/A,N/A,1.0278,142.7,9.6575,7.5733,N/A,N/A,16.3773,1.4897,5.502,1.3898,7.0152,8.6387,15826.61,3.5637,84.1835,1342.62,22.48,4.6415,1.5997,57.817,1.496,37.038,16.4543,
2022-03-18,1.1008,131.4,1.9558,N/A,24.837,7.4423,N/A,0.83925,375.33,N/A,N/A,N/A,4.7135,N/A,4.9483,10.4303,N/A,N/A,1.0314,142.9,9.694,7.5685,N/A,N/A,16.3054,1.4945,5.5784,1.3911,7.0031,8.6101,15782.11,3.5761,83.7825,1337.31,22.5905,4.6157,1.6026,57.622,1.4952,36.745,16.5347,
2022-03-17,1.1051,131.27,1.9558,N/A,24.777,7.4439,N/A,0.84315,372.05,N/A,N/A,N/A,4.6889,N/A,4.9465,10.4503,N/A,N/A,1.0385,142.1,9.78,7.573,N/A,N/A,16.3123,1.5055,5.6339,1.3998,7.0176,8.6391,15835.97,3.5777,83.8435,1340.02,22.788,4.6364,1.613,57.69,1.498,36.767,16.5286,
2022-03-16,1.0994,130.05,1.9558,N/A,24.687,7.4412,N/A,0.83988,371.18,N/A,N/A,N/A,4.6765,N/A,4.9473,10.4205,N/A,N/A,1.0336,143.5,9.7988,7.5725,N/A,N/A,16.1783,1.5165,5.6523,1.3967,6.9817,8.5996,15690.36,3.5872,83.7805,1353.77,22.854,4.6147,1.6168,57.433,1.4966,36.681,16.5574,
2022-03-15,1.0991,129.67,1.9558,N/A,24.867,7.441,N/A,0.84053,371.41,N/A,N/A,N/A,4.7355,N/A,4.9482,10.526,N/A,N/A,1.0322,144.9,9.849,7.575,N/A,N/A,16.0968,1.5234,5.6385,1.4099,7.0117,8.6026,15710.44,3.6088,83.9555,1366.05,22.9352,4.6239,1.6216,57.536,1.4993,36.842,16.6249,
2022-03-14,1.096,129.3,1.9558,N/A,24.89,7.4405,N/A,0.83915,373.88,N/A,N/A,N/A,4.7218,N/A,4.949,10.5368,N/A,N/A,1.0249,145.1,9.8588,7.5745,N/A,N/A,16.2,1.5137,5.5286,1.3978,6.9738,8.5815,15678.53,3.586,83.931,1357.77,22.8311,4.6087,1.613,57.398,1.4947,36.59,16.5029,
2022-03-11,1.099,128.46,1.9558,N/A,25.213,7.4402,N/A,0.8397,380.92,N/A,N/A,N/A,4.782,N/A,4.949,10.646,N/A,N/A,1.023,144.9,9.8033,7.5713,N/A,N/A,16.2554,1.5017,5.5077,1.4024,6.9633,8.6007,15696.64,3.5683,83.9875,1354.04,22.9524,4.6098,1.6053,57.461,1.4949,36.542,16.4896,
2022-03-10,1.1084,128.54,1.9558,N/A,25.316,7.4401,N/A,0.84175,381.63,N/A,N/A,N/A,4.8239,N/A,4.9491,10.7073,N/A,N/A,1.027,145.5,9.919,7.5665,N/A,N/A,16.574,1.5109,5.5958,1.4189,7.0063,8.6688,15824.95,3.6219,84.607,1360.48,23.3153,4.6414,1.6185,57.825,1.5058,36.71,16.7264,
2022-03-09,1.0993,127.31,1.9558,N/A,25.364,7.444,N/A,0.8357,379.66,N/A,N/A,N/A,4.8196,N/A,4.9485,10.734,N/A,N/A,1.0198,145.3,9.798,7.5625,N/A,N/A,16.1323,1.4991,5.5201,1.4108,6.9454,8.5974,15710.06,3.5978,84.2025,1357.08,23.2145,4.6028,1.6055,57.259,1.4966,36.326,16.656,
2022-03-08,1.0892,126.03,1.9558,N/A,25.642,7.4441,N/A,0.83185,388.28,N/A,N/A,N/A,4.9103,N/A,4.9494,10.8803,N/A,N/A,1.0111,145.9,9.7925,7.5715,N/A,N/A,15.8183,1.4971,5.5346,1.3978,6.8805,8.5183,15639.76,3.6022,83.924,1344.71,23.2866,4.5556,1.5958,56.9,1.4856,36.156,16.7051,
2022-03-07,1.0895,125.55,1.9558,N/A,25.584,7.4406,N/A,0.82625,393.25,N/A,N/A,N/A,4.9525,N/A,4.9494,10.8573,N/A,N/A,1.0069,145.8,9.8325,7.56,N/A,N/A,15.6577,1.4751,5.5065,1.3864,6.8846,8.5154,15685.76,3.5653,83.8125,1338.45,23.0249,4.5426,1.5861,56.832,1.4831,35.866,16.6951,
2022-03-04,1.0929,126.17,1.9558,N/A,25.737,7.4394,N/A,0.82388,386.54,N/A,N/A,N/A,4.853,N/A,4.9495,10.7935,N/A,N/A,1.0056,144.2,9.8358,7.5584,N/A,N/A,15.5681,1.4872,5.5313,1.3937,6.9065,8.5411,15725.3,3.5603,83.4354,1332.23,22.7543,4.5661,1.6005,56.814,1.4872,35.776,16.8044,
2022-03-03,1.1076,128.18,1.9558,N/A,25.634,7.4399,N/A,0.82773,378.64,N/A,N/A,N/A,4.7691,N/A,4.9496,10.7688,N/A,N/A,1.0192,143.4,9.8418,7.57,N/A,N/A,15.6897,1.5139,5.6041,1.3992,6.9996,8.6547,15934.42,3.5872,84.174,1334.2,22.8945,4.637,1.6329,57.293,1.5042,36.063,16.8798,
2022-03-02,1.1106,128.08,1.9558,N/A,25.866,7.4387,N/A,0.83316,382.31,N/A,N/A,N/A,4.8021,N/A,4.9493,10.788,N/A,N/A,1.0216,143,9.8826,7.574,N/A,N/A,15.628,1.5272,5.7313,1.4088,7.0153,8.6785,15980.03,3.5954,84.1765,1338.99,22.999,4.6595,1.6404,57.206,1.5059,36.339,17.1904,
2022-03-01,1.1162,128.15,1.9558,N/A,25.465,7.4377,N/A,0.8329,379.6,N/A,N/A,N/A,4.7947,N/A,4.949,10.6893,N/A,N/A,1.0247,142,9.8598,7.567,117.201,N/A,15.5509,1.5365,5.7598,1.4158,7.0462,8.7234,16033.36,3.6152,84.5015,1342.6,22.8558,4.6802,1.6484,57.295,1.515,36.505,17.2145,
2022-02-28,1.1199,129.31,1.9558,N/A,24.997,7.4404,N/A,0.8355,369.72,N/A,N/A,N/A,4.6835,N/A,4.9484,10.6055,N/A,N/A,1.0336,141.8,9.9465,7.5655,115.4842,N/A,15.4532,1.5508,5.7828,1.4264,7.067,8.7514,16100.72,3.63,84.554,1347.62,22.9011,4.7019,1.6628,57.432,1.5201,36.593,17.2863,
2022-02-25,1.1216,129.64,1.9558,N/A,24.66,7.4418,N/A,0.8374,365.28,N/A,N/A,N/A,4.6369,N/A,4.9479,10.5848,N/A,N/A,1.0398,140.8,9.9756,7.5535,92.5673,N/A,15.4799,1.5541,5.738,1.4325,7.0828,8.7578,16088.71,3.6389,84.347,1346.44,22.9145,4.7107,1.6651,57.549,1.5176,36.441,17.0315,
2022-02-24,1.1163,128.28,1.9558,N/A,25.09,7.4405,N/A,0.83463,368.63,N/A,N/A,N/A,4.6554,N/A,4.9501,10.7338,N/A,N/A,1.032,142,10.0878,7.552,95.7175,N/A,16.0525,1.5593,5.6874,1.4316,7.0601,8.7178,16074,3.6618,84.296,1347.7,22.9355,4.6896,1.6692,57.45,1.5125,36.514,17.1634,
2022-02-23,1.1344,130.58,1.9558,N/A,24.473,7.4388,N/A,0.83463,357.25,N/A,N/A,N/A,4.5481,N/A,4.9468,10.5658,N/A,N/A,1.0431,141.2,10.0335,7.5362,90.8791,N/A,15.6871,1.5592,5.6808,1.4394,7.1669,8.8529,16270.12,3.6515,84.6135,1350.23,22.9079,4.748,1.6679,57.98,1.5253,36.601,17.0508,
2022-02-22,1.1342,130.54,1.9558,N/A,24.496,7.4392,N/A,0.83685,355.89,N/A,N/A,N/A,4.5447,N/A,4.9464,10.5996,N/A,N/A,1.0422,141.2,10.1018,7.537,89.8055,N/A,15.6959,1.5739,5.7677,1.4441,7.1771,8.8495,16293.92,3.6584,84.758,1353.34,23.033,4.7472,1.6848,58.208,1.5268,36.748,17.1768,
2022-02-21,1.1338,130.2,1.9558,N/A,24.345,7.4397,N/A,0.83298,357.54,N/A,N/A,N/A,4.5351,N/A,4.9448,10.6535,N/A,N/A,1.0387,141.4,10.1738,7.536,89.0866,N/A,15.4689,1.5751,5.8045,1.4454,7.1831,8.8443,16276.34,3.6433,84.677,1353.02,22.9951,4.7387,1.687,58.3,1.5265,36.588,17.1895,
2022-02-18,1.1354,130.59,1.9558,N/A,24.337,7.4382,N/A,0.83425,356.37,N/A,N/A,N/A,4.5201,N/A,4.9453,10.5796,N/A,N/A,1.0452,140.8,10.1465,7.5355,86.2815,N/A,15.4678,1.5754,5.8435,1.4424,7.184,8.8566,16304.49,3.6276,84.6525,1356.45,23.027,4.7528,1.6896,58.403,1.5255,36.435,17.0858,
2022-02-17,1.137,130.84,1.9558,N/A,24.383,7.4398,N/A,0.83493,356.08,N/A,N/A,N/A,4.5065,N/A,4.9432,10.593,N/A,N/A,1.0466,141.6,10.1225,7.533,86.388,N/A,15.4945,1.5786,5.8495,1.4439,7.206,8.8692,16291.53,3.6231,85.2935,1360.7,23.0367,4.7612,1.695,58.314,1.5278,36.537,16.9893,
2022-02-16,1.1372,131.56,1.9558,N/A,24.365,7.441,N/A,0.8394,355.65,N/A,N/A,N/A,4.4961,N/A,4.9436,10.5363,N/A,N/A,1.0516,141.4,10.1095,7.5295,85.3679,N/A,15.481,1.5859,5.8765,1.4416,7.2101,8.8712,16232.55,3.6256,85.3885,1361.31,23.1718,4.7595,1.7108,58.346,1.5291,36.771,17.214,
2022-02-15,1.1345,131.18,1.9558,N/A,24.419,7.4422,N/A,0.83765,355.33,N/A,N/A,N/A,4.5036,N/A,4.941,10.5739,N/A,N/A,1.0483,141.2,10.0893,7.529,85.5025,N/A,15.4716,1.5888,5.8977,1.4433,7.1969,8.8527,16187.89,3.6596,85.443,1357.5,23.1113,4.7493,1.7143,58.144,1.5265,36.724,17.1767,
2022-02-14,1.1316,130.6,1.9558,N/A,24.527,7.4411,N/A,0.8372,357.06,N/A,N/A,N/A,4.54,N/A,4.9457,10.6158,N/A,N/A,1.0472,142.6,10.0693,7.5293,86.348,N/A,15.351,1.5902,5.8965,1.4431,7.1937,8.8283,16190.53,3.6835,85.4715,1354.5,23.1331,4.742,1.7112,58.114,1.5247,36.8,17.131,
2022-02-11,1.1417,132.24,1.9558,N/A,24.405,7.44,N/A,0.83958,353.38,N/A,N/A,N/A,4.5204,N/A,4.9458,10.553,N/A,N/A,1.0557,141.8,10.0732,7.5312,85.855,N/A,15.4066,1.5927,5.9263,1.4498,7.2564,8.9054,16339.46,3.6958,85.8535,1363.68,23.3183,4.7832,1.7085,58.482,1.5339,37.282,17.2736,
2022-02-10,1.1439,132.42,1.9558,N/A,24.35,7.4404,N/A,0.84248,354.02,N/A,N/A,N/A,4.4921,N/A,4.9451,10.5275,N/A,N/A,1.0571,141.8,10.0693,7.5275,85.0187,N/A,15.4838,1.5894,5.9668,1.4498,7.2722,8.9142,16390.21,3.6796,85.9373,1367.52,23.3584,4.7855,1.7076,58.583,1.5345,37.331,17.3078,
2022-02-09,1.1435,132.04,1.9558,N/A,24.288,7.4437,N/A,0.84255,352.94,N/A,N/A,N/A,4.5135,N/A,4.9449,10.4075,N/A,N/A,1.0555,142.2,10.0585,7.5285,85.5289,N/A,15.551,1.5933,6.0198,1.4514,7.2759,8.9106,16390.99,3.6817,85.5765,1365.72,23.4719,4.7853,1.7107,58.603,1.5349,37.404,17.5281,
2022-02-08,1.1408,131.68,1.9558,N/A,24.259,7.4437,N/A,0.84363,353.09,N/A,N/A,N/A,4.5312,N/A,4.945,10.4433,N/A,N/A,1.0545,142.4,10.0758,7.5215,85.7797,N/A,15.5558,1.6025,6.0209,1.4505,7.2636,8.8923,16418.4,3.6753,85.2545,1367.88,23.5601,4.774,1.7196,58.715,1.5349,37.606,17.638,
2022-02-07,1.1447,131.59,1.9558,N/A,24.222,7.4443,N/A,0.84685,353.48,N/A,N/A,N/A,4.5432,N/A,4.9461,10.4483,N/A,N/A,1.0571,143.4,10.0658,7.52,86.5824,N/A,15.5235,1.6097,6.0541,1.4546,7.2807,8.9202,16478.97,3.6547,85.5345,1371.76,23.575,4.7909,1.7278,58.978,1.5389,37.735,17.7,
2022-02-04,1.1464,131.72,1.9558,N/A,24.36,7.4432,N/A,0.84593,352.92,N/A,N/A,N/A,4.5474,N/A,4.9466,10.4465,N/A,N/A,1.0567,142.8,10.0483,7.5275,87.3095,N/A,15.5072,1.6165,6.083,1.4583,7.2923,8.9286,16493.16,3.6741,85.6445,1374.04,23.5856,4.7914,1.7287,58.754,1.5419,37.797,17.5875,
2022-02-03,1.1286,129.63,1.9558,N/A,24.135,7.4388,N/A,0.83208,353.94,N/A,N/A,N/A,4.5315,N/A,4.9461,10.387,N/A,N/A,1.0407,142.4,9.9545,7.5295,86.1788,N/A,15.3047,1.5849,5.9843,1.4334,7.1795,8.7966,16243.28,3.5949,84.518,1358.42,23.2359,4.7215,1.7001,57.608,1.5212,37.424,17.2864,
2022-02-02,1.1323,129.37,1.9558,N/A,24.298,7.4383,N/A,0.83395,354.45,N/A,N/A,N/A,4.5449,N/A,4.9463,10.385,N/A,N/A,1.0399,143.2,9.9228,7.526,85.815,N/A,15.3011,1.5828,5.9677,1.433,7.2026,8.8245,16243.98,3.5777,84.613,1359.23,23.2134,4.7392,1.701,57.785,1.5254,37.575,17.3459,
2022-02-01,1.126,129.12,1.9558,N/A,24.335,7.4407,N/A,0.83498,356.38,N/A,N/A,N/A,4.5804,N/A,4.9465,10.4438,N/A,N/A,1.0374,143.8,9.9638,7.5275,86.3238,N/A,15.0644,1.5868,5.9572,1.4299,7.1625,8.7779,16126.29,3.566,84.197,1353.61,23.1296,4.7129,1.7032,57.516,1.5199,37.378,17.1633,
2022-01-31,1.1156,128.79,1.9558,N/A,24.372,7.4419,N/A,0.83153,357.19,N/A,N/A,N/A,4.5892,N/A,4.9475,10.489,N/A,N/A,1.0404,143.2,10.0085,7.5293,86.7251,N/A,14.931,1.582,6.003,1.4233,7.0963,8.6994,16036.76,3.564,83.3655,1349.08,23.1856,4.6693,1.6983,56.985,1.511,37.144,17.3734,
2022-01-28,1.1138,128.68,1.9558,N/A,24.443,7.4432,N/A,0.83178,358.42,N/A,N/A,N/A,4.5755,N/A,4.9463,10.552,N/A,N/A,1.0378,144,10.026,7.529,86.6113,N/A,15.1424,1.5971,6.0147,1.4239,7.0857,8.681,16047.76,3.5697,83.6015,1349.47,23.1854,4.6668,1.7031,57.028,1.5109,37.229,17.3844,
2022-01-27,1.116,128.74,1.9558,N/A,24.427,7.4428,N/A,0.83368,358.09,N/A,N/A,N/A,4.5592,N/A,4.9466,10.445,N/A,N/A,1.0391,145.2,9.9903,7.5328,87.139,N/A,15.1946,1.5771,6.0159,1.4161,7.1061,8.6951,16052.42,3.5695,83.7893,1344.5,23.143,4.6844,1.6872,57.295,1.5089,37.124,17.1112,
2022-01-26,1.1277,128.86,1.9558,N/A,24.531,7.442,N/A,0.83458,359.67,N/A,N/A,N/A,4.5864,N/A,4.9451,10.4493,N/A,N/A,1.0386,145.6,10.0115,7.529,89.265,N/A,15.2877,1.5727,6.1084,1.4173,7.1293,8.7791,16185.31,3.5834,84.4288,1350.03,23.1845,4.7268,1.6865,57.728,1.5162,37.169,17.0858,
2022-01-25,1.1268,128.49,1.9558,N/A,24.5,7.4437,N/A,0.83713,359.44,N/A,N/A,N/A,4.5751,N/A,4.9448,10.502,N/A,N/A,1.0364,146,10.1385,7.5295,88.7384,N/A,15.2723,1.5814,6.2049,1.4247,7.1325,8.7725,16169.54,3.5898,84.277,1350.71,23.2909,4.7213,1.6911,57.753,1.5157,37.28,17.2669,
2022-01-24,1.1304,128.62,1.9558,N/A,24.528,7.4431,N/A,0.83803,359.84,N/A,N/A,N/A,4.5572,N/A,4.9453,10.5038,N/A,N/A,1.0308,145.6,10.1638,7.529,88.649,N/A,15.1621,1.5866,6.1901,1.4269,7.1533,8.8003,16213.69,3.5846,84.3495,1352.41,23.2566,4.7352,1.6901,58.045,1.5216,37.382,17.2509,
2022-01-21,1.1348,129.14,1.9558,N/A,24.347,7.4431,N/A,0.83633,358.19,N/A,N/A,N/A,4.5318,N/A,4.9453,10.414,N/A,N/A,1.0353,145.6,10.0523,7.528,86.838,N/A,15.223,1.5774,6.2063,1.4211,7.1946,8.837,16244.2,3.5668,84.419,1351.89,23.2229,4.7508,1.6884,58.171,1.526,37.358,17.1546,
2022-01-20,1.1338,129.53,1.9558,N/A,24.263,7.4424,N/A,0.83265,355.81,N/A,N/A,N/A,4.5228,N/A,4.9453,10.3708,N/A,N/A,1.0382,145.4,9.9578,7.525,86.8952,N/A,15.2094,1.5662,6.1621,1.4158,7.1936,8.8274,16267.5,3.5564,84.362,1349.16,23.1684,4.7489,1.6731,58.285,1.5261,37.319,17.2531,
2022-01-19,1.1345,129.86,1.9558,N/A,24.313,7.4419,N/A,0.83168,355.88,N/A,N/A,N/A,4.5229,N/A,4.9449,10.3428,N/A,N/A,1.0383,145.2,9.9368,7.5238,86.48,N/A,15.4207,1.5709,6.2657,1.4144,7.2003,8.8392,16283.78,3.5529,84.4135,1347.1,23.0922,4.757,1.6684,58.429,1.5293,37.467,17.3889,
2022-01-18,1.1367,130.39,1.9558,N/A,24.426,7.4425,N/A,0.83673,357,N/A,N/A,N/A,4.526,N/A,4.9449,10.3185,N/A,N/A,1.0414,146,9.9638,7.5225,86.7325,N/A,15.4447,1.5833,6.2797,1.4228,7.2212,8.8576,16318.64,3.5557,84.813,1355.33,23.1443,4.7554,1.6798,58.553,1.5349,37.635,17.5398,
2022-01-17,1.1403,130.64,1.9558,N/A,24.467,7.4417,N/A,0.83573,356.09,N/A,N/A,N/A,4.5256,N/A,4.9443,10.305,N/A,N/A,1.0429,146.8,9.9623,7.5275,87.3907,N/A,15.2757,1.5811,6.2808,1.4287,7.2402,8.8844,16337.73,3.5479,84.7295,1359.89,23.1901,4.7704,1.6765,58.496,1.5374,37.761,17.601,
2022-01-14,1.1447,130.17,1.9558,N/A,24.493,7.4414,N/A,0.83508,356.1,N/A,N/A,N/A,4.5414,N/A,4.9429,10.2684,N/A,N/A,1.0429,147,9.9863,7.5205,88.0011,N/A,15.5256,1.5803,6.3361,1.433,7.2728,8.9119,16388.85,3.5565,84.9445,1361.27,23.2684,4.7831,1.6745,58.727,1.5418,38.033,17.6043,
2022-01-13,1.1463,130.98,1.9558,N/A,24.458,7.4409,N/A,0.83545,355.24,N/A,N/A,N/A,4.5361,N/A,4.944,10.238,N/A,N/A,1.0453,147,9.9333,7.5202,86.603,N/A,15.5744,1.5709,6.3518,1.4304,7.2913,8.9289,16379.02,3.5638,84.717,1359.24,23.3894,4.7875,1.6676,58.572,1.5427,38.08,17.6381,
2022-01-12,1.137,131.19,1.9558,N/A,24.423,7.4414,N/A,0.83338,355.98,N/A,N/A,N/A,4.5359,N/A,4.9453,10.264,N/A,N/A,1.0486,147,9.927,7.524,84.7559,N/A,15.5922,1.5762,6.3458,1.4261,7.2379,8.863,16295.93,3.5406,84.0285,1353.27,23.1852,4.7595,1.6775,58.08,1.5358,37.936,17.5645,
2022-01-11,1.1336,130.95,1.9558,N/A,24.412,7.4404,N/A,0.83475,357.45,N/A,N/A,N/A,4.5438,N/A,4.945,10.3075,N/A,N/A,1.0502,147,10.0165,7.5236,84.8663,N/A,15.696,1.5804,6.389,1.4329,7.2255,8.8384,16221.39,3.549,83.7481,1352.85,23.0888,4.7515,1.6772,57.979,1.5342,37.862,17.7094,
2022-01-10,1.1318,130.45,1.9558,N/A,24.357,7.4381,N/A,0.83398,358.4,N/A,N/A,N/A,4.5334,N/A,4.9449,10.3038,N/A,N/A,1.0446,146.2,10.0253,7.5278,84.9825,N/A,15.7183,1.5774,6.3969,1.4327,7.2128,8.8233,16181.9,3.5303,83.8,1355.68,23.0597,4.7536,1.6753,58.141,1.5344,38.074,17.6999,
2022-01-07,1.1298,130.9,1.9558,N/A,24.439,7.438,N/A,0.8343,358.68,N/A,N/A,N/A,4.5496,N/A,4.9451,10.2839,N/A,N/A,1.0422,146,10.0288,7.5214,85.298,N/A,15.7206,1.5804,6.4343,1.4374,7.206,8.8133,16188.43,3.5135,83.978,1359.96,23.1109,4.7553,1.6748,58.046,1.5356,38.074,17.6701,
2022-01-06,1.1315,131.05,1.9558,N/A,24.528,7.4393,N/A,0.83593,359.84,N/A,N/A,N/A,4.5614,N/A,4.9435,10.3265,N/A,N/A,1.0395,146.8,10.035,7.5197,86.5088,N/A,15.5504,1.5778,6.442,1.4451,7.2187,8.8272,16291.88,3.5247,84.2475,1362.06,23.2549,4.767,1.6752,57.943,1.5388,37.962,17.7932,
2022-01-05,1.1319,131.03,1.9558,N/A,24.581,7.4384,N/A,0.83546,362.15,N/A,N/A,N/A,4.5666,N/A,4.946,10.2545,N/A,N/A,1.0364,146.8,9.9672,7.519,85.7275,N/A,15.2446,1.56,6.4146,1.4399,7.2087,8.8227,16263.02,3.4989,84.161,1354.61,23.1422,4.7466,1.6597,57.713,1.534,37.607,17.9369,
2022-01-04,1.1279,131.17,1.9558,N/A,24.745,7.4378,N/A,0.83618,365.12,N/A,N/A,N/A,4.5667,N/A,4.9481,10.2808,N/A,N/A,1.0355,147.8,10.0138,7.5185,84.9202,N/A,15.1384,1.5682,6.4174,1.4382,7.1924,8.7919,16199.73,3.4909,84.2055,1352.91,23.1808,4.7214,1.6668,57.988,1.531,37.582,18.108,
2022-01-03,1.1355,130.56,1.9558,N/A,24.818,7.4382,N/A,0.84135,367.71,N/A,N/A,N/A,4.5895,N/A,4.9483,10.2958,N/A,N/A,1.0372,147.6,10.0013,7.519,84.5313,N/A,15.0777,1.5691,6.3539,1.442,7.2174,8.8541,16202.02,3.5139,84.3949,1354.4,23.2259,4.7379,1.6651,58.051,1.5333,37.665,17.9661,
2021-12-31,1.1326,130.38,1.9558,N/A,24.858,7.4364,N/A,0.84028,369.19,N/A,N/A,N/A,4.5969,N/A,4.949,10.2503,N/A,N/A,1.0331,147.6,9.9888,7.5156,85.3004,N/A,15.2335,1.5615,6.3101,1.4393,7.1947,8.8333,16100.42,3.5159,84.2292,1346.38,23.1438,4.7184,1.6579,57.763,1.5279,37.653,18.0625,
2021-12-30,1.1334,130.44,1.9558,N/A,24.917,7.4365,N/A,0.8393,370.15,N/A,N/A,N/A,4.596,N/A,4.9494,10.2438,N/A,N/A,1.0363,147.6,9.9703,7.5211,84.8888,N/A,14.7184,1.5594,6.3734,1.4481,7.223,8.8399,16163.41,3.5204,84.2575,1347.56,23.2431,4.7336,1.6545,57.849,1.533,37.867,18.0173,
2021-12-29,1.1303,129.97,1.9558,N/A,24.958,7.4365,N/A,0.84115,370.22,N/A,N/A,N/A,4.6037,N/A,4.9499,10.2608,N/A,N/A,1.038,147.4,9.9883,7.52,83.5863,N/A,14.1525,1.5638,6.3824,1.4486,7.1994,8.8127,16112.32,3.5179,84.388,1341.06,23.2544,4.7269,1.6625,57.592,1.5309,37.888,17.9471,
2021-12-28,1.1331,130.16,1.9558,N/A,24.98,7.4362,N/A,0.84248,369.08,N/A,N/A,N/A,4.6063,N/A,4.95,10.2528,N/A,N/A,1.0381,147.4,9.9728,7.5175,83.4446,N/A,13.3521,1.5603,6.3981,1.4487,7.2159,8.838,16126.51,3.5223,84.6335,1345.14,23.4003,4.7369,1.6602,57.288,1.5335,37.948,17.8113,
2021-12-27,1.1312,129.79,1.9558,N/A,25.139,7.4362,N/A,0.8433,370.22,N/A,N/A,N/A,4.605,N/A,4.9498,10.325,N/A,N/A,1.0396,147.4,10.0405,7.5025,83.2088,N/A,12.8099,1.5685,6.4157,1.4529,7.2087,8.8246,16081.55,3.5465,84.8105,1343.6,23.3216,4.7318,1.666,56.83,1.5354,37.963,17.5609,
2021-12-24,1.1317,129.45,1.9558,N/A,25.014,7.436,N/A,0.84389,370.82,N/A,N/A,N/A,4.619,N/A,4.9498,10.33,N/A,N/A,1.0402,147.2,10.0043,7.5108,83.2027,N/A,13.2402,1.5645,6.4229,1.4502,7.2064,8.8255,16056.5,3.5735,84.885,1343.18,23.3103,4.748,1.6589,56.592,1.5343,37.833,17.5821,
2021-12-23,1.131,129.39,1.9558,N/A,25.088,7.4362,N/A,0.84228,369.84,N/A,N/A,N/A,4.628,N/A,4.9495,10.3035,N/A,N/A,1.0413,147,10.0113,7.5165,83.2366,N/A,12.6525,1.5639,6.4015,1.451,7.2056,8.8215,16041.87,3.5663,85.0775,1343.29,23.409,4.7502,1.6609,56.633,1.5379,37.934,17.7769,
2021-12-22,1.1301,129.08,1.9558,N/A,25.24,7.4362,N/A,0.849,368.54,N/A,N/A,N/A,4.632,N/A,4.9503,10.2906,N/A,N/A,1.0432,146.8,10.0613,7.5208,83.4396,N/A,14.0719,1.5758,6.4616,1.4589,7.1999,8.8155,16102.79,3.5775,85.407,1346.25,23.47,4.7617,1.6674,56.772,1.5422,38.13,17.9668,
2021-12-21,1.1295,128.44,1.9558,N/A,25.24,7.4362,N/A,0.8528,368,N/A,N/A,N/A,4.6375,N/A,4.95,10.3315,N/A,N/A,1.0417,146.8,10.1488,7.5215,83.5985,N/A,14.7132,1.584,6.4573,1.4599,7.1965,8.8111,16135.51,3.577,85.3648,1345.39,23.4677,4.754,1.6726,56.389,1.5414,38.019,17.9025,
2021-12-20,1.1273,127.98,1.9558,N/A,25.234,7.4363,N/A,0.85205,366.69,N/A,N/A,N/A,4.6337,N/A,4.9486,10.301,N/A,N/A,1.0408,146.6,10.1915,7.515,83.59,N/A,20.0434,1.5855,6.4219,1.4569,7.1882,8.7943,16244.16,3.5608,85.5025,1343.4,23.4407,4.7645,1.6778,56.256,1.5415,37.889,17.8271,
2021-12-17,1.133,128.28,1.9558,N/A,25.255,7.4364,N/A,0.85208,367.57,N/A,N/A,N/A,4.6336,N/A,4.9501,10.2753,N/A,N/A,1.0409,146.2,10.1783,7.5223,83.6856,N/A,19.1155,1.5815,6.4648,1.4527,7.2234,8.8388,16268.73,3.5495,86.064,1342.76,23.5473,4.7807,1.6738,56.621,1.5459,37.706,17.928,
2021-12-16,1.1336,129.37,1.9558,N/A,25.282,7.4362,N/A,0.84835,369.24,N/A,N/A,N/A,4.6278,N/A,4.9498,10.2465,N/A,N/A,1.0457,146.8,10.1458,7.5171,83.286,N/A,17.5824,1.5714,6.4378,1.4484,7.2183,8.8432,16265.88,3.5248,86.4005,1341.38,23.7706,4.7685,1.661,56.681,1.5455,37.919,18.1121,
2021-12-15,1.1262,128.25,1.9558,N/A,25.271,7.4362,N/A,0.8498,369.09,N/A,N/A,N/A,4.6272,N/A,4.9493,10.2565,N/A,N/A,1.0416,146.8,10.2278,7.5208,83.0838,N/A,16.5612,1.5763,6.4354,1.4496,7.1691,8.7861,16165.75,3.535,86.0345,1335.4,23.8856,4.7638,1.6689,56.574,1.5405,37.615,18.1976,
2021-12-14,1.1309,128.45,1.9558,N/A,25.334,7.4362,N/A,0.85345,366.85,N/A,N/A,N/A,4.63,N/A,4.9494,10.281,N/A,N/A,1.0404,147.4,10.2475,7.5213,83.1963,N/A,16.2092,1.5866,6.3723,1.449,7.1956,8.8227,16179.72,3.5242,85.879,1338.31,23.7839,4.786,1.6723,56.882,1.5469,37.716,18.1219,
2021-12-13,1.1278,128.19,1.9558,N/A,25.401,7.4362,N/A,0.85158,367.07,N/A,N/A,N/A,4.6221,N/A,4.9494,10.231,N/A,N/A,1.0418,148,10.1598,7.521,82.8238,N/A,16.0525,1.5795,6.319,1.4388,7.1777,8.7967,16155.54,3.504,85.4225,1333.6,23.5354,4.7678,1.6651,56.731,1.542,37.612,17.9694,
2021-12-10,1.1273,128.2,1.9558,N/A,25.365,7.4362,N/A,0.85355,365.58,N/A,N/A,N/A,4.6123,N/A,4.9494,10.2463,N/A,N/A,1.0424,147.8,10.1335,7.525,82.8024,N/A,15.6908,1.5765,6.2923,1.434,7.1814,8.7918,16202.7,3.4931,85.3105,1331.35,23.6094,4.7488,1.6635,56.746,1.5396,37.945,18.0414,
2021-12-09,1.1311,128.21,1.9558,N/A,25.434,7.4362,N/A,0.8574,365.81,N/A,N/A,N/A,4.6045,N/A,4.9493,10.257,N/A,N/A,1.0446,147.4,10.155,7.5305,83.2976,N/A,15.6175,1.584,6.2718,1.4363,7.2114,8.8186,16265.76,3.513,85.5075,1331.42,23.8011,4.7693,1.6672,57.045,1.5446,37.96,18.019,
2021-12-08,1.1299,128.57,1.9558,N/A,25.475,7.4362,N/A,0.85603,368.13,N/A,N/A,N/A,4.5962,N/A,4.9488,10.2513,N/A,N/A,1.0432,147.4,10.096,7.525,83.3019,N/A,15.4796,1.5841,6.335,1.4281,7.1726,8.8088,16205.54,3.5176,85.2345,1328.25,23.6365,4.7733,1.6659,56.784,1.5415,37.829,17.8168,
2021-12-07,1.1256,127.83,1.9558,N/A,25.465,7.4363,N/A,0.84933,365.88,N/A,N/A,N/A,4.5942,N/A,4.9488,10.2573,N/A,N/A,1.0414,147.4,10.19,7.5205,83.7755,N/A,15.369,1.5836,6.3327,1.4258,7.1671,8.7753,16175.52,3.5495,84.878,1325.5,23.8972,4.7635,1.6607,56.772,1.538,37.91,17.9612,
2021-12-06,1.1287,127.78,1.9558,N/A,25.421,7.4362,N/A,0.85128,364.43,N/A,N/A,N/A,4.5924,N/A,4.9462,10.2688,N/A,N/A,1.0416,147.2,10.2943,7.5265,83.3889,N/A,15.5642,1.6034,6.416,1.4437,7.1986,8.8053,16306.04,3.5726,85.119,1333.81,23.9694,4.7817,1.6703,56.915,1.5456,38.252,18.0231,
2021-12-03,1.1291,127.97,1.9558,N/A,25.415,7.4362,N/A,0.85048,363.86,N/A,N/A,N/A,4.5923,N/A,4.9493,10.3185,N/A,N/A,1.0387,146.8,10.2875,7.5273,83.0225,N/A,15.6131,1.5999,6.3687,1.4471,7.1935,8.8006,16288.18,3.5655,84.8455,1334.04,23.9841,4.7772,1.6634,57.048,1.5466,38.254,17.9509,
2021-12-02,1.1339,127.94,1.9558,N/A,25.42,7.4362,N/A,0.85135,362.44,N/A,N/A,N/A,4.5953,N/A,4.9488,10.2658,N/A,N/A,1.0414,146.8,10.2962,7.5245,83.5138,N/A,15.2937,1.5975,6.3935,1.4526,7.2297,8.8375,16342.16,3.5904,85.052,1333.57,24.1963,4.7964,1.6662,57.32,1.5501,38.413,17.9652,
2021-12-01,1.1314,128.27,1.9558,N/A,25.443,7.4362,N/A,0.85,363.78,N/A,N/A,N/A,4.6283,N/A,4.9467,10.226,N/A,N/A,1.0427,146.6,10.2195,7.5185,83.6246,N/A,15.1664,1.5849,6.3498,1.4433,7.2065,8.8154,16249.4,3.5623,84.7485,1330.53,24.0869,4.7745,1.6548,57.004,1.5431,38.151,17.9011,
2021-11-30,1.1363,128.2,1.9558,N/A,25.526,7.4368,N/A,0.85173,365.68,N/A,N/A,N/A,4.6639,N/A,4.951,10.286,N/A,N/A,1.043,147,10.2795,7.5315,84.6123,N/A,14.9342,1.5898,6.3762,1.4518,7.2395,8.8601,16277.55,3.5887,85.3274,1350.29,24.5059,4.7753,1.6644,57.271,1.5521,38.282,18.2269,
2021-11-29,1.1276,128.21,1.9558,N/A,25.671,7.4367,N/A,0.84583,368.58,N/A,N/A,N/A,4.6962,N/A,4.9498,10.2903,N/A,N/A,1.044,147,10.214,7.529,84.0171,N/A,14.3166,1.5782,6.3184,1.4362,7.2002,8.795,16193.78,3.5617,84.6635,1344.73,24.67,4.7793,1.6552,56.787,1.5441,37.978,18.2509,
2021-11-26,1.1291,128.82,1.9558,N/A,25.662,7.4365,N/A,0.8462,368.56,N/A,N/A,N/A,4.7117,N/A,4.9498,10.26,N/A,N/A,1.0446,147.4,10.1613,7.5228,84.9702,N/A,13.7642,1.5795,6.3286,1.4397,7.2149,8.8045,16248.69,3.5863,84.5395,1348.9,24.4974,4.7863,1.6538,56.997,1.547,38.006,18.2448,
2021-11-25,1.1223,129.41,1.9558,N/A,25.475,7.4362,N/A,0.84295,366.61,N/A,N/A,N/A,4.6661,N/A,4.9494,10.176,N/A,N/A,1.048,147,10.0655,7.5225,83.9075,N/A,13.4739,1.5627,6.2643,1.4223,7.1676,8.7514,16034.61,3.547,83.6074,1337.04,24.1647,4.7468,1.6394,56.451,1.535,37.496,17.8177,
2021-11-24,1.1206,129.06,1.9558,N/A,25.501,7.4367,N/A,0.83935,369.15,N/A,N/A,N/A,4.6802,N/A,4.9493,10.1905,N/A,N/A,1.0484,146.6,10.026,7.519,83.8087,N/A,13.5022,1.5549,6.2705,1.4227,7.16,8.7372,16018.25,3.5163,83.439,1331.51,23.833,4.7183,1.6257,56.504,1.533,37.389,17.8078,
2021-11-23,1.1259,129.36,1.9558,N/A,25.445,7.4364,N/A,0.84185,370.91,N/A,N/A,N/A,4.7119,N/A,4.9495,10.133,N/A,N/A,1.0492,147.6,10.071,7.524,84.5002,N/A,14.1306,1.5581,6.3298,1.4324,7.1943,8.7744,16069.18,3.5014,83.8395,1340.6,23.7773,4.7277,1.6241,57.119,1.5381,37.275,17.849,
2021-11-22,1.1278,128.69,1.9558,N/A,25.373,7.4368,N/A,0.83923,369.12,N/A,N/A,N/A,4.6984,N/A,4.9496,10.128,N/A,N/A,1.0454,148.2,10.0715,7.5185,84.4872,N/A,12.6714,1.5532,6.3043,1.4257,7.1975,8.7875,16075.81,3.4842,83.852,1338.72,23.5855,4.7204,1.6095,57.146,1.5357,37.116,17.7799,
2021-11-19,1.1271,128.22,1.9558,N/A,25.413,7.4366,N/A,0.83928,367.8,N/A,N/A,N/A,4.6818,N/A,4.9495,10.096,N/A,N/A,1.0462,147.8,10.0483,7.516,82.8124,N/A,12.5247,1.5581,6.268,1.4254,7.2027,8.7832,16105.54,3.4887,83.6905,1344.64,23.4637,4.7152,1.6098,57.073,1.5344,36.969,17.7513,
2021-11-18,1.1345,129.58,1.9558,N/A,25.23,7.4362,N/A,0.84173,363.69,N/A,N/A,N/A,4.6565,N/A,4.9497,10.0555,N/A,N/A,1.0511,148.8,9.9523,7.512,82.82,N/A,12.5522,1.558,6.2839,1.4295,7.2419,8.8366,16138.1,3.4941,84.218,1342.26,23.5605,4.7439,1.6106,57.099,1.5408,37.03,17.7211,
2021-11-17,1.1316,129.78,1.9558,N/A,25.22,7.4365,N/A,0.8409,364.73,N/A,N/A,N/A,4.6571,N/A,4.9493,10.0303,N/A,N/A,1.053,149.8,9.8895,7.5116,82.0791,N/A,11.8601,1.5521,6.2028,1.4206,7.217,8.814,16117.38,3.4658,84.03,1337.42,23.4259,4.729,1.6162,56.944,1.5364,36.969,17.5176,
2021-11-16,1.1368,129.89,1.9558,N/A,25.227,7.4367,N/A,0.84533,366.35,N/A,N/A,N/A,4.6545,N/A,4.9493,10.0293,N/A,N/A,1.0528,150.4,9.8863,7.5099,83.1933,N/A,11.602,1.549,6.1838,1.4248,7.2627,8.8544,16182.27,3.5148,84.5404,1343,23.4423,4.7359,1.6186,57.225,1.5393,37.153,17.3177,
2021-11-15,1.1444,130.32,1.9558,N/A,25.217,7.4375,N/A,0.85165,365.98,N/A,N/A,N/A,4.6374,N/A,4.9496,10.007,N/A,N/A,1.0533,150.4,9.9173,7.5128,82.8109,N/A,11.4643,1.5537,6.2458,1.4334,7.3034,8.9156,16225.69,3.5501,85.143,1350.36,23.5097,4.7624,1.6174,57.309,1.5457,37.428,17.3545,
2021-11-12,1.1448,130.5,1.9558,N/A,25.238,7.437,N/A,0.85505,366.15,N/A,N/A,N/A,4.6428,N/A,4.9488,10.0085,N/A,N/A,1.0568,150.4,9.9508,7.5123,82.6649,N/A,11.3987,1.569,6.1902,1.4416,7.3047,8.9206,16239.91,3.56,85.193,1349.1,23.6472,4.7692,1.6293,56.995,1.5494,37.527,17.4919,
2021-11-11,1.146,130.59,1.9558,N/A,25.254,7.4372,N/A,0.85538,364.8,N/A,N/A,N/A,4.6296,N/A,4.9474,9.9648,N/A,N/A,1.0561,150.4,9.9695,7.5118,81.5313,N/A,11.3605,1.5699,6.2383,1.4419,7.3292,8.9299,16342.32,3.5754,85.309,1353.13,23.5367,4.7765,1.6318,57.372,1.5516,37.652,17.4775,
2021-11-10,1.1558,130.9,1.9558,N/A,25.209,7.4376,N/A,0.85548,362.15,N/A,N/A,N/A,4.6121,N/A,4.9496,9.9645,N/A,N/A,1.0555,150.4,9.8848,7.5165,81.8733,N/A,11.3563,1.5697,6.2965,1.4371,7.3866,9.0035,16460.52,3.5938,85.8824,1362.58,23.5282,4.8006,1.6285,57.859,1.5585,37.899,17.5294,
2021-11-09,1.1577,130.9,1.9558,N/A,25.197,7.4377,N/A,0.8538,360.99,N/A,N/A,N/A,4.5926,N/A,4.9476,9.8995,N/A,N/A,1.0592,150.4,9.8555,7.519,82.1148,N/A,11.2605,1.5642,6.3847,1.4397,7.3989,9.0186,16500.26,3.5928,85.791,1362.47,23.5335,4.8039,1.6192,57.98,1.5601,37.932,17.3964,
2021-11-08,1.1579,131.29,1.9558,N/A,25.252,7.4383,N/A,0.85478,359.76,N/A,N/A,N/A,4.5956,N/A,4.9491,9.9588,N/A,N/A,1.0591,150.4,9.8745,7.5188,82.6617,N/A,11.2782,1.5621,6.4669,1.4411,7.4048,9.0175,16507.4,3.5842,85.8135,1368.52,23.6244,4.8111,1.6151,58.019,1.5611,38.211,17.3716,
2021-11-05,1.1519,130.98,1.9558,N/A,25.275,7.4376,N/A,0.85545,359.5,N/A,N/A,N/A,4.6037,N/A,4.9496,9.9033,N/A,N/A,1.0559,150.2,9.8878,7.5218,82.0294,N/A,11.1858,1.5594,6.4193,1.4341,7.3756,8.967,16504.97,3.5875,85.5415,1366.75,23.6152,4.7919,1.6242,57.949,1.5581,38.341,17.5039,
2021-11-04,1.1569,131.77,1.9558,N/A,25.469,7.4377,N/A,0.8535,359.86,N/A,N/A,N/A,4.6067,N/A,4.9494,9.906,N/A,N/A,1.0554,150.2,9.859,7.524,82.7443,N/A,11.2503,1.5602,6.4833,1.4365,7.3983,9.0059,16618.72,3.6052,86.0955,1369.33,23.8191,4.8052,1.6235,58.579,1.5627,38.542,17.5896,
2021-11-03,1.1578,131.9,1.9558,N/A,25.546,7.4381,N/A,0.84823,358.88,N/A,N/A,N/A,4.5875,N/A,4.9494,9.912,N/A,N/A,1.0568,150.2,9.861,7.5195,83.3463,N/A,11.2219,1.5574,6.5663,1.4386,7.4082,9.0114,16594.39,3.6291,86.2355,1369.05,24.0953,4.8089,1.622,58.611,1.5627,38.624,17.8613,
2021-11-02,1.1603,132.03,1.9558,N/A,25.572,7.4399,N/A,0.84955,359.35,N/A,N/A,N/A,4.6078,N/A,4.95,9.8973,N/A,N/A,1.0594,150.8,9.792,7.5307,83.2159,N/A,11.0656,1.5544,6.5907,1.4389,7.4239,9.0297,16570.39,3.63,86.604,1363.97,24.073,4.8135,1.626,58.56,1.5637,38.568,17.9158,
2021-11-01,1.1578,132.19,1.9558,N/A,25.634,7.4396,N/A,0.84575,360.48,N/A,N/A,N/A,4.6225,N/A,4.9493,9.9135,N/A,N/A,1.0562,150.2,9.7368,7.5253,82.2438,N/A,11.0202,1.54,6.5426,1.4325,7.4077,9.0108,16532.95,3.636,86.7275,1363.88,23.9402,4.8066,1.6097,58.55,1.5624,38.613,17.7451,
2021-10-29,1.1645,132.62,1.9558,N/A,25.697,7.4389,N/A,0.8449,360,N/A,N/A,N/A,4.6215,N/A,4.9493,9.9368,N/A,N/A,1.0611,149.8,9.7495,7.527,82.3284,N/A,11.1393,1.5455,6.5698,1.4383,7.4488,9.0563,16556.28,3.667,87.183,1362.92,23.8048,4.8222,1.6255,58.654,1.5676,38.72,17.7447,
2021-10-28,1.1593,131.7,1.9558,N/A,25.709,7.4391,N/A,0.84373,363.33,N/A,N/A,N/A,4.6192,N/A,4.9495,9.969,N/A,N/A,1.0656,149.6,9.7468,7.5155,81.6042,N/A,11.1435,1.5411,6.4798,1.4325,7.4169,9.0167,16468.73,3.6859,86.8032,1357.69,23.5842,4.8111,1.6146,58.717,1.5623,38.547,17.5553,
2021-10-27,1.1617,132,1.9558,N/A,25.684,7.4394,N/A,0.8453,364.05,N/A,N/A,N/A,4.6207,N/A,4.9484,9.9713,N/A,N/A,1.067,149.8,9.7368,7.5145,81.495,N/A,11.0173,1.5458,6.451,1.4414,7.426,9.0363,16509.26,3.7062,87.201,1360.44,23.4502,4.8263,1.6211,58.924,1.5665,38.65,17.3934,
2021-10-26,1.1618,132.47,1.9558,N/A,25.7,7.4392,N/A,0.84178,365.29,N/A,N/A,N/A,4.6009,N/A,4.9468,9.9848,N/A,N/A,1.0684,150,9.6828,7.5225,80.6417,N/A,10.9744,1.5465,6.462,1.4361,7.4124,9.0335,16408.24,3.7178,87.082,1354.11,23.4016,4.8174,1.6172,58.947,1.5637,38.456,17.1309,
2021-10-25,1.1603,131.88,1.9558,N/A,25.734,7.4399,N/A,0.8438,365.84,N/A,N/A,N/A,4.6187,N/A,4.9475,10,N/A,N/A,1.0666,149.8,9.7098,7.5273,81.1067,N/A,11.2232,1.5505,6.5405,1.4347,7.4142,9.0191,16452.15,3.7207,87.216,1357.3,23.4551,4.817,1.6235,58.814,1.5633,38.423,17.1563,
2021-10-22,1.163,132.43,1.9558,N/A,25.655,7.4405,N/A,0.8437,363.52,N/A,N/A,N/A,4.5975,N/A,4.9454,9.9748,N/A,N/A,1.0668,150.2,9.7075,7.5265,81.8586,N/A,11.183,1.551,6.6304,1.4341,7.4337,9.0412,16500.43,3.7304,87.074,1368.39,23.5402,4.8265,1.6257,59.084,1.5669,38.763,17.0626,
2021-10-21,1.1637,132.85,1.9558,N/A,25.615,7.4406,N/A,0.8429,363.39,N/A,N/A,N/A,4.603,N/A,4.9467,10.0145,N/A,N/A,1.069,149.8,9.7065,7.5132,82.9299,N/A,10.9681,1.5528,6.5892,1.4359,7.4463,9.0487,16460.85,3.7379,87.1445,1370.6,23.6004,4.8387,1.6214,59.124,1.5672,38.862,16.9215,
2021-10-20,1.1623,132.78,1.9558,N/A,25.519,7.4404,N/A,0.84503,361.59,N/A,N/A,N/A,4.585,N/A,4.9487,10.015,N/A,N/A,1.0739,150,9.7435,7.5092,82.5141,N/A,10.7821,1.5528,6.483,1.4349,7.4302,9.0375,16404.06,3.7357,87.0086,1364.31,23.4814,4.8369,1.6219,58.972,1.5629,38.774,16.8307,
2021-10-19,1.1655,133.12,1.9558,N/A,25.505,7.4406,N/A,0.84275,360.64,N/A,N/A,N/A,4.5729,N/A,4.9488,10.03,N/A,N/A,1.0716,150,9.734,7.5083,82.6346,N/A,10.8484,1.5601,6.4806,1.4389,7.4464,9.0635,16422.33,3.7425,87.5,1372.96,23.7003,4.8619,1.6294,59.157,1.5666,38.881,17.0003,
2021-10-18,1.1604,132.46,1.9558,N/A,25.453,7.44,N/A,0.84438,361.35,N/A,N/A,N/A,4.5787,N/A,4.949,10.0375,N/A,N/A,1.0712,150,9.7643,7.5085,82.7185,N/A,10.774,1.5707,6.3651,1.4384,7.4617,9.0268,16371.79,3.7402,87.4083,1377.9,23.7177,4.8406,1.6436,59.025,1.5659,38.827,17.1217,
2021-10-15,1.1602,132.65,1.9558,N/A,25.403,7.4402,N/A,0.84368,359.71,N/A,N/A,N/A,4.5644,N/A,4.9465,10.0288,N/A,N/A,1.0729,149.6,9.7625,7.5105,82.6325,N/A,10.7132,1.564,6.3635,1.4342,7.4663,9.0258,16292.6,3.7409,86.967,1371.21,23.8542,4.8241,1.6445,58.903,1.5637,38.669,17.0504,
2021-10-14,1.1602,131.65,1.9558,N/A,25.387,7.4406,N/A,0.84618,359,N/A,N/A,N/A,4.5693,N/A,4.95,10.0138,N/A,N/A,1.0686,149.6,9.7928,7.5127,83.1225,N/A,10.6104,1.5644,6.3528,1.4361,7.4683,9.0244,16353.05,3.7372,87.3355,1375.51,23.8458,4.8195,1.6506,58.778,1.5642,38.524,17.162,
2021-10-13,1.1562,131.3,1.9558,N/A,25.369,7.4407,N/A,0.84898,360.2,N/A,N/A,N/A,4.5772,N/A,4.949,10.1195,N/A,N/A,1.0722,150,9.8555,7.518,83.0248,N/A,10.4833,1.5722,6.3814,1.4386,7.4482,8.9952,16438.27,3.7408,87.1095,1378.13,23.9497,4.8098,1.6647,58.564,1.5646,38.478,17.194,
2021-10-12,1.1555,131.06,1.9558,N/A,25.376,7.4408,N/A,0.84755,359.91,N/A,N/A,N/A,4.5805,N/A,4.9499,10.1078,N/A,N/A,1.0729,150,9.8608,7.5155,83.0176,N/A,10.4044,1.566,6.3977,1.4395,7.4522,8.9915,16396.85,3.7275,87.272,1383.4,24.0232,4.8132,1.6591,58.711,1.5664,38.501,17.265,
2021-10-11,1.1574,130.7,1.9558,N/A,25.399,7.4412,N/A,0.84878,360.7,N/A,N/A,N/A,4.5913,N/A,4.9493,10.1163,N/A,N/A,1.0722,150,9.888,7.5155,82.963,N/A,10.3726,1.5751,6.3719,1.4431,7.4644,9.0049,16444.42,3.7358,87.334,1383.43,24.0051,4.8264,1.668,58.924,1.5665,39.195,17.3108,
2021-10-08,1.1569,129.32,1.9558,N/A,25.434,7.4413,N/A,0.8489,360.19,N/A,N/A,N/A,4.6182,N/A,4.9483,10.1138,N/A,N/A,1.0734,149.4,9.8855,7.5188,83.239,N/A,10.311,1.5837,6.3638,1.4499,7.4591,9.0066,16430.43,3.7374,86.7495,1381.8,23.8295,4.8335,1.6686,58.43,1.5681,39.161,17.2259,
2021-10-07,1.1562,128.78,1.9558,N/A,25.415,7.4399,N/A,0.85023,358.16,N/A,N/A,N/A,4.5458,N/A,4.9475,10.1453,N/A,N/A,1.0712,148.8,9.9388,7.515,83.178,N/A,10.2594,1.5839,6.338,1.4545,7.4536,9.0008,16406.7,3.7353,86.408,1375.87,23.7032,4.837,1.6676,58.308,1.5697,39.051,17.2074,
2021-10-06,1.1542,128.52,1.9558,N/A,25.415,7.4398,N/A,0.8497,359.43,N/A,N/A,N/A,4.5925,N/A,4.9458,10.1628,N/A,N/A,1.0715,148.6,9.923,7.508,83.6242,N/A,10.2802,1.5913,6.3584,1.4575,7.4407,8.9876,16487.75,3.7452,86.438,1379.91,23.9641,4.8297,1.6728,58.804,1.5712,39.116,17.4561,
2021-10-05,1.1602,128.99,1.9558,N/A,25.308,7.4379,N/A,0.85173,356.9,N/A,N/A,N/A,4.5998,N/A,4.9477,10.131,N/A,N/A,1.0752,148,9.9155,7.505,84.1541,N/A,10.2707,1.5937,6.3106,1.4612,7.4805,9.0324,16506.62,3.7477,86.488,1376.12,23.7904,4.8482,1.665,58.893,1.5743,39.203,17.3792,
2021-10-04,1.1636,129.21,1.9558,N/A,25.32,7.4374,N/A,0.8553,355.9,N/A,N/A,N/A,4.5685,N/A,4.9478,10.1435,N/A,N/A,1.0768,150.1,9.977,7.493,84.7198,N/A,10.2816,1.5957,6.2579,1.4668,7.5013,9.0597,16575.85,3.7456,86.4025,1372.5,23.8512,4.8569,1.6687,59.06,1.5777,39.242,17.3166,
2021-10-01,1.16,128.97,1.9558,N/A,25.309,7.4372,N/A,0.85653,358.16,N/A,N/A,N/A,4.5826,N/A,4.947,10.1538,N/A,N/A,1.0791,149.7,10.0204,7.498,84.7187,N/A,10.2583,1.5985,6.2816,1.4698,7.4781,9.0304,16563.71,3.7353,85.975,1371.32,23.7955,4.8482,1.6751,58.752,1.5733,39.022,17.3449,
2021-09-30,1.1579,129.67,1.9558,N/A,25.495,7.436,N/A,0.86053,360.19,N/A,N/A,N/A,4.6197,N/A,4.9475,10.1683,N/A,N/A,1.083,150.9,10.165,7.4889,84.3391,N/A,10.2981,1.6095,6.2631,1.475,7.4847,9.0184,16572.03,3.7363,86.0766,1371.58,23.7439,4.8475,1.6858,59.066,1.576,39.235,17.5629,
2021-09-29,1.1654,129.89,1.9558,N/A,25.457,7.436,N/A,0.86443,359.6,N/A,N/A,N/A,4.626,N/A,4.946,10.183,N/A,N/A,1.0829,150.7,10.143,7.4975,84.6823,N/A,10.3168,1.6112,6.3218,1.4793,7.5347,9.0714,16670.71,3.7425,86.467,1381.2,23.7082,4.8769,1.6826,59.203,1.5822,39.49,17.521,
2021-09-28,1.1678,130.17,1.9558,N/A,25.517,7.436,N/A,0.8595,359.39,N/A,N/A,N/A,4.6176,N/A,4.9498,10.1933,N/A,N/A,1.084,149.7,10.102,7.5013,84.7497,N/A,10.3685,1.6115,6.3122,1.4776,7.5433,9.0882,16697.39,3.7505,86.5595,1385.41,23.5909,4.8843,1.6781,59.626,1.5846,39.46,17.6299,
2021-09-27,1.1698,129.74,1.9558,N/A,25.443,7.436,N/A,0.8542,358.13,N/A,N/A,N/A,4.5955,N/A,4.9495,10.1738,N/A,N/A,1.085,150.1,10.0655,7.5028,84.9955,N/A,10.3471,1.6129,6.2187,1.4812,7.5609,9.1054,16673.16,3.7427,86.4025,1382.04,23.5043,4.8991,1.6711,59.881,1.584,39.276,17.6179,
2021-09-24,1.1719,129.49,1.9558,N/A,25.408,7.4362,N/A,0.85703,356.99,N/A,N/A,N/A,4.6047,N/A,4.9508,10.138,N/A,N/A,1.083,150.9,10.089,7.4955,85.5104,N/A,10.359,1.6165,6.2332,1.4895,7.5803,9.124,16747.11,3.75,86.471,1382.54,23.628,4.9085,1.6687,59.597,1.5865,39.2,17.5453,
2021-09-23,1.1715,128.88,1.9558,N/A,25.352,7.4362,N/A,0.85495,356.15,N/A,N/A,N/A,4.6077,N/A,4.9503,10.1398,N/A,N/A,1.0831,151.7,10.086,7.4945,85.2372,N/A,10.246,1.611,6.1788,1.485,7.5643,9.1205,16671.56,3.7491,86.367,1374.73,23.4303,4.8992,1.6622,58.87,1.5798,38.964,17.126,
2021-09-22,1.1729,128.5,1.9558,N/A,25.38,7.4361,N/A,0.86,355.28,N/A,N/A,N/A,4.6325,N/A,4.9505,10.1758,N/A,N/A,1.082,152.1,10.1268,7.4935,85.3877,N/A,10.1523,1.6178,6.1636,1.4997,7.585,9.1333,16694.77,3.7592,86.622,1387.87,23.5533,4.9174,1.6696,58.995,1.5855,39.222,17.3368,
2021-09-21,1.1738,128.34,1.9558,N/A,25.4,7.436,N/A,0.85855,354.63,N/A,N/A,N/A,4.6261,N/A,4.9497,10.1763,N/A,N/A,1.0845,152.3,10.1828,7.4975,85.982,N/A,10.1586,1.62,6.2483,1.4995,7.5945,9.1389,16708.12,3.7664,86.4895,1388.85,23.5912,4.9118,1.6707,58.825,1.5866,39.205,17.4427,
2021-09-20,1.1711,128.18,1.9558,N/A,25.432,7.4359,N/A,0.85705,353.97,N/A,N/A,N/A,4.5997,N/A,4.9493,10.2173,N/A,N/A,1.0883,152,10.243,7.5055,86.07,N/A,10.1512,1.6201,6.2495,1.5056,7.5726,9.1188,16742.86,3.7635,86.272,1393.32,23.6419,4.9098,1.6694,58.845,1.5839,39.062,17.3301,
2021-09-17,1.178,129.61,1.9558,N/A,25.296,7.436,N/A,0.85363,351.49,N/A,N/A,N/A,4.5804,N/A,4.9488,10.1553,N/A,N/A,1.0931,151.4,10.1208,7.5092,85.4338,N/A,10.1323,1.6111,6.2039,1.4913,7.6044,9.1691,16762.9,3.7752,86.5335,1386.26,23.4722,4.914,1.6658,58.819,1.5851,39.145,17.1891,
2021-09-16,1.1763,128.67,1.9558,N/A,25.281,7.436,N/A,0.85025,350.19,N/A,N/A,N/A,4.5763,N/A,4.9488,10.1518,N/A,N/A,1.0886,151.2,10.1293,7.5041,85.2347,N/A,9.9663,1.6077,6.1611,1.4863,7.5849,9.1575,16766.34,3.7742,86.473,1380.44,23.3728,4.8952,1.6548,58.715,1.5805,38.918,17.0544,
2021-09-15,1.1824,129.11,1.9558,N/A,25.318,7.4361,N/A,0.8551,348.86,N/A,N/A,N/A,4.5501,N/A,4.9485,10.136,N/A,N/A,1.0845,151.2,10.1418,7.4838,85.9738,N/A,9.9769,1.6153,6.1979,1.5004,7.6069,9.2021,16826.33,3.7881,86.8625,1380.77,23.4927,4.917,1.6666,58.742,1.586,38.865,16.8973,
2021-09-14,1.1814,130.08,1.9558,N/A,25.389,7.4361,N/A,0.8526,350.05,N/A,N/A,N/A,4.5542,N/A,4.9485,10.1453,N/A,N/A,1.0887,151.2,10.1745,7.476,86.1062,N/A,9.9848,1.6114,6.1788,1.4951,7.6168,9.1899,16857.27,3.7968,87.037,1382.66,23.5067,4.917,1.6625,58.868,1.587,38.927,16.8097,
2021-09-13,1.178,129.62,1.9558,N/A,25.348,7.4362,N/A,0.8512,349.58,N/A,N/A,N/A,4.5518,N/A,4.9453,10.1853,N/A,N/A,1.0873,151.4,10.1885,7.4775,85.8875,N/A,9.9468,1.6015,6.1563,1.4931,7.6059,9.1641,16787.94,3.7795,86.844,1383.74,23.401,4.8893,1.6575,58.819,1.5821,38.762,16.7103,
2021-09-10,1.1841,130.03,1.9558,N/A,25.288,7.4362,N/A,0.8526,349.88,N/A,N/A,N/A,4.5417,N/A,4.9413,10.1843,N/A,N/A,1.0854,151.4,10.2028,7.4861,86.1085,N/A,9.9558,1.5986,6.1436,1.4919,7.6228,9.2086,16812.55,3.7871,86.9469,1380.55,23.5404,4.8998,1.6554,59.045,1.5847,38.655,16.6627,
2021-09-09,1.1838,130.1,1.9558,N/A,25.398,7.4362,N/A,0.85555,350.88,N/A,N/A,N/A,4.5335,N/A,4.9466,10.1863,N/A,N/A,1.0861,150.8,10.2648,7.4859,86.276,N/A,10.0272,1.6035,6.267,1.5002,7.6402,9.2072,16858.46,3.7926,87.0705,1382.73,23.5363,4.9123,1.6617,59.085,1.5901,38.687,16.7458,
2021-09-08,1.1827,130.31,1.9558,N/A,25.394,7.436,N/A,0.85873,350.14,N/A,N/A,N/A,4.5178,N/A,4.9495,10.174,N/A,N/A,1.0888,150.6,10.265,7.479,86.626,N/A,9.9891,1.6027,6.1718,1.4982,7.6376,9.1971,16871.1,3.7936,87.0105,1377.95,23.5314,4.9135,1.6633,59.282,1.5909,38.71,16.8839,
2021-09-07,1.186,130.51,1.9558,N/A,25.423,7.4362,N/A,0.86115,348.59,N/A,N/A,N/A,4.518,N/A,4.9506,10.1515,N/A,N/A,1.0853,150.8,10.299,7.479,86.92,N/A,9.8735,1.6044,6.1323,1.4936,7.667,9.2197,16911.96,3.8018,87.1355,1380.15,23.6659,4.9284,1.6667,59.566,1.5956,38.64,16.9774,
2021-09-06,1.1864,130.34,1.9558,N/A,25.401,7.436,N/A,0.8571,347.03,N/A,N/A,N/A,4.5208,N/A,4.9478,10.1658,N/A,N/A,1.0869,150.6,10.2728,7.487,86.5584,N/A,9.8199,1.5952,6.1638,1.4883,7.6611,9.2226,16876.96,3.7974,86.7135,1372.45,23.6212,4.9212,1.6612,59.267,1.5926,38.516,16.9075,
2021-09-03,1.1872,130.54,1.9558,N/A,25.422,7.4361,N/A,0.8584,348.4,N/A,N/A,N/A,4.5088,N/A,4.9438,10.1708,N/A,N/A,1.0863,150.6,10.2738,7.4973,86.381,N/A,9.8574,1.5961,6.1279,1.4879,7.6555,9.2285,16934.44,3.8023,86.7045,1374.06,23.6503,4.9227,1.6654,59.202,1.5941,38.62,17.0285,
2021-09-02,1.1846,130.31,1.9558,N/A,25.382,7.436,N/A,0.85915,347.85,N/A,N/A,N/A,4.5069,N/A,4.9393,10.1939,N/A,N/A,1.0848,150.6,10.2938,7.501,86.2301,N/A,9.7942,1.6038,6.1429,1.4944,7.6503,9.2075,16874.01,3.8029,86.5205,1372.66,23.6529,4.9256,1.6702,59.039,1.5921,38.446,16.9882,
2021-09-01,1.1817,130.35,1.9558,N/A,25.406,7.4361,N/A,0.85863,348.03,N/A,N/A,N/A,4.5078,N/A,4.9346,10.1961,N/A,N/A,1.0845,149,10.2633,7.49,86.3373,N/A,9.7985,1.6088,6.0886,1.4879,7.6421,9.1907,16872.69,3.7846,86.348,1369.25,23.6484,4.9085,1.6776,59.163,1.5916,38.204,17.0532,
2021-08-31,1.1834,129.95,1.9558,N/A,25.523,7.436,N/A,0.85875,348.8,N/A,N/A,N/A,4.5296,N/A,4.9359,10.1625,N/A,N/A,1.0799,149.6,10.26,7.49,86.76,N/A,9.831,1.6156,6.1386,1.4896,7.6465,9.2086,16879.69,3.7951,86.385,1370.03,23.7864,4.9194,1.676,58.765,1.5897,38.129,17.2282,
2021-08-30,1.1801,129.66,1.9558,N/A,25.566,7.4361,N/A,0.85748,348.3,N/A,N/A,N/A,4.5678,N/A,4.9343,10.1813,N/A,N/A,1.0798,149.8,10.2395,7.4935,86.7119,N/A,9.8909,1.6167,6.1529,1.4867,7.6347,9.1891,16916.81,3.7998,86.5035,1375.03,23.8273,4.9057,1.6844,58.786,1.5881,38.271,17.2578,
2021-08-27,1.1761,129.59,1.9558,N/A,25.563,7.4363,N/A,0.85703,350.87,N/A,N/A,N/A,4.5827,N/A,4.934,10.2345,N/A,N/A,1.0796,149.2,10.3575,7.4886,87.0549,N/A,9.8809,1.622,6.1692,1.4914,7.6195,9.1619,16968.95,3.8007,86.701,1375.78,23.9686,4.9279,1.6927,58.754,1.5888,38.406,17.5356,
2021-08-26,1.1767,129.6,1.9558,N/A,25.546,7.4366,N/A,0.85718,349.18,N/A,N/A,N/A,4.5779,N/A,4.9318,10.2413,N/A,N/A,1.0789,148.6,10.3615,7.4885,87.0756,N/A,9.845,1.6206,6.1506,1.4838,7.6285,9.1625,16996.28,3.7932,87.234,1373.36,23.9001,4.9363,1.6882,58.803,1.592,38.525,17.542,
2021-08-25,1.1736,129,1.9558,N/A,25.531,7.4366,N/A,0.8559,348.76,N/A,N/A,N/A,4.5779,N/A,4.929,10.2248,N/A,N/A,1.0739,148.6,10.3863,7.4925,86.6276,N/A,9.8787,1.6191,6.1707,1.4827,7.6031,9.1357,16943.59,3.7925,87.152,1370.17,23.7798,4.935,1.69,58.495,1.5901,38.465,17.5801,
2021-08-24,1.174,128.74,1.9558,N/A,25.533,7.437,N/A,0.85578,349.69,N/A,N/A,N/A,4.5792,N/A,4.928,10.209,N/A,N/A,1.0711,150,10.4003,7.4938,86.7484,N/A,9.8836,1.6203,6.2681,1.4822,7.6042,9.1448,16897,3.7789,87.0625,1369,23.8606,4.9525,1.6893,58.783,1.5918,38.595,17.6902,
2021-08-23,1.1718,129.02,1.9558,N/A,25.514,7.4369,N/A,0.85635,350.13,N/A,N/A,N/A,4.5868,N/A,4.9294,10.2573,N/A,N/A,1.0744,150.2,10.487,7.4958,86.8572,N/A,9.915,1.6311,6.2826,1.4911,7.599,9.1313,16870.3,3.7857,86.915,1372.54,23.8334,4.952,1.7063,58.808,1.5924,39.091,17.8218,
2021-08-20,1.1671,127.97,1.9558,N/A,25.559,7.4368,N/A,0.8575,350.92,N/A,N/A,N/A,4.5895,N/A,4.9344,10.3263,N/A,N/A,1.0711,149.4,10.6,7.499,86.9259,N/A,9.9571,1.6373,6.3622,1.5069,7.5854,9.0924,16887.06,3.7875,86.8025,1380.66,23.6848,4.9456,1.7108,58.765,1.5907,38.946,17.875,
2021-08-19,1.1696,128.21,1.9558,N/A,25.501,7.4369,N/A,0.85523,350.98,N/A,N/A,N/A,4.5832,N/A,4.9295,10.2798,N/A,N/A,1.0723,148.8,10.545,7.5028,86.7175,N/A,9.9731,1.6319,6.3662,1.4919,7.5901,9.1121,16922.07,3.8024,86.9975,1375.34,23.5852,4.9573,1.7101,59.084,1.5942,38.994,17.7504,
2021-08-18,1.1723,128.67,1.9558,N/A,25.447,7.4368,N/A,0.85183,350.52,N/A,N/A,N/A,4.5634,N/A,4.9254,10.2233,N/A,N/A,1.0726,148.4,10.422,7.4953,86.3484,N/A,9.938,1.617,6.1913,1.4793,7.5976,9.1299,16872.12,3.79,87.047,1371.95,23.4178,4.9682,1.698,59.15,1.5942,39.02,17.4356,
2021-08-17,1.1767,128.57,1.9558,N/A,25.441,7.4365,N/A,0.85323,351.15,N/A,N/A,N/A,4.5605,N/A,4.9256,10.1948,N/A,N/A,1.0713,148.4,10.3983,7.491,86.3767,N/A,9.9113,1.6138,6.2065,1.4838,7.6244,9.1704,16932.04,3.7991,87.439,1381.91,23.4266,4.9869,1.6983,59.346,1.5993,39.208,17.4416,
2021-08-16,1.1772,128.75,1.9558,N/A,25.427,7.4367,N/A,0.84873,351.89,N/A,N/A,N/A,4.5653,N/A,4.9138,10.2008,N/A,N/A,1.0758,148.2,10.4048,7.4946,86.4513,N/A,9.9717,1.6059,6.2143,1.4782,7.6243,9.1641,16920.96,3.7871,87.3695,1374.09,23.4319,4.9884,1.6754,59.763,1.5967,39.371,17.3852,
2021-08-13,1.1765,129.64,1.9558,N/A,25.386,7.437,N/A,0.85093,353.03,N/A,N/A,N/A,4.574,N/A,4.9115,10.1993,N/A,N/A,1.0829,148,10.3753,7.4983,86.2279,N/A,10.0648,1.6006,6.1611,1.4724,7.6237,9.1573,16901.56,3.7837,87.374,1369.96,23.3755,4.9854,1.6776,59.543,1.5967,39.213,17.4561,
2021-08-12,1.1739,129.61,1.9558,N/A,25.393,7.4371,N/A,0.84743,353.25,N/A,N/A,N/A,4.5876,N/A,4.9145,10.1883,N/A,N/A,1.0824,148,10.3755,7.4988,86.2888,N/A,10.0553,1.5963,6.1263,1.4694,7.6036,9.1336,16844.57,3.7817,87.1095,1365.19,23.357,4.9691,1.6716,59.231,1.5933,38.762,17.278,
2021-08-11,1.1718,129.68,1.9558,N/A,25.405,7.4373,N/A,0.84698,354.84,N/A,N/A,N/A,4.5858,N/A,4.9163,10.2305,N/A,N/A,1.0818,148,10.4548,7.4955,86.8412,N/A,10.1467,1.5958,6.1113,1.4677,7.5996,9.1187,16881.52,3.7694,87.1605,1357.41,23.5291,4.9684,1.6704,59.126,1.5924,39.062,17.3326,
2021-08-10,1.1722,129.48,1.9558,N/A,25.382,7.4373,N/A,0.84568,352.86,N/A,N/A,N/A,4.5755,N/A,4.916,10.2145,N/A,N/A,1.0813,148.2,10.468,7.4985,86.3225,N/A,10.0813,1.5965,6.1471,1.4729,7.5975,9.1228,16863.01,3.7825,87.193,1349.76,23.5629,4.9566,1.6758,59.007,1.592,39.222,17.3605,
2021-08-09,1.1761,129.5,1.9558,N/A,25.391,7.437,N/A,0.84745,353.87,N/A,N/A,N/A,4.5645,N/A,4.9134,10.2175,N/A,N/A,1.0786,147.8,10.4885,7.4995,86.3776,N/A,10.1679,1.6002,6.1735,1.4747,7.619,9.1521,16916.78,3.7851,87.3195,1345.82,23.5526,4.9731,1.6763,59.275,1.5943,39.329,17.2075,
2021-08-06,1.1807,129.64,1.9558,N/A,25.413,7.4371,N/A,0.8484,352.72,N/A,N/A,N/A,4.5563,N/A,4.916,10.1683,N/A,N/A,1.0724,147.8,10.423,7.4978,86.4194,N/A,10.1385,1.5968,6.1594,1.4763,7.6379,9.1827,16934.12,3.7967,87.4993,1349.15,23.5178,4.9814,1.6737,59.644,1.5952,39.359,17.0983,
2021-08-05,1.185,129.79,1.9558,N/A,25.415,7.4366,N/A,0.8506,353.95,N/A,N/A,N/A,4.548,N/A,4.9159,10.1983,N/A,N/A,1.0733,148,10.441,7.5008,86.5784,N/A,10.1155,1.599,6.1064,1.4817,7.6555,9.216,16993.36,3.8035,87.8256,1353.34,23.6112,4.9977,1.6759,59.66,1.5996,39.389,17.0232,
2021-08-04,1.1861,129.31,1.9558,N/A,25.44,7.4367,N/A,0.85153,354.24,N/A,N/A,N/A,4.5438,N/A,4.9185,10.197,N/A,N/A,1.0729,147.6,10.455,7.5009,86.5106,N/A,10.0115,1.6002,6.161,1.488,7.6638,9.2236,16965.65,3.8035,87.9575,1355.44,23.5576,5.0077,1.6784,58.988,1.6,39.272,16.9211,
2021-08-03,1.1885,129.7,1.9558,N/A,25.49,7.4376,N/A,0.85355,354.59,N/A,N/A,N/A,4.5562,N/A,4.9183,10.2045,N/A,N/A,1.0735,146.6,10.4343,7.5005,86.7063,N/A,9.9576,1.6086,6.1791,1.4874,7.6818,9.2428,16995.64,3.8211,88.2175,1364.59,23.5939,5.0161,1.6953,58.946,1.6056,39.244,17.1001,
2021-08-02,1.1886,130.17,1.9558,N/A,25.476,7.4381,N/A,0.85568,356.01,N/A,N/A,N/A,4.5562,N/A,4.918,10.191,N/A,N/A,1.0761,146.8,10.4515,7.4963,86.4182,N/A,9.9181,1.6141,6.1459,1.4816,7.6807,9.2398,17089.57,3.8321,88.396,1367.67,23.5605,5.0218,1.7041,59.211,1.6069,39.152,17.0993,
2021-07-30,1.1891,130.39,1.9558,N/A,25.501,7.4379,N/A,0.8514,357.2,N/A,N/A,N/A,4.5636,N/A,4.9203,10.1868,N/A,N/A,1.0771,146.6,10.4405,7.5003,86.7116,N/A,9.9985,1.6133,6.0716,1.4791,7.6838,9.2451,17184.46,3.8403,88.3941,1368.74,23.6277,5.018,1.699,59.479,1.609,39.098,17.3283,
2021-07-29,1.1873,130.41,1.9558,N/A,25.506,7.4376,N/A,0.8508,358.08,N/A,N/A,N/A,4.5782,N/A,4.9215,10.1675,N/A,N/A,1.0788,147.2,10.3993,7.5085,87.0021,N/A,10.0851,1.6062,6.0419,1.4808,7.6691,9.2272,17172.66,3.8521,88.1675,1360.07,23.5655,5.0324,1.6986,59.722,1.6072,39.003,17.3117,
2021-07-28,1.1807,129.97,1.9558,N/A,25.625,7.4373,N/A,0.85095,359.72,N/A,N/A,N/A,4.5965,N/A,4.9213,10.1963,N/A,N/A,1.0802,148.4,10.4828,7.5066,86.7666,N/A,10.0973,1.6081,6.0931,1.484,7.6722,9.188,17117.84,3.8492,87.833,1362.99,23.5823,5.0003,1.7013,59.465,1.6057,38.78,17.4792,
2021-07-27,1.181,129.98,1.9558,N/A,25.685,7.4371,N/A,0.85503,359.43,N/A,N/A,N/A,4.5906,N/A,4.9196,10.165,N/A,N/A,1.0806,149,10.4423,7.5064,87.0133,N/A,10.107,1.6029,6.1288,1.4839,7.6799,9.1915,17109.52,3.8411,87.913,1360.75,23.6687,4.999,1.6956,59.553,1.6059,38.926,17.5332,
2021-07-26,1.1787,130.05,1.9558,N/A,25.629,7.4372,N/A,0.85468,361.65,N/A,N/A,N/A,4.5888,N/A,4.9223,10.205,N/A,N/A,1.0826,148.6,10.427,7.5245,87.1713,N/A,10.0973,1.601,6.1546,1.4804,7.6426,9.1656,17084.23,3.8487,87.7305,1360.69,23.6826,4.9877,1.6889,59.342,1.6032,38.832,17.4846,
2021-07-23,1.1767,130.11,1.9558,N/A,25.65,7.4382,N/A,0.85543,359.13,N/A,N/A,N/A,4.5691,N/A,4.9227,10.2105,N/A,N/A,1.0838,149,10.4065,7.5353,86.6254,N/A,10.0573,1.5944,6.1009,1.4788,7.6224,9.142,17050.24,3.851,87.5905,1354.19,23.6237,4.9733,1.6846,59.12,1.5997,38.743,17.3882,
2021-07-22,1.1775,129.83,1.9558,N/A,25.639,7.4382,N/A,0.85563,357.87,N/A,N/A,N/A,4.5661,N/A,4.9227,10.2245,N/A,N/A,1.0829,148.2,10.3795,7.532,86.9522,N/A,10.0717,1.5959,6.1029,1.4779,7.6153,9.1506,17063.23,3.8524,87.6615,1352.59,23.729,4.9726,1.6906,58.921,1.602,38.704,17.1449,
2021-07-21,1.1772,129.63,1.9558,N/A,25.695,7.4385,N/A,0.86363,360.2,N/A,N/A,N/A,4.5987,N/A,4.9255,10.2448,N/A,N/A,1.0848,148,10.5808,7.5276,87.5209,N/A,10.1063,1.6089,6.1732,1.4932,7.6201,9.1518,17119.8,3.8755,87.7895,1359.56,23.774,4.9825,1.7004,59.396,1.6104,38.695,17.2811,
2021-07-20,1.1775,129.03,1.9558,N/A,25.642,7.4381,N/A,0.86545,359.45,N/A,N/A,N/A,4.5954,N/A,4.9255,10.2535,N/A,N/A,1.0838,146.9,10.617,7.521,87.6775,N/A,10.0664,1.6082,6.1633,1.5023,7.6305,9.1529,17143.51,3.881,87.921,1352.39,23.599,4.9743,1.7049,60.005,1.6106,38.634,17.1349,
2021-07-19,1.1766,128.96,1.9558,N/A,25.605,7.4377,N/A,0.85913,359.48,N/A,N/A,N/A,4.5885,N/A,4.9268,10.2533,N/A,N/A,1.084,146.1,10.538,7.5065,87.9317,N/A,10.1142,1.6043,6.0813,1.5028,7.6344,9.1419,17144.2,3.8781,88.226,1357.53,23.5865,4.9717,1.6986,59.865,1.6045,38.663,17.0741,
2021-07-16,1.1802,130.03,1.9558,N/A,25.538,7.4381,N/A,0.85298,359.73,N/A,N/A,N/A,4.5867,N/A,4.9285,10.2428,N/A,N/A,1.0853,145.9,10.3878,7.4968,87.5186,N/A,10.0521,1.5907,6.0146,1.4856,7.6373,9.1684,17083.05,3.8796,88.031,1347.94,23.4589,4.9681,1.6836,59.364,1.5993,38.669,16.984,
2021-07-15,1.1809,129.93,1.9558,N/A,25.587,7.4375,N/A,0.85188,359.45,N/A,N/A,N/A,4.5748,N/A,4.929,10.2335,N/A,N/A,1.0828,146.1,10.3803,7.4918,87.5176,N/A,10.1061,1.5876,6.0075,1.4808,7.6304,9.1726,17143.25,3.8553,88.051,1350.13,23.5383,4.9627,1.6888,59.272,1.5995,38.598,17.2028,
2021-07-14,1.1812,130.3,1.9558,N/A,25.646,7.4376,N/A,0.85158,358.08,N/A,N/A,N/A,4.5736,N/A,4.9287,10.205,N/A,N/A,1.084,146.3,10.332,7.4928,87.4789,N/A,10.1485,1.5817,6.0591,1.4732,7.6268,9.1742,17107.91,3.8672,87.9885,1355.24,23.5734,4.9616,1.6819,59.365,1.599,38.525,17.2975,
2021-07-13,1.1844,130.55,1.9558,N/A,25.644,7.438,N/A,0.85518,356.67,N/A,N/A,N/A,4.5687,N/A,4.9276,10.1818,N/A,N/A,1.0857,146.5,10.3085,7.492,87.8029,N/A,10.1726,1.584,6.1316,1.4782,7.6598,9.197,17142.99,3.8844,88.2879,1356.76,23.555,4.965,1.6981,59.239,1.6014,38.635,17.2735,
2021-07-12,1.1852,130.55,1.9558,N/A,25.723,7.4375,N/A,0.8557,355.38,N/A,N/A,N/A,4.5542,N/A,4.928,10.2008,N/A,N/A,1.0852,146.3,10.328,7.4948,88.4389,N/A,10.2372,1.5888,6.2426,1.4813,7.6751,9.2052,17199.18,3.892,88.411,1361.95,23.6064,4.9678,1.7019,59.847,1.6027,38.732,17.1471,
2021-07-09,1.1858,130.46,1.9558,N/A,25.791,7.4367,N/A,0.85758,355.1,N/A,N/A,N/A,4.5497,N/A,4.9286,10.1853,N/A,N/A,1.0852,146.3,10.3355,7.4929,88.0163,N/A,10.277,1.5868,6.2369,1.4817,7.6834,9.2117,17190.24,3.8924,88.371,1358.2,23.58,4.9691,1.6982,59.384,1.6029,38.598,16.8759,
2021-07-08,1.1838,129.91,1.9558,N/A,25.894,7.4366,N/A,0.86133,358.57,N/A,N/A,N/A,4.5504,N/A,4.9272,10.1908,N/A,N/A,1.0851,146.3,10.4138,7.4913,89.0266,N/A,10.2904,1.5957,6.2463,1.4893,7.6832,9.1967,17280.56,3.8823,88.6073,1361.34,23.7922,4.9501,1.7048,59.347,1.602,38.497,17.0554,
2021-07-07,1.1831,130.86,1.9558,N/A,25.688,7.4361,N/A,0.855,355.57,N/A,N/A,N/A,4.5192,N/A,4.9268,10.1813,N/A,N/A,1.0917,146.3,10.2475,7.4867,87.8009,N/A,10.2566,1.5711,6.1224,1.4708,7.6478,9.19,17146.47,3.865,88.2825,1344.89,23.5724,4.9241,1.676,58.96,1.5924,38.173,16.8666,
2021-07-06,1.1838,130.99,1.9558,N/A,25.61,7.4361,N/A,0.8545,353.4,N/A,N/A,N/A,4.4941,N/A,4.9264,10.149,N/A,N/A,1.093,147.1,10.215,7.4855,86.9726,N/A,10.2514,1.5633,6.0292,1.464,7.6545,9.1942,17151.39,3.8643,88.2126,1341.67,23.459,4.9193,1.6703,58.753,1.592,38.13,16.8278,
2021-07-05,1.1866,131.58,1.9558,N/A,25.586,7.436,N/A,0.85665,351.53,N/A,N/A,N/A,4.5059,N/A,4.9261,10.1435,N/A,N/A,1.0935,147.1,10.1778,7.4885,87.06,N/A,10.2889,1.576,6.0069,1.4669,7.6677,9.2182,17176.31,3.8713,88.1605,1341.22,23.5266,4.9315,1.6901,58.491,1.596,38.114,16.8813,
2021-07-02,1.1823,131.74,1.9558,N/A,25.606,7.436,N/A,0.86003,352.1,N/A,N/A,N/A,4.5264,N/A,4.9283,10.1583,N/A,N/A,1.0945,147.3,10.2375,7.4887,87.12,N/A,10.278,1.5836,5.9421,1.4677,7.6594,9.1838,17191.94,3.8708,88.3055,1343.49,23.5936,4.9225,1.6988,58.423,1.5969,38.052,17.0787,
2021-07-01,1.1884,132.42,1.9558,N/A,25.507,7.436,N/A,0.86033,351.86,N/A,N/A,N/A,4.5164,N/A,4.9275,10.1738,N/A,N/A,1.0985,146.7,10.2105,7.4893,86.6085,N/A,10.3307,1.5836,5.8955,1.4698,7.6842,9.2273,17259.71,3.8748,88.559,1345.86,23.727,4.9426,1.6965,58.493,1.5989,38.088,16.9744,
2021-06-30,1.1884,131.43,1.9558,N/A,25.488,7.4362,N/A,0.85805,351.68,N/A,N/A,N/A,4.5201,N/A,4.928,10.111,N/A,N/A,1.098,146.5,10.1717,7.4913,86.7725,N/A,10.321,1.5853,5.905,1.4722,7.6742,9.2293,17280.3,3.8763,88.324,1341.41,23.5784,4.9336,1.7026,58.063,1.5976,38.118,17.0114,
2021-06-29,1.1888,131.54,1.9558,N/A,25.477,7.4363,N/A,0.85948,351.11,N/A,N/A,N/A,4.5193,N/A,4.9275,10.151,N/A,N/A,1.0965,147.3,10.1893,7.496,86.4662,N/A,10.361,1.5811,5.8826,1.4706,7.6814,9.2297,17339.93,3.876,88.305,1341.25,23.6108,4.9353,1.7,57.765,1.5985,38.166,17.052,
2021-06-28,1.191,132.13,1.9558,N/A,25.499,7.4369,N/A,0.8571,351.98,N/A,N/A,N/A,4.507,N/A,4.9268,10.1268,N/A,N/A,1.0969,147.3,10.1763,7.4964,86.0594,N/A,10.413,1.5753,5.9159,1.4687,7.6922,9.2459,17274.78,3.8834,88.494,1347.92,23.6527,4.9379,1.6926,57.978,1.6014,38.082,16.9846,
2021-06-25,1.195,132.27,1.9558,N/A,25.487,7.4363,N/A,0.8595,351.88,N/A,N/A,N/A,4.5132,N/A,4.9263,10.1103,N/A,N/A,1.0956,147.1,10.136,7.4975,86.188,N/A,10.3887,1.5726,5.8635,1.4696,7.7139,9.2751,17245.4,3.8811,88.6824,1346.35,23.6766,4.9664,1.6881,57.96,1.6035,38.013,16.8359,
2021-06-24,1.1936,132.2,1.9558,N/A,25.423,7.4362,N/A,0.85883,350.52,N/A,N/A,N/A,4.5245,N/A,4.9245,10.1133,N/A,N/A,1.0967,146.2,10.174,7.4993,86.2638,N/A,10.3802,1.5756,5.9041,1.4678,7.7193,9.2675,17249.38,3.8791,88.502,1351.07,23.9678,4.9654,1.6903,58.051,1.6039,38.016,17.0028,
2021-06-23,1.1951,132.44,1.9558,N/A,25.408,7.4362,N/A,0.85435,349.34,N/A,N/A,N/A,4.5227,N/A,4.9263,10.1288,N/A,N/A,1.0963,146.4,10.1725,7.5009,86.6975,N/A,10.3334,1.5762,5.9203,1.4667,7.7393,9.2807,17265.33,3.8903,88.6476,1357.96,24.2265,4.9734,1.6945,58.218,1.6064,37.986,16.9387,
2021-06-22,1.1894,131.5,1.9558,N/A,25.533,7.436,N/A,0.8556,355.16,N/A,N/A,N/A,4.5328,N/A,4.9255,10.157,N/A,N/A,1.0943,146.6,10.2198,7.4985,87.055,N/A,10.3395,1.5818,5.9682,1.4726,7.7014,9.2365,17196.34,3.8793,88.3735,1350.72,24.4812,4.9497,1.7011,57.892,1.6009,37.728,17.0431,
2021-06-21,1.1891,130.91,1.9558,N/A,25.569,7.4364,N/A,0.8567,354.11,N/A,N/A,N/A,4.5329,N/A,4.9237,10.2163,N/A,N/A,1.0954,147.04,10.2673,7.4995,87.1265,N/A,10.4483,1.5821,6.0192,1.4758,7.6916,9.2326,17175.29,3.8849,88.186,1349.19,24.4932,4.9318,1.7057,57.973,1.5989,37.593,16.9453,
2021-06-18,1.1898,131.12,1.9558,N/A,25.519,7.4364,N/A,0.85785,355.41,N/A,N/A,N/A,4.5492,N/A,4.9249,10.233,N/A,N/A,1.0941,146.4,10.2868,7.4985,86.0172,N/A,10.3459,1.5832,5.9575,1.4721,7.6619,9.2379,17174.78,3.8901,88.0297,1347.13,24.3373,4.9246,1.7069,57.616,1.5978,37.419,16.8223,
2021-06-17,1.1937,132.09,1.9558,N/A,25.51,7.4369,N/A,0.85525,354.3,N/A,N/A,N/A,4.5375,N/A,4.9243,10.1905,N/A,N/A,1.0925,146.8,10.1973,7.495,86.4188,N/A,10.3103,1.5763,6.0286,1.4718,7.6877,9.2694,17266.58,3.8929,88.481,1354.06,24.4406,4.9419,1.7025,57.842,1.6,37.482,16.8057,
2021-06-16,1.2124,133.19,1.9558,N/A,25.472,7.4366,N/A,0.8583,351.67,N/A,N/A,N/A,4.5166,N/A,4.9236,10.1283,N/A,N/A,1.0896,147,10.1208,7.498,87.2354,N/A,10.3613,1.5719,6.1063,1.4764,7.7582,9.4107,17270.58,3.9269,88.8795,1356.23,24.1996,4.9921,1.695,58.274,1.6073,37.766,16.6604,
2021-06-15,1.2108,133.28,1.9558,N/A,25.45,7.4362,N/A,0.8615,352.08,N/A,N/A,N/A,4.5235,N/A,4.9243,10.0858,N/A,N/A,1.0899,147.2,10.0823,7.4883,87.235,N/A,10.3586,1.5742,6.1394,1.4758,7.7502,9.3991,17254.07,3.9273,88.8031,1354.1,24.1978,4.9849,1.6987,58.203,1.6063,37.716,16.68,
2021-06-14,1.2112,132.95,1.9558,N/A,25.422,7.4361,N/A,0.85898,351.14,N/A,N/A,N/A,4.5152,N/A,4.9203,10.0944,N/A,N/A,1.0889,147.2,10.0828,7.489,87.504,N/A,10.138,1.5696,6.1846,1.4737,7.7501,9.4008,17267.62,3.9303,88.7015,1355.07,24.1179,4.9841,1.6959,57.969,1.607,37.717,16.7159,
2021-06-11,1.2125,132.88,1.9558,N/A,25.335,7.4361,N/A,0.8571,346.24,N/A,N/A,N/A,4.4695,N/A,4.9183,10.0643,N/A,N/A,1.0883,147.2,10.0828,7.4915,86.962,N/A,10.1969,1.5687,6.158,1.4687,7.7519,9.4089,17215.96,3.9381,88.6714,1351.09,23.9003,4.981,1.6931,57.876,1.606,37.666,16.4782,
2021-06-10,1.2174,133.35,1.9558,N/A,25.391,7.4364,N/A,0.86293,346.14,N/A,N/A,N/A,4.4818,N/A,4.9223,10.0715,N/A,N/A,1.0909,146.8,10.1118,7.4985,87.8666,N/A,10.3284,1.5731,6.1432,1.4739,7.7828,9.4467,17375.34,3.9466,88.9732,1358.76,23.9905,5.0163,1.6932,58.129,1.6129,37.947,16.6091,
2021-06-09,1.2195,133.38,1.9558,N/A,25.377,7.4366,N/A,0.86053,347.19,N/A,N/A,N/A,4.456,N/A,4.9248,10.0595,N/A,N/A,1.0913,146.9,10.0518,7.5025,87.9491,N/A,10.4651,1.5731,6.1345,1.4729,7.7879,9.4615,17375.74,3.9554,88.96,1359.9,23.939,5.0213,1.6925,58.241,1.6133,38,16.5303,
2021-06-08,1.2182,133.28,1.9558,N/A,25.394,7.4364,N/A,0.861,347.86,N/A,N/A,N/A,4.4698,N/A,4.9238,10.0755,N/A,N/A,1.0914,146.9,10.048,7.4975,88.2824,N/A,10.4666,1.5718,6.13,1.4706,7.7938,9.4526,17358.22,3.9506,88.778,1358.73,24.0699,5.0196,1.6885,58.097,1.612,37.996,16.4593,
2021-06-07,1.2162,132.98,1.9558,N/A,25.4,7.4369,N/A,0.85825,345.91,N/A,N/A,N/A,4.4662,N/A,4.9234,10.0552,N/A,N/A,1.0934,146.7,10.0483,7.5005,88.6023,N/A,10.4902,1.5678,6.1389,1.4681,7.7795,9.4355,17325.1,3.9522,88.5305,1351.23,24.045,5.0205,1.6832,57.93,1.6093,37.933,16.3923,
2021-06-04,1.2117,133.39,1.9558,N/A,25.451,7.4368,N/A,0.8569,346.56,N/A,N/A,N/A,4.4703,N/A,4.923,10.105,N/A,N/A,1.0951,147.1,10.156,7.5035,88.6904,N/A,10.5183,1.5804,6.1874,1.468,7.7667,9.4,17358.97,3.946,88.4602,1352.93,24.4415,5.0019,1.6936,57.874,1.6094,37.866,16.5424,
2021-06-03,1.2187,133.81,1.9558,N/A,25.448,7.4365,N/A,0.85955,345.82,N/A,N/A,N/A,4.452,N/A,4.922,10.1145,N/A,N/A,1.0961,146.3,10.1501,7.5013,89.2163,N/A,10.565,1.5792,6.1894,1.471,7.791,9.4551,17420.91,3.9598,88.8755,1357.75,24.33,5.0241,1.6915,58.208,1.6141,37.938,16.5218,
2021-06-02,1.2186,133.72,1.9558,N/A,25.465,7.4365,N/A,0.86125,346.06,N/A,N/A,N/A,4.4653,N/A,4.9208,10.0898,N/A,N/A,1.0982,146.1,10.1393,7.5043,89.5138,N/A,10.4641,1.5756,6.2891,1.4705,7.7812,9.4555,17391.63,3.9649,89.083,1356.11,24.3207,5.0267,1.6843,58.312,1.6129,37.959,16.7269,
2021-06-01,1.2225,134.05,1.9558,N/A,25.462,7.4366,N/A,0.86285,346.46,N/A,N/A,N/A,4.4661,N/A,4.9191,10.0955,N/A,N/A,1.0986,147.5,10.1113,7.5085,89.9113,N/A,10.4162,1.5793,6.3596,1.4708,7.8043,9.4853,17426.6,3.9628,89.1155,1355.39,24.3279,5.0446,1.6837,58.406,1.6169,38.105,16.8285,
2021-05-31,1.2201,133.79,1.9558,N/A,25.454,7.4365,N/A,0.86013,347.61,N/A,N/A,N/A,4.4856,N/A,4.9195,10.121,N/A,N/A,1.0982,147.6,10.2183,7.5062,89.535,N/A,10.3728,1.5775,6.3868,1.4727,7.7722,9.469,17402.96,3.9608,88.5414,1352.04,24.3131,5.0323,1.6799,58.138,1.613,38.067,16.7974,
2021-05-28,1.2142,133.65,1.9558,N/A,25.451,7.4366,N/A,0.85765,347.85,N/A,N/A,N/A,4.4865,N/A,4.9196,10.125,N/A,N/A,1.096,146.5,10.179,7.518,89.4203,N/A,10.4398,1.5796,6.3844,1.4711,7.7422,9.4246,17404.54,3.9482,88.086,1355.86,24.3191,5.0189,1.6811,58.075,1.6102,38.004,16.7945,
2021-05-27,1.2198,133.42,1.9558,N/A,25.439,7.4363,N/A,0.86068,348.54,N/A,N/A,N/A,4.4837,N/A,4.9161,10.1298,N/A,N/A,1.0967,146.7,10.1953,7.517,89.536,N/A,10.2986,1.5753,6.4683,1.4746,7.7808,9.468,17449.52,3.9619,88.563,1362.64,24.2556,5.05,1.672,58.575,1.6146,38.18,16.7647,
2021-05-26,1.2229,133.16,1.9558,N/A,25.451,7.436,N/A,0.8633,350.56,N/A,N/A,N/A,4.4971,N/A,4.918,10.1503,N/A,N/A,1.0958,148.3,10.178,7.5125,90.0602,N/A,10.3325,1.5732,6.5006,1.4784,7.8149,9.4922,17473.28,3.9743,88.971,1366,24.2995,5.0659,1.6737,58.881,1.6189,38.203,16.9282,
2021-05-25,1.2264,133.49,1.9558,N/A,25.447,7.436,N/A,0.86573,348.86,N/A,N/A,N/A,4.4839,N/A,4.925,10.1338,N/A,N/A,1.0977,148.3,10.1965,7.512,90.0534,N/A,10.3176,1.5785,6.497,1.4758,7.856,9.5197,17575.54,3.9733,89.236,1375.57,24.3183,5.0809,1.6918,59.033,1.6255,38.448,16.9591,
2021-05-24,1.2212,132.97,1.9558,N/A,25.424,7.4364,N/A,0.86408,347.47,N/A,N/A,N/A,4.485,N/A,4.9255,10.167,N/A,N/A,1.0957,150.98,10.209,7.5043,90.0519,N/A,10.2427,1.5804,6.5299,1.4731,7.8487,9.4833,17530.33,3.9791,89.0517,1375.43,24.3683,5.0631,1.6997,58.731,1.6236,38.297,17.0622,
2021-05-21,1.2188,132.61,1.9558,N/A,25.452,7.4362,N/A,0.8587,349.11,N/A,N/A,N/A,4.4892,N/A,4.9268,10.122,N/A,N/A,1.0951,147.9,10.142,7.5102,89.4741,N/A,10.2151,1.5698,6.4628,1.468,7.8393,9.4639,17495.87,3.9658,88.802,1373.05,24.2741,5.0471,1.6914,58.391,1.6218,38.234,16.988,
2021-05-20,1.2203,132.95,1.9558,N/A,25.519,7.4364,N/A,0.864,350.6,N/A,N/A,N/A,4.5153,N/A,4.9278,10.1813,N/A,N/A,1.0991,149.3,10.1775,7.5095,89.8263,N/A,10.2114,1.5736,6.4567,1.4778,7.8563,9.4726,17589.83,3.9849,89.163,1379.9,24.2825,5.0594,1.6986,58.41,1.6261,38.305,17.1639,
2021-05-19,1.2212,133.3,1.9558,N/A,25.445,7.436,N/A,0.86233,350.85,N/A,N/A,N/A,4.5188,N/A,4.9278,10.1633,N/A,N/A,1.1008,149.9,10.1058,7.51,90.0135,N/A,10.291,1.5765,6.452,1.4747,7.8594,9.4819,17552,3.9838,89.329,1379.9,24.2954,5.0533,1.6981,58.431,1.6265,38.388,17.1447,
2021-05-18,1.2222,133.09,1.9558,N/A,25.427,7.4363,N/A,0.85998,350.5,N/A,N/A,N/A,4.5243,N/A,4.9273,10.1363,N/A,N/A,1.0963,150.3,10.0125,7.5205,90.0375,N/A,10.1885,1.5652,6.4085,1.4693,7.8501,9.4912,17443.85,4.0008,89.231,1378.11,24.1211,5.0434,1.6821,58.515,1.6245,38.402,17.0837,
2021-05-17,1.2143,132.6,1.9558,N/A,25.498,7.4363,N/A,0.86215,352.9,N/A,N/A,N/A,4.5428,N/A,4.9259,10.1552,N/A,N/A,1.095,151.1,10.0665,7.5164,89.9493,N/A,10.166,1.5683,6.4365,1.472,7.8226,9.4318,17422.72,3.9888,89.0282,1382.18,24.1677,5.016,1.6879,58.201,1.623,38.214,17.2064,
2021-05-14,1.2123,132.49,1.9558,N/A,25.492,7.4362,N/A,0.86083,355.52,N/A,N/A,N/A,4.5218,N/A,4.9259,10.1265,N/A,N/A,1.0952,150.9,10.0074,7.519,89.6216,N/A,10.2174,1.5634,6.3942,1.47,7.8024,9.4151,17331.95,3.9757,88.807,1368.07,24.0232,5.0013,1.6771,57.867,1.6161,38.012,17.0722,
2021-05-13,1.2081,132.37,1.9558,N/A,25.575,7.4365,N/A,0.86063,357.13,N/A,N/A,N/A,4.5467,N/A,4.9273,10.172,N/A,N/A,1.096,150.5,10.127,7.5275,89.7244,N/A,10.2653,1.5673,6.4027,1.4665,7.7969,9.3841,17317.81,3.9774,88.8595,1368.03,24.3353,4.9835,1.6885,57.903,1.612,37.874,17.1055,
2021-05-12,1.2118,131.82,1.9558,N/A,25.522,7.436,N/A,0.85798,357.4,N/A,N/A,N/A,4.5438,N/A,4.9263,10.106,N/A,N/A,1.0966,150.7,10.0263,7.5276,89.8963,N/A,10.112,1.5526,6.349,1.4643,7.8051,9.4115,17284.09,3.9732,88.963,1362.98,24.1783,4.9993,1.6753,57.924,1.6103,37.832,16.9354,
2021-05-11,1.217,132.12,1.9558,N/A,25.571,7.436,N/A,0.86013,358.34,N/A,N/A,N/A,4.5522,N/A,4.927,10.113,N/A,N/A,1.0976,150.9,10.032,7.5387,89.9947,N/A,10.0811,1.5509,6.3576,1.4729,7.8177,9.4527,17254.2,3.9958,89.289,1361.23,24.1364,5.0122,1.6718,58.23,1.6125,37.849,16.9847,
2021-05-10,1.2169,132.31,1.9558,N/A,25.591,7.4361,N/A,0.86195,357.26,N/A,N/A,N/A,4.5631,N/A,4.9248,10.1235,N/A,N/A,1.0939,150.9,10.0008,7.5415,90.0154,N/A,10.0495,1.5433,6.3848,1.4743,7.8045,9.4504,17189.26,3.9537,89.2585,1353.14,24.2464,4.9984,1.6673,58.247,1.611,37.809,17.0843,
2021-05-07,1.2059,131.76,1.9558,N/A,25.682,7.4361,N/A,0.8681,358.01,N/A,N/A,N/A,4.5754,N/A,4.9265,10.1263,N/A,N/A,1.0963,150.5,10.0125,7.5345,89.4671,N/A,10.0019,1.5523,6.3801,1.4689,7.7809,9.3661,17208.37,3.9438,88.6375,1350.52,24.2006,4.9587,1.673,57.747,1.6061,37.588,17.1863,
2021-05-06,1.206,131.69,1.9558,N/A,25.847,7.436,N/A,0.86708,358.18,N/A,N/A,N/A,4.5868,N/A,4.9264,10.194,N/A,N/A,1.0953,150.9,10.0558,7.5335,89.8825,N/A,10.049,1.5547,6.4707,1.4764,7.8054,9.3685,17246.34,3.9312,88.9405,1352.78,24.4195,4.9711,1.6715,57.845,1.6096,37.712,17.2081,
2021-05-05,1.2005,131.2,1.9558,N/A,25.825,7.436,N/A,0.86274,359.65,N/A,N/A,N/A,4.5778,N/A,4.9271,10.1945,N/A,N/A,1.0965,150.8,9.9848,7.5315,89.7964,N/A,10.0174,1.551,6.5174,1.4731,7.7636,9.3267,17313.31,3.9212,88.6925,1350.98,24.2675,4.9431,1.6683,57.658,1.6035,37.366,17.3013,
2021-05-04,1.2021,131.26,1.9558,N/A,25.841,7.4361,N/A,0.8677,360.31,N/A,N/A,N/A,4.5584,N/A,4.9275,10.1673,N/A,N/A,1.098,148.8,10.0123,7.5408,90.2438,N/A,10.011,1.5608,6.5785,1.4836,7.8136,9.3374,17395.47,3.9097,88.814,1353.56,24.404,4.9563,1.6887,57.787,1.6073,37.475,17.4433,
2021-05-03,1.2044,131.9,1.9558,N/A,25.773,7.4365,N/A,0.86838,359.94,N/A,N/A,N/A,4.5518,N/A,4.9269,10.1803,N/A,N/A,1.1016,151,10.016,7.5433,90.7472,N/A,10.0087,1.5573,6.5507,1.4807,7.7967,9.3554,17374.55,3.9053,88.996,1351.95,24.4071,4.9432,1.6786,58.081,1.6044,37.565,17.3953,
2021-04-30,1.2082,131.62,1.9558,N/A,25.883,7.436,N/A,0.86863,359.86,N/A,N/A,N/A,4.5635,N/A,4.9285,10.164,N/A,N/A,1.0998,149.6,9.9533,7.5465,90.7108,N/A,9.9777,1.5581,6.4597,1.4834,7.8134,9.3816,17424.24,3.9199,89.4795,1346.24,24.2345,4.9482,1.6738,58.286,1.6045,37.648,17.3875,
2021-04-29,1.2129,132.2,1.9558,N/A,25.817,7.436,N/A,0.8691,360.39,N/A,N/A,N/A,4.5654,N/A,4.9227,10.1123,N/A,N/A,1.102,148.4,9.9145,7.555,90.0538,N/A,9.9694,1.5554,6.4984,1.4902,7.8463,9.4156,17486.41,3.9373,89.8545,1343.39,24.2355,4.977,1.6703,58.641,1.6076,37.842,17.2752,
2021-04-28,1.207,131.47,1.9558,N/A,25.96,7.436,N/A,0.86988,361.75,N/A,N/A,N/A,4.5859,N/A,4.9288,10.111,N/A,N/A,1.1044,148.8,9.9795,7.5593,90.022,N/A,9.8677,1.5576,6.562,1.4955,7.8268,9.3696,17501.5,3.9264,89.889,1344.95,24.1724,4.9523,1.6711,58.547,1.601,37.852,17.3156,
2021-04-27,1.2088,130.88,1.9558,N/A,25.895,7.436,N/A,0.86895,362.77,N/A,N/A,N/A,4.5644,N/A,4.9253,10.1403,N/A,N/A,1.1038,150,10.0073,7.56,90.555,N/A,9.9189,1.5533,6.5723,1.4985,7.8373,9.3825,17539.51,3.9174,90.152,1343.47,24.0829,4.9531,1.6724,58.517,1.6024,37.92,17.3383,
2021-04-26,1.2085,130.54,1.9558,N/A,25.807,7.4362,N/A,0.86975,363.3,N/A,N/A,N/A,4.5571,N/A,4.9233,10.1308,N/A,N/A,1.1067,151,10.0358,7.5652,90.5838,N/A,10.0428,1.5518,6.5895,1.503,7.8379,9.3777,17502.08,3.917,90.378,1343.56,23.9814,4.9524,1.6727,58.433,1.6027,37.995,17.2441,
2021-04-23,1.2066,129.98,1.9558,N/A,25.847,7.4361,N/A,0.86905,363.47,N/A,N/A,N/A,4.5623,N/A,4.9245,10.1405,N/A,N/A,1.1038,151.2,10.043,7.5705,90.3287,N/A,10.0635,1.559,6.5572,1.5062,7.832,9.3653,17526.35,3.9256,90.4715,1347.03,23.9455,4.9585,1.6802,58.333,1.601,37.85,17.2068,
2021-04-22,1.2046,130.3,1.9558,N/A,25.86,7.4366,N/A,0.86855,363.52,N/A,N/A,N/A,4.5567,N/A,4.9274,10.1237,N/A,N/A,1.1035,151,10.0475,7.5718,91.3275,N/A,9.9553,1.5581,6.6546,1.5067,7.8181,9.3474,17515.06,3.9297,90.394,1346.21,24.0079,4.9539,1.6789,58.304,1.6001,37.77,17.2348,
2021-04-21,1.2007,129.8,1.9558,N/A,25.893,7.4364,N/A,0.8625,362.3,N/A,N/A,N/A,4.5561,N/A,4.926,10.1513,N/A,N/A,1.1026,150.6,10.0423,7.575,92.0836,N/A,9.8156,1.5554,6.6869,1.5137,7.8011,9.3209,17464.9,3.9099,90.5955,1344.21,23.9052,4.9481,1.6726,58.147,1.5971,37.666,17.145,
2021-04-20,1.2051,130.64,1.9558,N/A,25.903,7.4365,N/A,0.86295,361.11,N/A,N/A,N/A,4.5525,N/A,4.9278,10.1288,N/A,N/A,1.1029,151.9,9.9965,7.5715,92.2786,N/A,9.7764,1.5492,6.7117,1.5089,7.8303,9.355,17508.48,3.9166,90.548,1342.91,23.9731,4.9596,1.6735,58.214,1.6009,37.69,17.2287,
2021-04-19,1.2035,130.09,1.9558,N/A,25.903,7.4364,N/A,0.86355,360.23,N/A,N/A,N/A,4.5473,N/A,4.926,10.0985,N/A,N/A,1.0998,151.7,9.9733,7.5713,91.7527,N/A,9.7198,1.5491,6.7056,1.5038,7.8323,9.3475,17463.33,3.9262,90.0675,1340.89,23.886,4.9626,1.675,58.223,1.6014,37.589,17.1398,
2021-04-16,1.1986,130.37,1.9558,N/A,25.927,7.4368,N/A,0.86793,361.1,N/A,N/A,N/A,4.5509,N/A,4.9263,10.1055,N/A,N/A,1.1011,151.9,10.018,7.5668,90.8921,N/A,9.6692,1.5459,6.74,1.4986,7.8157,9.3152,17420.96,3.9286,89.2355,1335.7,23.8806,4.9466,1.6725,58.001,1.598,37.42,17.0967,
2021-04-15,1.197,130.14,1.9558,N/A,25.942,7.4372,N/A,0.86753,358.93,N/A,N/A,N/A,4.5554,N/A,4.925,10.1298,N/A,N/A,1.1046,151.9,10.0433,7.5615,92.2336,N/A,9.7111,1.5448,6.7631,1.4955,7.8129,9.2984,17497.09,3.9279,89.801,1335.3,23.9455,4.937,1.6716,58.013,1.5974,37.376,17.0453,
2021-04-14,1.1964,130.33,1.9558,N/A,25.929,7.4372,N/A,0.86918,358.61,N/A,N/A,N/A,4.5537,N/A,4.924,10.1433,N/A,N/A,1.1033,151.7,10.0745,7.5703,90.5504,N/A,9.6792,1.5561,6.8189,1.5026,7.8146,9.2915,17496.57,3.9311,89.833,1333.87,24.0508,4.9393,1.6821,58.031,1.5998,37.519,17.2989,
2021-04-13,1.1896,130.23,1.9558,N/A,26.016,7.4374,N/A,0.86698,359.44,N/A,N/A,N/A,4.5668,N/A,4.9223,10.211,N/A,N/A,1.1001,151.9,10.1675,7.5695,91.845,N/A,9.6893,1.5652,6.8216,1.5006,7.7905,9.2477,17431.21,3.93,89.7215,1337.32,24.0251,4.919,1.6946,57.854,1.5981,37.579,17.4228,
2021-04-12,1.1904,130.2,1.9558,N/A,26.031,7.4369,N/A,0.86518,356.43,N/A,N/A,N/A,4.5246,N/A,4.9203,10.1975,N/A,N/A,1.0998,151.9,10.094,7.5673,91.9588,N/A,9.7038,1.5613,6.746,1.4931,7.7907,9.2564,17391.62,3.9185,89.302,1338.46,23.969,4.9199,1.6914,57.845,1.5964,37.504,17.3878,
2021-04-09,1.1888,130.42,1.9558,N/A,25.945,7.4372,N/A,0.86658,357.97,N/A,N/A,N/A,4.5392,N/A,4.9198,10.1725,N/A,N/A,1.101,151.9,10.113,7.5755,91.8152,N/A,9.6903,1.5579,6.6641,1.495,7.7934,9.247,17354.52,3.9093,88.8145,1331.28,23.9374,4.9157,1.686,57.764,1.5941,37.388,17.31,
2021-04-08,1.1873,129.71,1.9558,N/A,25.875,7.4377,N/A,0.8629,358.65,N/A,N/A,N/A,4.5513,N/A,4.9198,10.2073,N/A,N/A,1.1021,151,10.078,7.5835,91.4618,N/A,9.6799,1.5539,6.6545,1.4947,7.7749,9.2356,17257.41,3.8994,88.5885,1324.91,23.9497,4.9125,1.6855,57.713,1.5916,37.347,17.2677,
2021-04-07,1.1884,130.56,1.9558,N/A,25.919,7.4365,N/A,0.86065,359.68,N/A,N/A,N/A,4.5756,N/A,4.9185,10.236,N/A,N/A,1.1044,150.4,10.0535,7.5763,92.3359,N/A,9.7227,1.5581,6.644,1.4982,7.7761,9.2527,17304.71,3.9236,88.3675,1328.05,24.0091,4.9099,1.6907,57.965,1.5917,37.286,17.2803,
2021-04-06,1.1812,130.27,1.9558,N/A,26.051,7.4379,N/A,0.85358,360.31,N/A,N/A,N/A,4.5914,N/A,4.9175,10.261,N/A,N/A,1.107,149.5,10.0768,7.57,90.5074,N/A,9.6281,1.5482,6.6644,1.484,7.739,9.186,17133.31,3.9005,86.7,1323.16,23.9395,4.8801,1.6814,57.424,1.584,37.054,17.1399,
2021-04-01,1.1746,130.03,1.9558,N/A,26.085,7.4379,N/A,0.85195,361.84,N/A,N/A,N/A,4.6089,N/A,4.9088,10.2753,N/A,N/A,1.1099,148.7,10.0408,7.5705,89.5944,N/A,9.5903,1.55,6.6149,1.4787,7.7195,9.1346,17068.23,3.915,86.2275,1328.36,23.8792,4.8693,1.6806,57.076,1.5801,36.73,17.2074,
2021-03-31,1.1725,129.91,1.9558,N/A,26.143,7.4373,N/A,0.85209,363.27,N/A,N/A,N/A,4.6508,N/A,4.9223,10.2383,N/A,N/A,1.107,148.1,9.9955,7.5705,88.3175,N/A,9.725,1.5412,6.7409,1.4782,7.6812,9.1153,17030.56,3.9178,85.813,1324.19,24.0506,4.8618,1.6769,56.901,1.5768,36.658,17.3484,
2021-03-30,1.1741,129.48,1.9558,N/A,26.122,7.4369,N/A,0.85378,363.3,N/A,N/A,N/A,4.6582,N/A,4.921,10.2473,N/A,N/A,1.1057,148.5,10.0613,7.5698,89.1591,N/A,9.78,1.5419,6.7685,1.4814,7.7154,9.1283,17063.2,3.9133,86.254,1331.35,24.2262,4.8737,1.6794,57.015,1.5815,36.714,17.5396,
2021-03-29,1.1784,129.19,1.9558,N/A,26.079,7.436,N/A,0.8512,362.32,N/A,N/A,N/A,4.6457,N/A,4.9025,10.2205,N/A,N/A,1.1075,151,10.0738,7.5723,89.4425,N/A,9.6209,1.5398,6.7964,1.4833,7.7334,9.1618,17021.99,3.9254,85.5038,1334.49,24.4513,4.8803,1.6805,57.112,1.586,36.731,17.6924,
2021-03-26,1.1782,129.34,1.9558,N/A,26.081,7.4361,N/A,0.85503,363.58,N/A,N/A,N/A,4.6493,N/A,4.8878,10.1905,N/A,N/A,1.109,149.8,10.1258,7.574,89.5075,N/A,9.4523,1.5459,6.711,1.4814,7.7063,9.154,16986.7,3.9261,85.4845,1332.17,24.2575,4.8854,1.6863,57.132,1.5865,36.654,17.6845,
2021-03-25,1.1802,128.75,1.9558,N/A,26.233,7.436,N/A,0.86068,364.78,N/A,N/A,N/A,4.6399,N/A,4.8865,10.1935,N/A,N/A,1.1045,149.8,10.1653,7.5748,90.0115,N/A,9.4313,1.5548,6.696,1.4849,7.722,9.17,17024.39,3.9091,85.7605,1340.88,24.6616,4.8937,1.6948,57.335,1.5899,36.746,17.6852,
2021-03-24,1.1825,128.6,1.9558,N/A,26.206,7.436,N/A,0.8625,364.93,N/A,N/A,N/A,4.628,N/A,4.888,10.1635,N/A,N/A,1.1068,150.1,10.1563,7.573,90.2013,N/A,9.4009,1.5532,6.5258,1.4884,7.7133,9.1863,17082,3.8918,85.8585,1338.12,24.5236,4.8843,1.6963,57.468,1.5917,36.658,17.5248,
2021-03-23,1.1883,128.99,1.9558,N/A,26.198,7.436,N/A,0.86198,366.51,N/A,N/A,N/A,4.6191,N/A,4.8893,10.1813,N/A,N/A,1.1066,148.3,10.1783,7.5755,90.2781,N/A,9.3638,1.5491,6.5562,1.4938,7.7367,9.229,17105.58,3.9099,86.1025,1342.48,24.5926,4.8988,1.6918,57.779,1.5955,36.819,17.5818,
2021-03-22,1.1926,129.77,1.9558,N/A,26.075,7.436,N/A,0.86233,366.9,N/A,N/A,N/A,4.6017,N/A,4.8862,10.158,N/A,N/A,1.1023,151.2,10.1393,7.574,88.9011,N/A,9.4097,1.54,6.5917,1.4903,7.7582,9.2614,17176.42,3.9404,86.2895,1344.78,24.6337,4.9064,1.6617,57.843,1.5992,36.816,17.5657,
2021-03-19,1.1891,129.54,1.9558,N/A,26.127,7.4364,N/A,0.85763,367.94,N/A,N/A,N/A,4.62,N/A,4.8853,10.1743,N/A,N/A,1.1066,151.4,10.2018,7.5758,88.075,N/A,8.6354,1.5365,6.571,1.4877,7.7413,9.2352,17128.99,3.9213,86.2155,1344.69,24.16,4.8842,1.6598,57.795,1.597,36.672,17.5051,
2021-03-18,1.1912,130.08,1.9558,N/A,26.17,7.436,N/A,0.85575,368.18,N/A,N/A,N/A,4.6253,N/A,4.8858,10.157,N/A,N/A,1.1069,151.6,10.1058,7.575,88.1313,N/A,8.7701,1.5347,6.6225,1.4824,7.7507,9.2493,17165.19,3.929,86.6105,1343.25,24.5306,4.8976,1.6567,57.997,1.6013,36.772,17.6202,
2021-03-17,1.1907,130.02,1.9558,N/A,26.159,7.436,N/A,0.85668,367.74,N/A,N/A,N/A,4.6136,N/A,4.8874,10.1355,N/A,N/A,1.1047,151.4,10.1213,7.5765,87.8245,N/A,8.9498,1.5427,6.7299,1.4852,7.7435,9.2476,17216.3,3.9155,86.429,1346.65,24.6882,4.9075,1.6618,57.982,1.6036,36.656,17.718,
2021-03-16,1.1926,129.88,1.9558,N/A,26.197,7.436,N/A,0.85945,367.3,N/A,N/A,N/A,4.5933,N/A,4.8868,10.1388,N/A,N/A,1.1033,151.6,10.1028,7.5765,86.6948,N/A,8.935,1.539,6.6722,1.4867,7.7519,9.2626,17206.59,3.9297,86.479,1347.36,24.6021,4.9064,1.6578,57.994,1.6049,36.655,17.7067,
2021-03-15,1.192,130.17,1.9558,N/A,26.193,7.4362,N/A,0.8567,367.63,N/A,N/A,N/A,4.5914,N/A,4.8845,10.185,N/A,N/A,1.1084,153.5,10.0988,7.5798,87.1471,N/A,8.9852,1.5419,6.6896,1.4874,7.7508,9.2553,17165.81,3.9428,86.4925,1351.97,24.661,4.9021,1.6588,57.868,1.604,36.63,17.7316,
2021-03-12,1.1933,130.14,1.9558,N/A,26.15,7.4366,N/A,0.85835,366.18,N/A,N/A,N/A,4.5867,N/A,4.885,10.1388,N/A,N/A,1.1094,153.9,10.0863,7.5885,87.703,N/A,9.0452,1.5394,6.6421,1.4975,7.7636,9.2642,17174.63,3.9637,86.726,1354.93,24.8556,4.914,1.6633,57.772,1.6053,36.73,17.8505,
2021-03-11,1.1969,129.82,1.9558,N/A,26.154,7.4366,N/A,0.8567,365.88,N/A,N/A,N/A,4.576,N/A,4.884,10.1295,N/A,N/A,1.1066,153.3,10.091,7.586,88.0432,N/A,8.9028,1.5384,6.7039,1.5051,7.7614,9.287,17241.34,3.9537,86.888,1353.09,24.7978,4.9163,1.6546,57.971,1.6032,36.57,17.8077,
2021-03-10,1.1892,129.12,1.9558,N/A,26.226,7.4366,N/A,0.85655,367.48,N/A,N/A,N/A,4.5752,N/A,4.8865,10.1305,N/A,N/A,1.1069,152.1,10.0813,7.5865,87.9744,N/A,9.0269,1.543,6.8807,1.5041,7.7433,9.2307,17130.43,3.9532,86.81,1357.05,25.2221,4.9072,1.659,57.78,1.6019,36.592,18.174,
2021-03-09,1.1894,129.5,1.9558,N/A,26.288,7.4366,N/A,0.85704,366.83,N/A,N/A,N/A,4.5843,N/A,4.887,10.136,N/A,N/A,1.1071,151.75,10.0838,7.5913,87.9711,N/A,9.1023,1.544,6.9553,1.499,7.7478,9.2325,17140.98,3.9602,86.827,1353.91,25.3635,4.8974,1.6607,57.724,1.6011,36.597,18.3128,
2021-03-08,1.1866,128.9,1.9558,N/A,26.417,7.4362,N/A,0.85728,367.19,N/A,N/A,N/A,4.6002,N/A,4.8852,10.1803,N/A,N/A,1.1087,152.7,10.1785,7.578,88.7408,N/A,9.1062,1.5499,6.8228,1.5035,7.7446,9.2183,17039.58,3.9612,87.0475,1351.68,25.5759,4.874,1.6673,57.803,1.5996,36.535,18.3582,
2021-03-05,1.1938,129.3,1.9558,N/A,26.303,7.4363,N/A,0.863,366.29,N/A,N/A,N/A,4.5748,N/A,4.8813,10.1863,N/A,N/A,1.1066,152.9,10.211,7.5745,88.8807,N/A,8.9502,1.5565,6.7979,1.516,7.7489,9.2695,17184.09,3.9606,87.2305,1347.11,25.3204,4.8635,1.6737,58.048,1.6008,36.422,18.2619,
2021-03-04,1.2034,129.23,1.9558,N/A,26.208,7.4361,N/A,0.8627,364.53,N/A,N/A,N/A,4.5529,N/A,4.8813,10.1595,N/A,N/A,1.1114,153.3,10.2595,7.587,88.6563,N/A,8.9666,1.5449,6.7469,1.5213,7.7846,9.3363,17166.5,3.983,87.552,1353.89,25.0615,4.8828,1.6599,58.399,1.6024,36.511,18.0926,
2021-03-03,1.2048,128.81,1.9558,N/A,26.138,7.4362,N/A,0.86351,363.75,N/A,N/A,N/A,4.5336,N/A,4.8775,10.125,N/A,N/A,1.1064,152.5,10.2451,7.5805,88.8857,N/A,8.9009,1.5455,6.8827,1.5234,7.7897,9.3452,17175.15,3.964,87.7665,1347.23,24.9919,4.8806,1.6581,58.42,1.6041,36.566,18.0073,
2021-03-02,1.2028,128.58,1.9558,N/A,26.142,7.4361,N/A,0.86433,363.7,N/A,N/A,N/A,4.5322,N/A,4.8762,10.14,N/A,N/A,1.105,152.1,10.2555,7.5825,88.6885,N/A,8.8151,1.5422,6.8387,1.5225,7.784,9.3297,17230.11,3.97,88.259,1354.37,24.8772,4.8804,1.6565,58.338,1.6016,36.401,18.1353,
2021-03-01,1.2053,128.63,1.9558,N/A,26.087,7.436,N/A,0.86558,362.86,N/A,N/A,N/A,4.5263,N/A,4.8749,10.1833,N/A,N/A,1.1014,153.9,10.36,7.5775,89.3155,N/A,8.7175,1.557,6.7244,1.5274,7.797,9.3498,17254.29,3.9828,88.6665,1352.8,25.0317,4.8881,1.6629,58.531,1.6042,36.436,18.1498,
2021-02-26,1.2121,128.83,1.9558,N/A,26.195,7.4361,N/A,0.87053,361.43,N/A,N/A,N/A,4.5186,N/A,4.875,10.1388,N/A,N/A,1.0986,152.9,10.4012,7.583,90.6697,N/A,9.0168,1.5605,6.6644,1.5331,7.8385,9.401,17353.51,4.0072,89.5766,1367.1,25.2879,4.9096,1.6622,59.09,1.6106,36.799,18.1025,
2021-02-25,1.2225,129.73,1.9558,N/A,26.11,7.4363,N/A,0.86408,360.18,N/A,N/A,N/A,4.5122,N/A,4.8748,10.0668,N/A,N/A,1.1076,153.3,10.2275,7.5895,90.3519,N/A,8.8344,1.5317,6.6663,1.5257,7.8898,9.4793,17352.1,4.0086,88.794,1359.14,25.3424,4.9383,1.6409,59.492,1.612,36.858,18.1101,
2021-02-24,1.2146,128.69,1.9558,N/A,25.978,7.4364,N/A,0.8603,359.74,N/A,N/A,N/A,4.5178,N/A,4.8749,10.0893,N/A,N/A,1.1029,154.6,10.2483,7.5805,89.4919,N/A,8.7071,1.5347,6.5642,1.5266,7.8362,9.4189,17070.23,3.9682,87.876,1346.15,24.77,4.91,1.6451,59.072,1.6049,36.487,17.5723,
2021-02-23,1.2143,127.98,1.9558,N/A,25.906,7.4366,N/A,0.86308,359.14,N/A,N/A,N/A,4.5066,N/A,4.876,10.0747,N/A,N/A,1.0946,155.2,10.319,7.577,89.9219,N/A,8.5681,1.5378,6.6062,1.5319,7.8506,9.4153,17129.52,3.9655,88.0575,1351.72,25.1611,4.91,1.6585,59.021,1.6048,36.453,17.8599,
2021-02-22,1.2133,128,1.9558,N/A,25.954,7.4365,N/A,0.8653,359.09,N/A,N/A,N/A,4.4982,N/A,4.8758,10.0315,N/A,N/A,1.0888,155.6,10.3185,7.5714,90.98,N/A,8.5684,1.5392,6.6843,1.5328,7.8447,9.407,17197.5,3.9683,87.972,1350.83,25.2189,4.9048,1.6583,59.112,1.6058,36.448,18.0732,
2021-02-19,1.2139,127.81,1.9558,N/A,25.849,7.4368,N/A,0.86508,358.5,N/A,N/A,N/A,4.483,N/A,4.8758,10.033,N/A,N/A,1.0851,155.6,10.2095,7.578,89.6089,N/A,8.447,1.5445,6.5633,1.5307,7.8318,9.4121,17094.81,3.97,88.0145,1339.59,24.7094,4.9048,1.6642,58.846,1.6059,36.386,17.7391,
2021-02-18,1.2084,127.69,1.9558,N/A,25.864,7.4362,N/A,0.8654,358.73,N/A,N/A,N/A,4.4888,N/A,4.8751,10.0328,N/A,N/A,1.0829,155.8,10.2178,7.5765,88.9872,N/A,8.3975,1.5518,6.5252,1.5307,7.8172,9.3684,16998.02,3.9403,87.6695,1336.85,24.389,4.8844,1.6735,58.616,1.6028,36.276,17.5602,
2021-02-17,1.206,127.94,1.9558,N/A,25.883,7.4368,N/A,0.8696,359.03,N/A,N/A,N/A,4.5012,N/A,4.875,10.0413,N/A,N/A,1.0806,155.8,10.2113,7.5705,89.0524,N/A,8.4348,1.5573,6.4771,1.5304,7.7886,9.3493,16959.38,3.9278,87.794,1334.77,24.4836,4.8702,1.6786,58.433,1.6028,36.168,17.8247,
2021-02-16,1.2143,128.16,1.9558,N/A,25.753,7.4367,N/A,0.87333,358.51,N/A,N/A,N/A,4.4942,N/A,4.876,10.0415,N/A,N/A,1.08,155.6,10.1938,7.572,89.3431,N/A,8.4673,1.5613,6.5209,1.5365,7.8422,9.4139,16974.4,3.9304,88.4195,1341.09,24.3866,4.8936,1.6774,58.606,1.6086,36.332,17.6544,
2021-02-15,1.2129,127.72,1.9558,N/A,25.682,7.4366,N/A,0.87225,358.15,N/A,N/A,N/A,4.4864,N/A,4.8753,10.0435,N/A,N/A,1.0802,155.6,10.1963,7.572,88.9548,N/A,8.4418,1.5602,6.5134,1.5346,7.8332,9.4033,16857.31,3.9349,88.068,1337.12,24.1825,4.8934,1.6785,58.136,1.6046,36.254,17.5006,
2021-02-12,1.2108,127.15,1.9558,N/A,25.753,7.4361,N/A,0.87753,358.87,N/A,N/A,N/A,4.4999,N/A,4.8746,10.0818,N/A,N/A,1.0803,155.8,10.285,7.571,89.8055,N/A,8.501,1.5666,6.5302,1.5418,7.8207,9.3868,16936.37,3.9377,87.877,1337.98,24.2515,4.8947,1.684,58.181,1.6066,36.215,17.7362,
2021-02-11,1.2147,127.12,1.9558,N/A,25.772,7.438,N/A,0.87755,357.18,N/A,N/A,N/A,4.4975,N/A,4.8745,10.0868,N/A,N/A,1.0802,155.8,10.2595,7.5688,89.3792,N/A,8.5254,1.5638,6.4936,1.5384,7.8448,9.4171,16963.1,3.9531,88.404,1339.97,24.2037,4.9104,1.6772,58.343,1.608,36.271,17.7533,
2021-02-10,1.2127,127.04,1.9558,N/A,25.835,7.4373,N/A,0.8765,357.53,N/A,N/A,N/A,4.4819,N/A,4.8752,10.08,N/A,N/A,1.0805,155.2,10.228,7.5645,89.5116,N/A,8.5503,1.5682,6.5641,1.5394,7.8235,9.4014,16956.58,3.9441,88.3185,1340.67,24.3776,4.9042,1.6803,58.269,1.608,36.266,17.8301,
2021-02-09,1.2104,126.58,1.9558,N/A,25.738,7.4369,N/A,0.87828,358.88,N/A,N/A,N/A,4.4761,N/A,4.8753,10.1058,N/A,N/A,1.0817,154.1,10.2588,7.567,89.6164,N/A,8.5883,1.5681,6.553,1.5414,7.7894,9.3827,16929.8,3.9401,88.2765,1347.42,24.3205,4.8997,1.6741,58.142,1.6074,36.239,17.8953,
2021-02-08,1.2025,126.97,1.9558,N/A,25.739,7.4365,N/A,0.87833,358.33,N/A,N/A,N/A,4.4824,N/A,4.8748,10.1148,N/A,N/A,1.0842,154.7,10.2725,7.5583,89.4049,N/A,8.5308,1.5693,6.4955,1.5363,7.7618,9.3219,16876.31,3.9487,87.724,1347.77,24.305,4.8888,1.674,57.843,1.6067,36.098,17.9701,
2021-02-05,1.1983,126.72,1.9558,N/A,25.806,7.4362,N/A,0.87538,356.58,N/A,N/A,N/A,4.5023,N/A,4.8747,10.1228,N/A,N/A,1.0825,154.9,10.3068,7.5613,89.6325,N/A,8.4753,1.5761,6.5248,1.5344,7.7535,9.29,16820.24,3.9456,87.367,1345.45,24.349,4.8777,1.6776,57.641,1.6033,36.069,17.9407,
2021-02-04,1.1996,126.24,1.9558,N/A,25.895,7.4367,N/A,0.87693,355.59,N/A,N/A,N/A,4.4941,N/A,4.8755,10.1358,N/A,N/A,1.0818,156.1,10.338,7.5715,90.6192,N/A,8.549,1.5727,6.4285,1.5358,7.7542,9.3003,16838.85,3.9549,87.4345,1341.26,24.2904,4.8686,1.6666,57.668,1.6025,36.06,18.0297,
2021-02-03,1.2017,126.25,1.9558,N/A,25.925,7.4375,N/A,0.88145,355.51,N/A,N/A,N/A,4.4917,N/A,4.8734,10.1303,N/A,N/A,1.0804,156.1,10.354,7.5693,91.2217,N/A,8.6136,1.5781,6.4256,1.5373,7.7623,9.315,16852.88,3.9695,87.6185,1341.03,24.219,4.8681,1.6695,57.721,1.6021,36.111,17.9412,
2021-02-02,1.2044,126.46,1.9558,N/A,25.9,7.4373,N/A,0.88075,355.7,N/A,N/A,N/A,4.4953,N/A,4.8743,10.1593,N/A,N/A,1.0808,156.1,10.3463,7.581,90.9307,N/A,8.6629,1.5847,6.4904,1.5422,7.7756,9.3361,16878.4,3.9727,87.906,1344.07,24.3492,4.8712,1.6793,57.708,1.6041,36.12,18.0067,
2021-02-01,1.2084,126.77,1.9558,N/A,25.975,7.4373,N/A,0.882,356.35,N/A,N/A,N/A,4.508,N/A,4.8735,10.1627,N/A,N/A,1.0816,156.3,10.389,7.5745,91.6248,N/A,8.6902,1.5831,6.5765,1.5474,7.8143,9.3687,17011.92,3.9739,88.345,1351.21,24.5157,4.885,1.6844,58.083,1.6092,36.228,18.1574,
2021-01-29,1.2136,127.05,1.9558,N/A,26.02,7.437,N/A,0.88383,358.39,N/A,N/A,N/A,4.5304,N/A,4.875,10.111,N/A,N/A,1.0798,156.1,10.343,7.5658,91.8979,N/A,8.8772,1.5819,6.6568,1.552,7.8047,9.4093,16994.16,3.9814,88.432,1354.98,24.5417,4.906,1.6863,58.333,1.6121,36.287,18.3058,
2021-01-28,1.2091,126.2,1.9558,N/A,26.114,7.4368,N/A,0.88603,360.34,N/A,N/A,N/A,4.5471,N/A,4.8761,10.1353,N/A,N/A,1.0783,156,10.5205,7.5652,92.3842,N/A,8.9313,1.5914,6.5857,1.5564,7.8226,9.3742,17069.17,3.9825,88.321,1350.76,24.7187,4.8914,1.7008,58.126,1.6119,36.315,18.4355,
2021-01-27,1.2114,125.87,1.9558,N/A,26.025,7.4377,N/A,0.88395,360.9,N/A,N/A,N/A,4.552,N/A,4.8753,10.1139,N/A,N/A,1.0759,157,10.4555,7.559,91.7258,N/A,8.9542,1.5744,6.4967,1.5453,7.8411,9.3911,17123.2,3.9556,88.438,1340.79,24.4497,4.9007,1.6844,58.27,1.6088,36.342,18.4379,
2021-01-26,1.2143,125.93,1.9558,N/A,26.08,7.439,N/A,0.88698,358.61,N/A,N/A,N/A,4.5465,N/A,4.8748,10.0715,N/A,N/A,1.0789,157,10.3873,7.563,91.2538,N/A,8.9269,1.5709,6.5816,1.5444,7.8537,9.4132,17126.85,3.9692,88.5555,1339.51,24.3386,4.9161,1.6793,58.379,1.6099,36.405,18.4065,
2021-01-25,1.2152,126.06,1.9558,N/A,26.08,7.4406,N/A,0.888,357.33,N/A,N/A,N/A,4.5409,N/A,4.8744,10.0625,N/A,N/A,1.0772,157,10.3478,7.5665,91.6732,N/A,8.9865,1.5728,6.6434,1.5459,7.8712,9.4199,17108.31,3.9716,88.63,1340.18,24.2927,4.9149,1.6854,58.427,1.6124,36.438,18.493,
2021-01-22,1.2158,126.19,1.9558,N/A,26.152,7.4404,N/A,0.89045,357.61,N/A,N/A,N/A,4.5385,N/A,4.874,10.0815,N/A,N/A,1.0773,157,10.3308,7.5655,91.1009,N/A,9.0195,1.577,6.5765,1.5458,7.8822,9.4255,17140.23,3.9892,88.767,1344.48,24.2345,4.9155,1.6945,58.444,1.6149,36.486,18.381,
2021-01-21,1.2158,125.72,1.9558,N/A,26.094,7.4395,N/A,0.88625,357.38,N/A,N/A,N/A,4.5284,N/A,4.874,10.0825,N/A,N/A,1.0773,156.8,10.2513,7.565,89.6369,N/A,8.9555,1.5635,6.4073,1.5345,7.8552,9.4245,17009.04,3.9775,88.722,1337.11,23.8443,4.8997,1.6853,58.406,1.6081,36.389,17.9988,
2021-01-20,1.2101,125.62,1.9558,N/A,26.125,7.4382,N/A,0.88563,357.38,N/A,N/A,N/A,4.5322,N/A,4.8738,10.1383,N/A,N/A,1.0778,157.2,10.323,7.5635,89.085,N/A,9.0111,1.5666,6.439,1.5379,7.8292,9.3804,17004.08,3.9373,88.368,1333.62,23.7719,4.8949,1.6965,58.122,1.6054,36.315,18.1101,
2021-01-19,1.2132,126.16,1.9558,N/A,26.161,7.4393,N/A,0.891,358.52,N/A,N/A,N/A,4.5352,N/A,4.8744,10.0953,N/A,N/A,1.0769,157,10.3423,7.5655,89.44,N/A,9.0257,1.5723,6.3848,1.5438,7.861,9.4052,17080.95,3.9354,88.7525,1337.54,23.787,4.9135,1.702,58.251,1.6114,36.426,18.1181,
2021-01-18,1.2064,125.18,1.9558,N/A,26.185,7.4393,N/A,0.89073,360.39,N/A,N/A,N/A,4.5389,N/A,4.8743,10.154,N/A,N/A,1.0747,156.8,10.3858,7.5535,89.5913,N/A,9.0546,1.5721,6.391,1.5413,7.8359,9.3538,17053.67,3.9018,88.4365,1335.05,23.9785,4.8883,1.6975,57.989,1.6078,36.361,18.4919,
2021-01-15,1.2123,125.74,1.9558,N/A,26.163,7.4393,N/A,0.88998,359.99,N/A,N/A,N/A,4.5375,N/A,4.8733,10.1305,N/A,N/A,1.077,156.4,10.3135,7.5535,89.0364,N/A,9.0179,1.568,6.3697,1.5413,7.8499,9.4005,17032.57,3.9546,88.6365,1333.6,24.0231,4.8939,1.6896,58.226,1.6105,36.411,18.4627,
2021-01-14,1.2124,126.21,1.9558,N/A,26.19,7.4393,N/A,0.88943,359.57,N/A,N/A,N/A,4.5379,N/A,4.8738,10.1059,N/A,N/A,1.0805,156.6,10.3108,7.569,89.09,N/A,8.9492,1.5642,6.3888,1.5381,7.8409,9.4005,17026.94,3.8095,88.6625,1330.37,24.0418,4.8932,1.6853,58.232,1.609,36.396,18.4147,
2021-01-13,1.2166,126.44,1.9558,N/A,26.173,7.4392,N/A,0.88983,360.25,N/A,N/A,N/A,4.5253,N/A,4.8725,10.1383,N/A,N/A,1.0812,156,10.339,7.5805,89.7859,N/A,9.0531,1.5734,6.4869,1.5487,7.8716,9.4336,17188.25,3.8212,89.0095,1335.2,24.1414,4.9205,1.6954,58.472,1.6139,36.547,18.6329,
2021-01-12,1.2161,126.74,1.9558,N/A,26.19,7.4385,N/A,0.8944,359.66,N/A,N/A,N/A,4.5248,N/A,4.8713,10.0878,N/A,N/A,1.0812,156.2,10.3765,7.5805,90.0537,N/A,9.105,1.5742,6.6592,1.551,7.8576,9.4314,17201.73,3.8441,89.0915,1336.38,24.301,4.9343,1.694,58.434,1.6146,36.641,18.7269,
2021-01-11,1.2163,126.76,1.9558,N/A,26.239,7.4372,N/A,0.90235,360.7,N/A,N/A,N/A,4.5294,N/A,4.8705,10.076,N/A,N/A,1.0838,157.1,10.368,7.58,90.8075,N/A,9.055,1.5783,6.6562,1.5551,7.8806,9.433,17267.14,3.8676,89.346,1335.76,24.5301,4.9284,1.6918,58.486,1.618,36.659,18.8079,
2021-01-08,1.225,127.26,1.9558,N/A,26.163,7.4369,N/A,0.90128,359.62,N/A,N/A,N/A,4.5113,N/A,4.8708,10.051,N/A,N/A,1.0827,155.5,10.2863,7.569,90.8,N/A,9.0146,1.5758,6.5748,1.5543,7.9184,9.4982,17247.33,3.8981,89.7975,1337.9,24.4718,4.9359,1.6883,58.947,1.6228,36.848,18.7212,
2021-01-07,1.2276,127.13,1.9558,N/A,26.147,7.4392,N/A,0.9019,357.79,N/A,N/A,N/A,4.4998,N/A,4.8712,10.0575,N/A,N/A,1.0833,155.3,10.3435,7.566,91.2,N/A,8.9987,1.5836,6.5172,1.5601,7.9392,9.5176,17259.99,3.9027,90.0455,1342.29,24.2552,4.957,1.6907,59.043,1.6253,36.859,18.7919,
2021-01-06,1.2338,127.03,1.9558,N/A,26.145,7.4393,N/A,0.90635,357.86,N/A,N/A,N/A,4.516,N/A,4.872,10.0653,N/A,N/A,1.0821,156.3,10.381,7.5595,90.8175,N/A,9.0554,1.5824,6.5119,1.564,7.9653,9.5659,17168.2,3.9289,90.204,1339.3,24.3543,4.9482,1.6916,59.296,1.6246,36.921,18.5123,
2021-01-05,1.2271,126.25,1.9558,N/A,26.227,7.4387,N/A,0.90333,360.27,N/A,N/A,N/A,4.5473,N/A,4.8721,10.057,N/A,N/A,1.0803,156.1,10.4713,7.5588,91.6715,N/A,9.0694,1.5927,6.5517,1.5651,7.9315,9.5136,17075.1,3.9277,89.867,1335.85,24.586,4.9293,1.7036,59.02,1.618,36.776,18.4194,
2021-01-04,1.2296,126.62,1.9558,N/A,26.141,7.4379,N/A,0.9016,361.32,N/A,N/A,N/A,4.5475,N/A,4.8713,10.0895,N/A,N/A,1.0811,156.1,10.444,7.5565,90.342,N/A,9.0579,1.5928,6.3241,1.5621,7.9484,9.533,17062.67,3.943,89.789,1332.03,24.3031,4.9264,1.7065,59.058,1.6198,36.728,17.9214,
2020-12-31,1.2271,126.49,1.9558,N/A,26.242,7.4409,N/A,0.89903,363.89,N/A,N/A,N/A,4.5597,N/A,4.8683,10.0343,N/A,N/A,1.0802,156.1,10.4703,7.5519,91.4671,N/A,9.1131,1.5896,6.3735,1.5633,8.0225,9.5142,17240.76,3.9447,89.6605,1336,24.416,4.934,1.6984,59.125,1.6218,36.727,18.0219,
2020-12-30,1.2281,126.57,1.9558,N/A,26.252,7.4393,N/A,0.90307,364.88,N/A,N/A,N/A,4.5565,N/A,4.8681,10.0568,N/A,N/A,1.0857,156.1,10.547,7.546,91.8851,N/A,9.0321,1.6025,6.3574,1.5701,8.0134,9.521,17254.81,3.9429,89.8824,1335.83,24.3733,4.9578,1.7071,59.026,1.6257,36.769,18.0053,
2020-12-29,1.2259,127.23,1.9558,N/A,26.302,7.4382,N/A,0.90863,364.53,N/A,N/A,N/A,4.5308,N/A,4.8757,10.084,N/A,N/A,1.0862,156.3,10.55,7.5447,90.1883,N/A,9.0177,1.6121,6.3717,1.5713,8.007,9.5043,17305.6,3.9363,89.942,1340.33,24.4001,4.9655,1.7171,58.903,1.6274,36.826,17.9651,
2020-12-28,1.2219,126.54,1.9558,N/A,26.247,7.4361,N/A,0.90408,363.46,N/A,N/A,N/A,4.4907,N/A,4.8745,10.107,N/A,N/A,1.0854,156.1,10.5713,7.5435,90.0681,N/A,9.1254,1.6083,6.3443,1.5677,7.9906,9.4731,17337.66,3.9275,89.8145,1340.87,24.3136,4.949,1.716,58.7,1.6237,36.865,17.8008,
2020-12-24,1.2193,126.38,1.9558,N/A,26.299,7.4389,N/A,0.89795,361.62,N/A,N/A,N/A,4.5022,N/A,4.8725,10.0763,N/A,N/A,1.0851,155.9,10.5108,7.5461,90.5914,N/A,9.2275,1.6039,6.3608,1.5656,7.9624,9.4532,17314.06,3.9221,89.6845,1344.97,24.3475,4.951,1.7168,58.559,1.6195,36.689,17.8252,
2020-12-23,1.2166,125.99,1.9558,N/A,26.372,7.438,N/A,0.907,362.65,N/A,N/A,N/A,4.5025,N/A,4.871,10.1213,N/A,N/A,1.0837,155.9,10.6238,7.544,91.636,N/A,9.2946,1.6118,6.2867,1.5671,7.9549,9.4321,17351.03,3.9193,89.7945,1347.45,24.4449,4.9437,1.7208,58.453,1.6235,36.772,17.7895,
2020-12-22,1.2239,126.52,1.9558,N/A,26.303,7.4401,N/A,0.91148,362.33,N/A,N/A,N/A,4.5116,N/A,4.8665,10.1143,N/A,N/A,1.0837,156.1,10.5938,7.542,92.2025,N/A,9.3325,1.6191,6.2842,1.5753,8.0056,9.4885,17410.1,3.9621,90.3975,1353.44,24.4948,4.9703,1.7299,58.87,1.6327,36.901,17.8544,
2020-12-21,1.2173,126.04,1.9558,N/A,26.275,7.4401,N/A,0.9161,360.93,N/A,N/A,N/A,4.5111,N/A,4.8603,10.1313,N/A,N/A,1.081,156.6,10.6518,7.5375,91.7285,N/A,9.3519,1.62,6.3144,1.5686,7.9784,9.4378,17351.52,3.9564,90.1338,1350.52,24.8514,4.9313,1.7306,58.833,1.6286,36.653,18.0849,
2020-12-18,1.2259,126.69,1.9558,N/A,26.139,7.4393,N/A,0.90828,357.24,N/A,N/A,N/A,4.4779,N/A,4.8688,10.1333,N/A,N/A,1.0845,156.4,10.5163,7.5328,90.2025,N/A,9.3988,1.6107,6.2668,1.5638,8.0146,9.5039,17337.6,3.9676,90.117,1346.95,24.328,4.9532,1.7201,58.93,1.6282,36.556,17.8699,
2020-12-17,1.2246,126.19,1.9558,N/A,26.204,7.4398,N/A,0.9005,355.27,N/A,N/A,N/A,4.4423,N/A,4.8695,10.1335,N/A,N/A,1.0821,155.4,10.5015,7.5315,89.3049,N/A,9.4828,1.6052,6.2136,1.5546,8.0006,9.4939,17293.8,3.9785,90.116,1338.48,24.2407,4.9419,1.7093,58.799,1.6227,36.554,17.982,
2020-12-16,1.2189,125.97,1.9558,N/A,26.2,7.4415,N/A,0.8995,355.52,N/A,N/A,N/A,4.4354,N/A,4.8688,10.1785,N/A,N/A,1.0786,155.2,10.5788,7.5373,89.4535,N/A,9.5219,1.6103,6.2306,1.5551,7.9633,9.4489,17259.87,3.9663,89.773,1332.9,24.2123,4.9384,1.7168,58.605,1.6203,36.616,18.1175,
2020-12-15,1.214,126.08,1.9558,N/A,26.361,7.4427,N/A,0.90795,355.32,N/A,N/A,N/A,4.4426,N/A,4.8688,10.1928,N/A,N/A,1.077,154.8,10.614,7.5262,89.4183,N/A,9.5295,1.6113,6.1783,1.5473,7.9462,9.411,17196.01,3.9515,89.34,1327.69,24.4905,4.9222,1.7174,58.334,1.6195,36.467,18.1409,
2020-12-14,1.2162,126.11,1.9558,N/A,26.317,7.4421,N/A,0.907,353.63,N/A,N/A,N/A,4.4373,N/A,4.8707,10.193,N/A,N/A,1.0776,155,10.5833,7.529,88.7888,N/A,9.5728,1.6064,6.1237,1.5476,7.9588,9.4274,17216.41,3.9614,89.4505,1327.5,24.3753,4.9299,1.7101,58.417,1.6202,36.583,18.2339,
2020-12-11,1.2127,126.28,1.9558,N/A,26.328,7.4429,N/A,0.92294,354.81,N/A,N/A,N/A,4.4358,N/A,4.8698,10.256,N/A,N/A,1.0786,154.8,10.6968,7.5375,88.7373,N/A,9.5678,1.609,6.1448,1.5487,7.9386,9.3999,17074.82,3.9469,89.4705,1325.32,24.4157,4.9133,1.71,58.339,1.6213,36.496,18.3435,
2020-12-10,1.2115,126.53,1.9558,N/A,26.307,7.4423,N/A,0.911,355.24,N/A,N/A,N/A,4.4268,N/A,4.8695,10.2395,N/A,N/A,1.0757,154.3,10.7,7.5455,88.8661,N/A,9.526,1.6161,6.1606,1.5456,7.9254,9.3908,17088.21,3.9367,89.2515,1318.52,24.0863,4.9199,1.7184,58.302,1.6202,36.418,18.1755,
2020-12-09,1.2109,126.05,1.9558,N/A,26.239,7.4429,N/A,0.9,356.64,N/A,N/A,N/A,4.4246,N/A,4.8685,10.2745,N/A,N/A,1.0764,153.5,10.5763,7.549,89.167,N/A,9.4762,1.6185,6.1993,1.5472,7.9167,9.3866,17078,3.9406,89.212,1314.27,23.9187,4.9196,1.7103,58.298,1.6174,36.388,18.0756,
2020-12-08,1.2114,126.18,1.9558,N/A,26.398,7.4436,N/A,0.91143,360.1,N/A,N/A,N/A,4.4663,N/A,4.8728,10.2358,N/A,N/A,1.0781,152.9,10.6283,7.5403,88.764,N/A,9.487,1.6334,6.1906,1.5508,7.9115,9.3895,17134.16,3.9414,89.203,1314.53,24.0683,4.9328,1.722,58.359,1.6209,36.415,18.2159,
2020-12-07,1.2128,126.3,1.9558,N/A,26.482,7.4433,N/A,0.91215,359.49,N/A,N/A,N/A,4.467,N/A,4.8735,10.2018,N/A,N/A,1.0802,152.7,10.6328,7.54,89.79,N/A,9.5053,1.6374,6.2124,1.5537,7.931,9.3999,17214.85,3.9562,89.6285,1316.88,24.0901,4.9385,1.7252,58.421,1.6212,36.669,18.4244,
2020-12-04,1.2159,126.44,1.9558,N/A,26.518,7.4429,N/A,0.90282,358.57,N/A,N/A,N/A,4.4769,N/A,4.8725,10.2578,N/A,N/A,1.0822,152.1,10.6598,7.5415,90.0679,N/A,9.4636,1.6387,6.2759,1.5633,7.9421,9.424,17222.37,3.972,89.6755,1320.6,24.1091,4.9366,1.7254,58.43,1.6206,36.672,18.4674,
2020-12-03,1.2151,126.49,1.9558,N/A,26.42,7.4439,N/A,0.90358,357.63,N/A,N/A,N/A,4.4733,N/A,4.873,10.3025,N/A,N/A,1.0831,153,10.707,7.547,90.8441,N/A,9.5021,1.6361,6.3037,1.5692,7.9567,9.4188,17181.51,3.974,89.709,1325.91,24.1384,4.9453,1.7175,58.299,1.6228,36.66,18.5475,
2020-12-02,1.2066,126.13,1.9558,N/A,26.411,7.4438,N/A,0.9049,357.4,N/A,N/A,N/A,4.4783,N/A,4.8714,10.2813,N/A,N/A,1.0819,155.4,10.7003,7.552,91.3194,N/A,9.457,1.6384,6.2962,1.5619,7.9203,9.3535,17145.18,3.9705,88.9695,1330.2,24.2499,4.9199,1.7137,57.984,1.6176,36.5,18.5579,
2020-12-01,1.1968,124.92,1.9558,N/A,26.235,7.4441,N/A,0.89798,357.2,N/A,N/A,N/A,4.4788,N/A,4.871,10.2135,N/A,N/A,1.0836,158.2,10.6028,7.5515,90.7837,N/A,9.4122,1.6274,6.3573,1.5522,7.8639,9.2774,16981.99,3.9541,88.1535,1326.72,24.0465,4.8835,1.701,57.598,1.6048,36.215,18.3311,
2020-11-30,1.198,124.79,1.9558,N/A,26.192,7.4412,N/A,0.89845,359.59,N/A,N/A,N/A,4.471,N/A,4.8732,10.1778,N/A,N/A,1.0839,159.06,10.561,7.5538,91.1439,N/A,9.3155,1.6246,6.3519,1.5516,7.8798,9.2862,16966.44,3.9644,88.7322,1326.08,24.0499,4.8807,1.7027,57.69,1.6029,36.257,18.4251,
2020-11-27,1.1922,124.23,1.9558,N/A,26.213,7.4415,N/A,0.89442,362.32,N/A,N/A,N/A,4.4907,N/A,4.8736,10.1723,N/A,N/A,1.0826,159,10.563,7.5577,90.9894,N/A,9.3286,1.6182,6.4021,1.5497,7.8422,9.2404,16868.74,3.9557,88.3015,1318.04,23.9402,4.8517,1.7,57.375,1.5955,36.148,18.2657,
2020-11-26,1.19,124.04,1.9558,N/A,26.138,7.442,N/A,0.89129,361.18,N/A,N/A,N/A,4.4749,N/A,4.8743,10.1568,N/A,N/A,1.0813,161.3,10.5705,7.5552,90.1153,N/A,9.3878,1.6163,6.3494,1.5472,7.8254,9.2235,16843.08,3.9538,87.8655,1318.24,23.8479,4.8403,1.7,57.257,1.593,36.057,18.1098,
2020-11-25,1.189,124.19,1.9558,N/A,26.175,7.4419,N/A,0.89129,361.13,N/A,N/A,N/A,4.4679,N/A,4.8735,10.1358,N/A,N/A,1.0835,160.9,10.5488,7.5595,90.0123,N/A,9.485,1.619,6.365,1.5478,7.8189,9.2161,16812.46,3.9528,87.854,1315.62,23.8614,4.86,1.7036,57.227,1.5965,36.08,18.148,
2020-11-24,1.1865,124.06,1.9558,N/A,26.258,7.4424,N/A,0.89012,361.35,N/A,N/A,N/A,4.4666,N/A,4.8728,10.204,N/A,N/A,1.0833,160.9,10.6768,7.561,90.1119,N/A,9.4452,1.6175,6.3943,1.5504,7.8152,9.197,16895.4,3.961,87.9045,1318.77,23.8129,4.8498,1.7011,57.233,1.5941,36.07,18.2206,
2020-11-23,1.1901,123.47,1.9558,N/A,26.311,7.4472,N/A,0.88888,360.21,N/A,N/A,N/A,4.4735,N/A,4.874,10.2145,N/A,N/A,1.0806,161.1,10.6903,7.5615,90.3507,N/A,9.2636,1.6233,6.3795,1.553,7.8178,9.2257,16844.67,3.9747,88.104,1323.33,23.7978,4.8681,1.7082,57.339,1.5955,36.048,18.2466,
2020-11-20,1.1863,123.18,1.9558,N/A,26.34,7.4489,N/A,0.89393,359.5,N/A,N/A,N/A,4.4639,N/A,4.8735,10.2168,N/A,N/A,1.0811,161.3,10.6613,7.5665,90.2622,N/A,9.047,1.6227,6.3347,1.5484,7.7916,9.1972,16840.24,3.9608,87.941,1323.26,23.8656,4.8549,1.7086,57.206,1.5934,35.922,18.2192,
2020-11-19,1.1832,123.08,1.9558,N/A,26.358,7.4498,N/A,0.89378,360.9,N/A,N/A,N/A,4.4714,N/A,4.8732,10.206,N/A,N/A,1.0797,161.3,10.69,7.5655,90.2638,N/A,8.9373,1.6272,6.3371,1.5501,7.7927,9.1737,16820.13,3.9595,87.797,1321.07,24.0426,4.8517,1.7155,57.147,1.5924,35.975,18.3153,
2020-11-18,1.1868,123.28,1.9558,N/A,26.401,7.4516,N/A,0.89373,360.25,N/A,N/A,N/A,4.4694,N/A,4.873,10.2135,N/A,N/A,1.0812,161.5,10.7115,7.567,90.061,N/A,9.156,1.6226,6.2974,1.5514,7.782,9.2005,16746.93,3.9742,88.011,1310.55,24.0105,4.851,1.7145,57.267,1.5917,35.984,18.2814,
2020-11-17,1.1882,123.78,1.9558,N/A,26.508,7.448,N/A,0.89585,361.5,N/A,N/A,N/A,4.4964,N/A,4.872,10.2375,N/A,N/A,1.0816,161.5,10.7683,7.5668,90.734,N/A,9.2071,1.6236,6.4375,1.556,7.7892,9.2119,16779.76,3.9945,88.4825,1314.74,24.2129,4.877,1.7234,57.389,1.5962,35.836,18.3062,
2020-11-16,1.183,124.15,1.9558,N/A,26.353,7.448,N/A,0.89819,358.16,N/A,N/A,N/A,4.4692,N/A,4.8728,10.2538,N/A,N/A,1.0819,161.3,10.731,7.567,90.5157,N/A,9.1749,1.6226,6.393,1.5476,7.7945,9.1725,16680.89,3.9733,88.0795,1310.5,23.9849,4.871,1.7227,56.983,1.5934,35.75,18.2346,
2020-11-13,1.1815,123.88,1.9558,N/A,26.461,7.4468,N/A,0.89683,355.71,N/A,N/A,N/A,4.4888,N/A,4.8698,10.2537,N/A,N/A,1.0805,161.9,10.8123,7.572,91.6113,N/A,9.1303,1.63,6.4508,1.5528,7.8071,9.1608,16741.86,3.979,88.186,1311.84,24.2239,4.8707,1.7304,56.954,1.5934,35.646,18.4068,
2020-11-12,1.1791,124.25,1.9558,N/A,26.465,7.4459,N/A,0.89765,355.2,N/A,N/A,N/A,4.4886,N/A,4.8683,10.1825,N/A,N/A,1.0805,162.1,10.7658,7.5715,91.2463,N/A,9.1207,1.6263,6.3638,1.5443,7.8105,9.1429,16747.23,3.9847,88.066,1314.39,24.2625,4.8703,1.7196,57.175,1.5921,35.715,18.4908,
2020-11-11,1.1766,124.07,1.9558,N/A,26.447,7.4432,N/A,0.88935,356.02,N/A,N/A,N/A,4.4873,N/A,4.8672,10.1748,N/A,N/A,1.0793,162.9,10.6773,7.5635,90.105,N/A,9.2823,1.6172,6.3835,1.5364,7.7943,9.1241,16674.19,3.9811,87.562,1311.14,24.0319,4.8588,1.7112,57.052,1.5878,35.686,18.432,
2020-11-10,1.1808,124.36,1.9558,N/A,26.431,7.4445,N/A,0.89183,357.36,N/A,N/A,N/A,4.499,N/A,4.8667,10.2,N/A,N/A,1.0817,162.3,10.6618,7.5625,90.2297,N/A,9.7675,1.6237,6.3563,1.5393,7.8107,9.1568,16590.24,3.9884,87.6665,1318.93,24.1004,4.8655,1.7304,57.05,1.5926,35.825,18.3507,
2020-11-09,1.1883,124.67,1.9558,N/A,26.475,7.4476,N/A,0.90224,356.98,N/A,N/A,N/A,4.467,N/A,4.8655,10.197,N/A,N/A,1.0778,163.1,10.7101,7.564,90.1763,N/A,9.5786,1.6234,6.2447,1.5388,7.8475,9.2128,16710.47,3.9926,87.638,1321.43,23.8949,4.8821,1.7378,57.213,1.595,36.101,18.1305,
2020-11-06,1.187,122.66,1.9558,N/A,26.667,7.4493,N/A,0.9043,359.02,N/A,N/A,N/A,4.5263,N/A,4.867,10.2805,N/A,N/A,1.0682,163.5,10.9203,7.559,92.42,N/A,10.1489,1.6359,6.6072,1.5525,7.8468,9.203,16943.12,4.0076,88.0085,1332.6,24.684,4.9005,1.7507,57.192,1.5999,36.287,18.6933,
2020-11-05,1.1855,122.86,1.9558,N/A,26.766,7.4467,N/A,0.9045,357.83,N/A,N/A,N/A,4.5134,N/A,4.8648,10.277,N/A,N/A,1.0724,163.7,10.85,7.5518,91.745,N/A,9.998,1.6356,6.5906,1.5478,7.8331,9.1922,16901.14,4.0035,87.7405,1330.68,24.5016,4.9169,1.754,57.218,1.6014,36.525,18.6894,
2020-11-04,1.1721,122.31,1.9558,N/A,26.781,7.4466,N/A,0.89954,362.42,N/A,N/A,N/A,4.5368,N/A,4.8675,10.352,N/A,N/A,1.0675,164.1,10.9583,7.553,92.467,N/A,9.9037,1.6346,6.676,1.5411,7.8038,9.0872,16892.54,3.9976,87.1955,1327.24,24.6474,4.8853,1.7541,56.717,1.5926,36.37,18.809,
2020-11-03,1.1702,122.56,1.9558,N/A,26.913,7.4462,N/A,0.90042,363.82,N/A,N/A,N/A,4.568,N/A,4.8675,10.3835,N/A,N/A,1.0709,163.7,11.0103,7.5595,92.8975,N/A,9.984,1.6406,6.6742,1.5385,7.8198,9.0694,16946.31,3.997,87.0695,1323.74,24.7581,4.8634,1.7531,56.584,1.5931,36.329,18.7681,
2020-11-02,1.1652,121.93,1.9558,N/A,27.131,7.4455,N/A,0.90053,366.24,N/A,N/A,N/A,4.6018,N/A,4.8674,10.3625,N/A,N/A,1.0695,163.5,11.1128,7.5695,93.745,N/A,9.8332,1.6533,6.6916,1.5466,7.7962,9.0327,17064.82,3.9681,86.7555,1320.61,24.7327,4.8443,1.7565,56.407,1.5903,36.249,18.8972,
2020-10-30,1.1698,122.36,1.9558,N/A,27.251,7.4466,N/A,0.90208,367.45,N/A,N/A,N/A,4.6222,N/A,4.8725,10.365,N/A,N/A,1.0698,164.4,11.094,7.5748,92.4606,N/A,9.794,1.6563,6.7607,1.5556,7.8158,9.0706,17108.33,3.9881,87.1115,1324.2,24.8416,4.8588,1.7565,56.635,1.5952,36.439,19.0359,
2020-10-29,1.1704,122.09,1.9558,N/A,27.368,7.4462,N/A,0.9043,368,N/A,N/A,N/A,4.6225,N/A,4.8751,10.4225,N/A,N/A,1.0684,165,11.1495,7.573,93.0481,N/A,9.7418,1.6673,6.768,1.5658,7.8531,9.0735,17306.12,3.9993,87.0865,1326.92,25.0028,4.8648,1.7677,56.685,1.5988,36.598,19.2322,
2020-10-28,1.1727,122.36,1.9558,N/A,27.422,7.4435,N/A,0.90662,367.11,N/A,N/A,N/A,4.6202,N/A,4.8768,10.371,N/A,N/A,1.0693,164.8,10.9693,7.5778,92.3025,N/A,9.6906,1.6603,6.7191,1.5578,7.8845,9.0885,17288.41,3.9794,86.804,1332.51,24.9759,4.8732,1.7647,56.708,1.6014,36.659,19.2187,
2020-10-27,1.1832,123.74,1.9558,N/A,27.337,7.4406,N/A,0.90718,365.41,N/A,N/A,N/A,4.5842,N/A,4.8765,10.306,N/A,N/A,1.0732,165.3,10.8398,7.5745,90.571,N/A,9.6466,1.6585,6.6711,1.5589,7.9345,9.1699,17344.17,4.0021,87.1635,1332.89,24.6622,4.9274,1.7639,57.157,1.6078,36.94,19.062,
2020-10-26,1.1819,124.14,1.9558,N/A,27.295,7.4412,N/A,0.90755,365.02,N/A,N/A,N/A,4.5799,N/A,4.8748,10.3475,N/A,N/A,1.0719,165.3,10.9465,7.578,90.2935,N/A,9.5593,1.6592,6.6714,1.558,7.9342,9.1598,17390.95,3.9965,87.5485,1338.31,24.8705,4.922,1.7677,57.205,1.6095,36.97,19.208,
2020-10-23,1.1856,124.17,1.9558,N/A,27.222,7.4407,N/A,0.90675,364.17,N/A,N/A,N/A,4.5823,N/A,4.874,10.3618,N/A,N/A,1.0715,164.9,10.9178,7.5778,90.6421,N/A,9.4418,1.6578,6.6052,1.5563,7.9157,9.1885,17410.24,4.0032,87.3245,1338.52,24.753,4.9291,1.7703,57.388,1.6089,37.056,19.1905,
2020-10-22,1.1821,123.72,1.9558,N/A,27.23,7.4409,N/A,0.90273,364.6,N/A,N/A,N/A,4.5783,N/A,4.874,10.374,N/A,N/A,1.0726,164.6,10.9325,7.5788,90.8256,N/A,9.3815,1.6644,6.6389,1.5559,7.898,9.1614,17426.16,3.9983,87.112,1341.66,24.999,4.8992,1.7739,57.467,1.6043,37,19.2759,
2020-10-21,1.1852,124.27,1.9558,N/A,27.185,7.4432,N/A,0.90754,364.01,N/A,N/A,N/A,4.574,N/A,4.8758,10.3645,N/A,N/A,1.0715,164.6,10.9315,7.5755,91.4095,N/A,9.3084,1.6733,6.6118,1.5557,7.8879,9.1854,17342.44,4.014,87.3745,1343.08,24.9348,4.9115,1.7875,57.539,1.6067,37.026,19.4374,
2020-10-20,1.181,124.79,1.9558,N/A,27.233,7.4425,N/A,0.91329,365.68,N/A,N/A,N/A,4.5809,N/A,4.8761,10.3805,N/A,N/A,1.0724,164,10.9698,7.5826,92.0238,N/A,9.3301,1.6801,6.6182,1.5577,7.8918,9.1528,17373.1,3.9911,86.8465,1346.35,25.0315,4.9017,1.8006,57.333,1.6036,36.965,19.5245,
2020-10-19,1.1785,124.11,1.9558,N/A,27.346,7.441,N/A,0.90588,365.05,N/A,N/A,N/A,4.5723,N/A,4.8768,10.3578,N/A,N/A,1.0724,163.4,10.947,7.5825,91.4401,N/A,9.3057,1.6575,6.6139,1.5523,7.8767,9.1334,17347.64,3.9836,86.3945,1341.33,24.8118,4.8819,1.7751,57.231,1.599,36.746,19.3806,
2020-10-16,1.1741,123.59,1.9558,N/A,27.279,7.442,N/A,0.90915,364.36,N/A,N/A,N/A,4.5558,N/A,4.8763,10.3593,N/A,N/A,1.0721,163.2,10.957,7.582,91.5767,N/A,9.33,1.6555,6.6054,1.5497,7.8639,9.0993,17317.86,3.9673,86.0715,1341.16,24.872,4.8708,1.7746,57.148,1.5942,36.608,19.3867,
2020-10-15,1.1698,123.15,1.9558,N/A,27.34,7.4429,N/A,0.90535,364.58,N/A,N/A,N/A,4.5518,N/A,4.8765,10.378,N/A,N/A,1.0697,163.2,10.9678,7.5818,91.4345,N/A,9.2868,1.6554,6.5942,1.5453,7.8756,9.066,17278.41,3.9734,85.951,1344.08,25.1559,4.8599,1.7762,57.056,1.5935,36.574,19.5329,
2020-10-14,1.175,123.7,1.9558,N/A,27.313,7.4439,N/A,0.90395,363.49,N/A,N/A,N/A,4.5073,N/A,4.8738,10.3653,N/A,N/A,1.0738,163.2,10.8218,7.5785,90.9325,N/A,9.3334,1.6378,6.5426,1.5432,7.9092,9.1063,17311.28,3.9734,86.0995,1346.7,25.1075,4.8768,1.7633,57.244,1.5947,36.648,19.3897,
2020-10-13,1.1787,124.38,1.9558,N/A,27.356,7.4432,N/A,0.90591,360.2,N/A,N/A,N/A,4.4851,N/A,4.875,10.343,N/A,N/A,1.0734,163.2,10.7923,7.5785,90.8041,N/A,9.3155,1.6403,6.5389,1.545,7.9388,9.135,17403.27,3.9895,86.425,1351,25.0183,4.8822,1.7715,57.325,1.6007,36.676,19.4446,
2020-10-12,1.1799,124.41,1.9558,N/A,27.177,7.443,N/A,0.90598,356.83,N/A,N/A,N/A,4.481,N/A,4.8727,10.3933,N/A,N/A,1.0742,163.2,10.7925,7.5713,90.765,N/A,9.282,1.6357,6.5268,1.5493,7.9578,9.1443,17378.69,3.9933,86.476,1355.3,25.073,4.893,1.7744,57.268,1.6011,36.754,19.481,
2020-10-09,1.1795,124.95,1.9558,N/A,27.11,7.4422,N/A,0.91167,356.28,N/A,N/A,N/A,4.4702,N/A,4.8715,10.42,N/A,N/A,1.0773,162.8,10.8623,7.5765,90.9413,N/A,9.3279,1.6405,6.5796,1.5542,7.9047,9.1412,17340.01,3.9859,86.1985,1350.52,25.0833,4.8808,1.7821,57.083,1.5986,36.629,19.4315,
2020-10-08,1.1765,124.69,1.9558,N/A,27.092,7.4423,N/A,0.91035,357.48,N/A,N/A,N/A,4.4843,N/A,4.8758,10.4468,N/A,N/A,1.0799,162.8,10.9038,7.568,91.0675,N/A,9.3304,1.6421,6.5832,1.5583,7.9894,9.1181,17362.2,3.9909,86.186,1355.48,25.1418,4.8854,1.7856,57.004,1.5979,36.724,19.4995,
2020-10-07,1.177,124.73,1.9558,N/A,27.064,7.4421,N/A,0.91413,359.25,N/A,N/A,N/A,4.4862,N/A,4.8748,10.483,N/A,N/A,1.0787,162.8,10.9313,7.5685,91.9715,N/A,9.2722,1.65,6.5448,1.564,7.9934,9.1219,17359.51,4.0044,86.263,1362.7,25.2609,4.8917,1.7862,56.979,1.5995,36.758,19.5793,
2020-10-06,1.1795,124.58,1.9558,N/A,27.035,7.4408,N/A,0.91058,359.72,N/A,N/A,N/A,4.4872,N/A,4.876,10.5138,N/A,N/A,1.0781,162.8,10.8603,7.5688,91.772,N/A,9.1625,1.6472,6.5363,1.563,8.0111,9.1412,17379.93,4.0193,86.5715,1368.49,25.1631,4.8991,1.7733,57.137,1.6032,36.795,19.453,
2020-10-05,1.1768,124.25,1.9558,N/A,27.096,7.44,N/A,0.9081,358.17,N/A,N/A,N/A,4.498,N/A,4.874,10.4645,N/A,N/A,1.0781,162.4,10.8855,7.568,92.5353,N/A,9.1614,1.6379,6.6568,1.5614,8.0128,9.1203,17324.61,4.0243,86.087,1363.72,25.2551,4.8867,1.7703,56.961,1.6007,36.846,19.3447,
2020-10-02,1.173,123.4,1.9558,N/A,27.02,7.4414,N/A,0.90673,358.88,N/A,N/A,N/A,4.4944,N/A,4.8715,10.425,N/A,N/A,1.079,162.2,10.904,7.562,92.0825,N/A,9.0787,1.6372,6.6039,1.5603,7.9656,9.091,17445.33,4.0244,86.0375,1364.68,25.6582,4.885,1.7674,56.864,1.5988,36.991,19.4002,
2020-10-01,1.1752,123.98,1.9558,N/A,26.918,7.4421,N/A,0.90723,359.89,N/A,N/A,N/A,4.4935,N/A,4.874,10.4853,N/A,N/A,1.0787,162.2,10.9073,7.563,90.605,N/A,9.0606,1.6319,6.5821,1.5616,7.9805,9.1082,17423.28,4.0236,85.8275,1365.03,25.6764,4.8788,1.7667,56.931,1.6004,37.101,19.5373,
2020-09-30,1.1708,123.76,1.9558,N/A,27.233,7.4462,N/A,0.91235,365.53,N/A,N/A,N/A,4.5462,N/A,4.8725,10.5713,N/A,N/A,1.0804,162.2,11.1008,7.5565,91.7763,N/A,9.099,1.6438,6.6308,1.5676,7.972,9.0742,17497.84,4.0277,86.299,1368.51,26.1848,4.8653,1.7799,56.774,1.6035,37.079,19.7092,
2020-09-29,1.1702,123.61,1.9558,N/A,27.148,7.4461,N/A,0.90963,365.7,N/A,N/A,N/A,4.5435,N/A,4.8721,10.5343,N/A,N/A,1.0795,162,11.0543,7.551,92.1625,N/A,9.1649,1.6412,6.6022,1.5655,7.9777,9.0691,17419,4.0421,86.275,1365.89,26.0452,4.8639,1.7749,56.695,1.6018,36.988,19.8685,
2020-09-28,1.167,123.02,1.9558,N/A,27.133,7.4459,N/A,0.90508,364.12,N/A,N/A,N/A,4.5502,N/A,4.8743,10.5863,N/A,N/A,1.0816,162.4,11.058,7.55,91.8152,N/A,9.1073,1.6513,6.4552,1.562,7.951,9.0443,17388.3,4.0474,86.0255,1364.72,25.9525,4.8728,1.7791,56.612,1.6028,36.965,19.8905,
2020-09-25,1.1634,122.74,1.9558,N/A,27.107,7.4465,N/A,0.91343,363.16,N/A,N/A,N/A,4.5557,N/A,4.8753,10.6285,N/A,N/A,1.0798,161.8,11.1445,7.549,90.405,N/A,8.8709,1.6548,6.456,1.556,7.9451,9.0165,17299.76,4.0528,85.7175,1367.57,26.0006,4.8485,1.7756,56.431,1.6022,36.781,19.9,
2020-09-24,1.1645,122.73,1.9558,N/A,27.015,7.4425,N/A,0.91228,364.45,N/A,N/A,N/A,4.5293,N/A,4.8755,10.5793,N/A,N/A,1.0772,161.8,11.1023,7.553,89.8713,N/A,8.8851,1.6539,6.4935,1.56,7.9527,9.025,17339.41,4.0505,86.1145,1367.55,26.1062,4.8542,1.7847,56.547,1.6029,36.821,19.8675,
2020-09-23,1.1692,122.91,1.9558,N/A,26.965,7.4429,N/A,0.91885,365.01,N/A,N/A,N/A,4.5001,N/A,4.8686,10.4388,N/A,N/A,1.0773,161.4,10.9938,7.5505,89.7875,N/A,8.992,1.6439,6.4498,1.5594,7.9433,9.0614,17375,4.0386,85.9845,1362.8,25.8339,4.8574,1.7756,56.778,1.5989,36.841,19.9607,
2020-09-22,1.174,122.78,1.9558,N/A,27.007,7.4417,N/A,0.91743,362.05,N/A,N/A,N/A,4.4934,N/A,4.8613,10.407,N/A,N/A,1.0748,162,10.9528,7.5443,89.15,N/A,8.985,1.6288,6.3677,1.5631,7.955,9.0986,17357.59,4.0425,86.262,1363.87,25.1194,4.8539,1.763,56.898,1.5998,36.84,19.5779,
2020-09-21,1.1787,122.7,1.9558,N/A,26.98,7.4408,N/A,0.91608,363.08,N/A,N/A,N/A,4.4837,N/A,4.86,10.4055,N/A,N/A,1.0761,161.6,10.884,7.5413,89.9825,N/A,8.971,1.624,6.4262,1.5604,7.9992,9.1349,17437,4.0576,86.695,1372.84,25.3145,4.8592,1.759,57.142,1.6027,36.823,19.7416,
2020-09-18,1.1833,123.49,1.9558,N/A,26.727,7.4403,N/A,0.91318,360.78,N/A,N/A,N/A,4.4602,N/A,4.858,10.399,N/A,N/A,1.0776,160.8,10.7538,7.5415,89.1439,N/A,8.96,1.6242,6.2176,1.5601,8.0146,9.1707,17435.93,4.0511,87.014,1375.96,24.7344,4.8687,1.7489,57.306,1.6082,36.889,19.152,
2020-09-17,1.1797,123.38,1.9558,N/A,26.747,7.4396,N/A,0.9153,361.16,N/A,N/A,N/A,4.4579,N/A,4.86,10.408,N/A,N/A,1.0742,162.2,10.7238,7.5418,88.6075,N/A,8.9037,1.6152,6.2117,1.5567,7.9861,9.1428,17501.07,4.0382,86.861,1383.16,24.8461,4.8822,1.7533,57.167,1.6039,36.801,19.2673,
2020-09-16,1.1869,124.72,1.9558,N/A,26.726,7.4396,N/A,0.91423,358.54,N/A,N/A,N/A,4.4466,N/A,4.859,10.4118,N/A,N/A,1.0753,160.6,10.6608,7.5415,88.8038,N/A,8.898,1.6174,6.2211,1.5628,8.0229,9.1985,17607.66,4.0589,87.2665,1390.72,24.9614,4.9025,1.7586,57.398,1.611,36.913,19.3726,
2020-09-15,1.1892,125.39,1.9558,N/A,26.827,7.4396,N/A,0.92095,357.68,N/A,N/A,N/A,4.4461,N/A,4.8578,10.404,N/A,N/A,1.0768,160.6,10.6963,7.5375,89.1013,N/A,8.9023,1.6219,6.2272,1.5634,8.0526,9.2164,17653.67,4.0675,87.5205,1400.73,24.9307,4.912,1.7675,57.509,1.6163,37.079,19.5669,
2020-09-14,1.1876,125.82,1.9558,N/A,26.66,7.4398,N/A,0.9219,357.65,N/A,N/A,N/A,4.4504,N/A,4.858,10.4178,N/A,N/A,1.0768,160,10.6933,7.5368,89.5924,N/A,8.8997,1.6327,6.3109,1.5641,8.0987,9.2041,17671.49,4.0807,87.3415,1404.73,25.1792,4.9232,1.7739,57.587,1.6207,37.172,19.7876,
2020-09-11,1.1854,125.82,1.9558,N/A,26.566,7.4402,N/A,0.92408,357.13,N/A,N/A,N/A,4.4467,N/A,4.8584,10.3713,N/A,N/A,1.0777,161.8,10.7028,7.539,88.7275,N/A,8.8565,1.6244,6.2561,1.5622,8.1043,9.1871,17772.61,4.1004,87.2431,1407.07,25.2387,4.9224,1.7738,57.551,1.62,37.139,19.8527,
2020-09-10,1.1849,125.76,1.9558,N/A,26.585,7.4404,N/A,0.9159,357.85,N/A,N/A,N/A,4.4525,N/A,4.8579,10.3703,N/A,N/A,1.0766,163.7,10.687,7.537,88.89,N/A,8.8371,1.6282,6.2919,1.5586,8.1022,9.1834,17714,4.0455,87.034,1405.84,25.3147,4.9339,1.7737,57.592,1.6199,37.046,19.8598,
2020-09-09,1.1773,125.05,1.9558,N/A,26.519,7.4403,N/A,0.91213,357.7,N/A,N/A,N/A,4.4498,N/A,4.8588,10.362,N/A,N/A,1.0806,165.8,10.715,7.537,89.3613,N/A,8.824,1.6264,6.2785,1.5563,8.0584,9.1246,17406.38,4.0042,86.6065,1397.84,25.5626,4.9111,1.7714,57.276,1.6118,36.928,19.7044,
2020-09-08,1.1785,125.2,1.9558,N/A,26.521,7.4407,N/A,0.90453,361.37,N/A,N/A,N/A,4.4483,N/A,4.8595,10.3735,N/A,N/A,1.082,165.3,10.6713,7.533,90.0213,N/A,8.8202,1.6286,6.3427,1.5523,8.0658,9.1338,17512.55,3.9974,87.106,1402.14,25.7685,4.9126,1.7722,57.333,1.6149,37.082,20.0033,
2020-09-07,1.1824,125.59,1.9558,N/A,26.468,7.4411,N/A,0.89835,359.92,N/A,N/A,N/A,4.4504,N/A,4.8555,10.369,N/A,N/A,1.0809,164.9,10.5453,7.536,89.8231,N/A,8.8168,1.6232,6.2664,1.5484,8.0789,9.1641,17490,3.9926,86.8485,1405.09,25.5127,4.9158,1.7642,57.547,1.616,37.092,19.7654,
2020-09-04,1.1842,125.79,1.9558,N/A,26.435,7.4403,N/A,0.89325,359.6,N/A,N/A,N/A,4.4514,N/A,4.8528,10.3688,N/A,N/A,1.0793,164.7,10.5768,7.539,88.973,N/A,8.8215,1.6291,6.2775,1.5508,8.1006,9.178,17453.41,3.9874,86.678,1409.07,25.5275,4.9138,1.764,57.53,1.6158,37.172,19.6278,
2020-09-03,1.1813,125.85,1.9558,N/A,26.368,7.4401,N/A,0.89135,358.05,N/A,N/A,N/A,4.4269,N/A,4.8473,10.3393,N/A,N/A,1.0776,164.5,10.5315,7.5355,88.9825,N/A,8.7907,1.6219,6.3424,1.5491,8.0802,9.1555,17536.99,3.9777,86.8615,1406.65,25.7175,4.8994,1.7579,57.389,1.6131,37.14,19.8058,
2020-09-02,1.1861,126,1.9558,N/A,26.338,7.4412,N/A,0.8884,358.77,N/A,N/A,N/A,4.4186,N/A,4.8423,10.3065,N/A,N/A,1.0799,164.5,10.406,7.5335,88.0675,N/A,8.7588,1.6171,6.4205,1.5495,8.0976,9.1925,17489.04,3.9901,86.8225,1408.07,25.915,4.9176,1.7541,57.665,1.6153,37.095,19.9154,
2020-09-01,1.1987,126.92,1.9558,N/A,26.226,7.4434,N/A,0.88975,354.02,N/A,N/A,N/A,4.3925,N/A,4.8398,10.3605,N/A,N/A,1.0865,164.5,10.4378,7.532,88.1474,N/A,8.8196,1.6242,6.5126,1.56,8.1739,9.29,17465.06,4.0183,87.4085,1420.12,26.0278,4.9656,1.7727,58.171,1.6274,37.25,19.9459,
2020-08-31,1.194,126.47,1.9558,N/A,26.208,7.4439,N/A,0.89605,354.54,N/A,N/A,N/A,4.3971,N/A,4.8398,10.2888,N/A,N/A,1.0774,164.3,10.455,7.528,88.2993,N/A,8.777,1.6214,6.4739,1.5601,8.1711,9.2536,17404.4,4.0131,87.4685,1415.76,26.059,4.9736,1.7728,57.837,1.6235,37.098,19.9589,
2020-08-28,1.1915,125.39,1.9558,N/A,26.2,7.4439,N/A,0.89468,355.18,N/A,N/A,N/A,4.3921,N/A,4.8395,10.2603,N/A,N/A,1.0758,163.5,10.47,7.5275,88.625,N/A,8.7176,1.6216,6.5608,1.5553,8.1749,9.2345,17330.67,4.0083,87.2125,1407.24,26.069,4.9632,1.7723,57.676,1.6195,37.091,19.8829,
2020-08-27,1.1806,125.34,1.9558,N/A,26.276,7.4429,N/A,0.89505,355.98,N/A,N/A,N/A,4.3993,N/A,4.8415,10.3138,N/A,N/A,1.075,163.5,10.5178,7.5262,88.64,N/A,8.6665,1.6291,6.601,1.5521,8.1323,9.1497,17380.08,3.9779,87.2655,1399.75,25.9205,4.9261,1.7799,57.384,1.6128,36.87,20.0275,
2020-08-26,1.1789,125.34,1.9558,N/A,26.262,7.4439,N/A,0.8969,354.74,N/A,N/A,N/A,4.4074,N/A,4.8419,10.3348,N/A,N/A,1.0738,163.2,10.5603,7.5273,89.3568,N/A,8.6706,1.6371,6.5317,1.5543,8.1262,9.1368,17297.41,4.0094,87.613,1398.97,25.875,4.916,1.7971,57.264,1.613,36.947,19.7996,
2020-08-25,1.1814,125.67,1.9558,N/A,26.121,7.4423,N/A,0.89945,353.46,N/A,N/A,N/A,4.3919,N/A,4.8403,10.3525,N/A,N/A,1.0752,163.1,10.5688,7.529,88.36,N/A,8.7352,1.6472,6.586,1.5597,8.1671,9.1563,17301.6,4.0187,87.7165,1402.12,25.8774,4.9247,1.8082,57.357,1.617,37.185,19.8084,
2020-08-24,1.1847,125.26,1.9558,N/A,26.091,7.4435,N/A,0.90175,350.83,N/A,N/A,N/A,4.3986,N/A,4.84,10.369,N/A,N/A,1.0761,163,10.6188,7.533,87.9975,N/A,8.7314,1.6454,6.5941,1.5574,8.1897,9.1817,17380.14,4.0293,87.772,1406.32,25.9307,4.9467,1.8059,57.447,1.6203,37.211,20.0609,
2020-08-21,1.1769,124.53,1.9558,N/A,26.083,7.4441,N/A,0.89755,350.68,N/A,N/A,N/A,4.3979,N/A,4.8405,10.363,N/A,N/A,1.0744,162.6,10.5913,7.5243,87.735,N/A,8.5925,1.6442,6.5908,1.5563,8.1483,9.1212,17383.99,4.0029,88.198,1403.15,26.066,4.9194,1.8045,57.324,1.6131,37.161,20.2977,
2020-08-20,1.185,125.46,1.9558,N/A,26.061,7.4451,N/A,0.90173,350.39,N/A,N/A,N/A,4.3914,N/A,4.8391,10.3555,N/A,N/A,1.0786,162.6,10.6068,7.5356,87.63,N/A,8.7129,1.6544,6.6454,1.5654,8.1985,9.184,17503.64,4.0305,88.992,1408.22,26.3712,4.9444,1.8158,57.707,1.622,37.245,20.4136,
2020-08-19,1.1933,125.74,1.9558,N/A,26.118,7.4453,N/A,0.90345,349.79,N/A,N/A,N/A,4.3942,N/A,4.8403,10.314,N/A,N/A,1.0811,162,10.5455,7.5328,87.5706,N/A,8.7785,1.6428,6.5115,1.5688,8.2472,9.2483,17626.23,4.0571,89.316,1405.97,26.383,4.979,1.7969,57.911,1.6278,37.279,20.5183,
2020-08-18,1.1906,125.54,1.9558,N/A,26.134,7.4466,N/A,0.90375,349.85,N/A,N/A,N/A,4.387,N/A,4.8355,10.32,N/A,N/A,1.0773,161.8,10.501,7.5296,87.0531,N/A,8.8024,1.6447,6.4778,1.5672,8.2407,9.2274,17674.46,4.0507,88.879,1410.08,26.2626,4.9797,1.8119,57.804,1.625,37.051,20.715,
2020-08-17,1.1853,125.99,1.9558,N/A,26.14,7.447,N/A,0.90625,348.53,N/A,N/A,N/A,4.3966,N/A,4.8343,10.3108,N/A,N/A,1.0765,161.5,10.512,7.53,87.15,N/A,8.7656,1.6485,6.4166,1.5684,8.2262,9.1864,17638.45,4.0403,88.6895,1405.87,26.0924,4.9688,1.8179,57.693,1.6237,36.993,20.6764,
2020-08-14,1.1813,126.01,1.9558,N/A,26.118,7.447,N/A,0.90173,346.11,N/A,N/A,N/A,4.3984,N/A,4.836,10.2933,N/A,N/A,1.0754,161.1,10.5403,7.5356,86.585,N/A,8.7149,1.6525,6.375,1.5649,8.21,9.1555,17612,4.023,88.468,1402.11,26.2027,4.9538,1.8071,57.553,1.6209,36.75,20.6121,
2020-08-13,1.1833,126.58,1.9558,N/A,26.125,7.4474,N/A,0.90373,344.93,N/A,N/A,N/A,4.3968,N/A,4.8348,10.2748,N/A,N/A,1.0784,161.1,10.5148,7.5125,87.1809,N/A,8.6794,1.6522,6.3766,1.5637,8.2187,9.1709,17559,4.0271,88.564,1402.22,26.4372,4.961,1.8042,57.768,1.6231,36.741,20.6405,
2020-08-12,1.1771,125.92,1.9558,N/A,26.117,7.4472,N/A,0.90475,345.15,N/A,N/A,N/A,4.4033,N/A,4.8356,10.2513,N/A,N/A,1.0755,161.1,10.5463,7.4885,86.3013,N/A,8.6074,1.6514,6.3782,1.5644,8.1758,9.1236,17374,4.0101,88.051,1393.92,26.3381,4.9362,1.7997,57.631,1.6166,36.62,20.5097,
2020-08-11,1.1783,124.97,1.9558,N/A,26.155,7.4469,N/A,0.89843,345.03,N/A,N/A,N/A,4.4018,N/A,4.8355,10.2835,N/A,N/A,1.0743,161.1,10.5658,7.4795,85.6858,N/A,8.541,1.6406,6.4068,1.5656,8.1857,9.132,17348,4.0085,87.862,1393.79,26.3028,4.94,1.7833,57.615,1.6154,36.598,20.6263,
2020-08-10,1.1763,124.74,1.9558,N/A,26.183,7.4479,N/A,0.90155,345.19,N/A,N/A,N/A,4.4021,N/A,4.836,10.2805,N/A,N/A,1.079,160.6,10.629,7.4828,86.6154,N/A,8.6055,1.6445,6.3697,1.5739,8.2003,9.1166,17221.03,4.0124,88.1125,1396.28,26.3047,4.9352,1.784,57.787,1.6158,36.63,20.8452,
2020-08-07,1.1817,124.91,1.9558,N/A,26.279,7.4483,N/A,0.90373,345.93,N/A,N/A,N/A,4.4081,N/A,4.8374,10.3163,N/A,N/A,1.0804,160.6,10.6433,7.4595,86.9753,N/A,8.5019,1.6403,6.3274,1.577,8.2238,9.1585,17335.54,4.0256,88.633,1401.9,26.5127,4.9484,1.7786,57.958,1.6203,36.816,20.7086,
2020-08-06,1.1843,124.96,1.9558,N/A,26.202,7.45,N/A,0.90033,346.23,N/A,N/A,N/A,4.4073,N/A,4.836,10.3165,N/A,N/A,1.0759,160.2,10.6538,7.468,86.9321,N/A,8.5853,1.6492,6.334,1.5748,8.2325,9.1786,17304,4.0309,88.765,1404.99,26.615,4.9604,1.7828,58.136,1.6236,36.832,20.7655,
2020-08-05,1.1854,125.37,1.9558,N/A,26.097,7.4508,N/A,0.90265,344.5,N/A,N/A,N/A,4.3935,N/A,4.8345,10.2865,N/A,N/A,1.077,160.2,10.6585,7.4683,86.3692,N/A,8.3311,1.6415,6.2311,1.5703,8.2277,9.1871,17247.57,4.0397,88.709,1405.74,26.7125,4.9698,1.7809,58.12,1.6228,36.759,20.4221,
2020-08-04,1.1765,124.78,1.9558,N/A,26.221,7.4462,N/A,0.90335,344.73,N/A,N/A,N/A,4.4055,N/A,4.8358,10.3025,N/A,N/A,1.0761,160,10.7568,7.4683,86.7275,N/A,8.199,1.6495,6.2743,1.5773,8.2157,9.1179,17276.9,4.0292,88.3805,1406.49,26.7401,4.9654,1.7807,57.774,1.6195,36.608,20.4879,
2020-08-03,1.1726,124.51,1.9558,N/A,26.319,7.4466,N/A,0.90013,345.72,N/A,N/A,N/A,4.4201,N/A,4.8355,10.2958,N/A,N/A,1.0784,160,10.7188,7.4755,86.6018,N/A,8.1864,1.6508,6.1375,1.5755,8.19,9.0882,17254,4.0056,88.1805,1401.26,26.269,4.9501,1.7701,57.579,1.6147,36.644,20.2777,
2020-07-31,1.1848,124.31,1.9558,N/A,26.175,7.4442,N/A,0.90053,344.95,N/A,N/A,N/A,4.4034,N/A,4.8315,10.2835,N/A,N/A,1.0769,160,10.7323,7.4815,87.69,N/A,8.2595,1.6488,6.1219,1.5898,8.2637,9.1825,17364,4.0312,88.6355,1409.56,26.278,5.023,1.7771,58.124,1.6245,36.948,20.096,
2020-07-30,1.1743,123.58,1.9558,N/A,26.248,7.4426,N/A,0.90268,345.6,N/A,N/A,N/A,4.408,N/A,4.8318,10.3068,N/A,N/A,1.0744,159.2,10.7213,7.488,86.6233,N/A,8.1978,1.6446,6.1189,1.5771,8.224,9.1011,17144.78,3.9947,87.94,1404.16,26.0101,4.9784,1.7727,57.682,1.6161,36.92,19.707,
2020-07-29,1.1725,123.28,1.9558,N/A,26.291,7.4427,N/A,0.90385,347.67,N/A,N/A,N/A,4.4194,N/A,4.8345,10.287,N/A,N/A,1.0766,159,10.6573,7.494,84.9125,N/A,8.1748,1.6348,6.0149,1.5665,8.2067,9.0869,17042.29,3.9985,87.694,1400.22,25.631,4.9755,1.764,57.538,1.6142,36.899,19.3269,
2020-07-28,1.1717,123.34,1.9558,N/A,26.251,7.4429,N/A,0.90968,346.98,N/A,N/A,N/A,4.4054,N/A,4.8355,10.282,N/A,N/A,1.0758,158.6,10.694,7.507,84.8413,N/A,8.1283,1.6412,6.065,1.5693,8.2041,9.081,17030.66,4.0021,87.714,1406.13,25.8438,4.9827,1.763,57.664,1.6168,36.92,19.4315,
2020-07-27,1.176,123.88,1.9558,N/A,26.193,7.4436,N/A,0.9134,345.91,N/A,N/A,N/A,4.4016,N/A,4.8303,10.2678,N/A,N/A,1.0838,158.4,10.6683,7.5163,84.0682,N/A,8.0552,1.6472,6.0919,1.5729,8.2344,9.1154,17075.52,4.0143,87.885,1407.15,26.0083,5.0009,1.7605,57.817,1.6216,37.05,19.338,
2020-07-24,1.1608,123.36,1.9558,N/A,26.268,7.4438,N/A,0.90985,346.98,N/A,N/A,N/A,4.4046,N/A,4.8325,10.269,N/A,N/A,1.073,157.8,10.6953,7.517,83.3938,N/A,7.9496,1.6376,6.0777,1.5578,8.1453,8.9978,16982,3.9642,86.866,1396.83,26.0804,4.9502,1.7506,57.316,1.6083,36.821,19.435,
2020-07-23,1.1569,123.98,1.9558,N/A,26.342,7.4429,N/A,0.91195,347.31,N/A,N/A,N/A,4.4141,N/A,4.8355,10.264,N/A,N/A,1.0731,157.8,10.6073,7.5215,82.5723,N/A,7.9229,1.6246,5.9524,1.5486,8.1057,8.9676,16948,3.956,86.577,1389.31,25.9685,4.9267,1.7384,57.202,1.6033,36.685,19.2203,
2020-07-22,1.1578,123.94,1.9558,N/A,26.365,7.4442,N/A,0.91123,349.27,N/A,N/A,N/A,4.4288,N/A,4.8413,10.2415,N/A,N/A,1.0785,157.8,10.5343,7.522,81.9588,N/A,7.9299,1.6139,5.992,1.554,8.0999,8.9741,16867.99,3.9621,86.288,1384.38,25.8715,4.9235,1.7328,57.11,1.6015,36.546,18.952,
2020-07-21,1.1443,122.7,1.9558,N/A,26.429,7.4449,N/A,0.90055,350.64,N/A,N/A,N/A,4.4362,N/A,4.8392,10.239,N/A,N/A,1.074,159.3,10.4933,7.53,81.0833,N/A,7.8369,1.6154,6.0416,1.5399,7.9982,8.8704,16830,3.9202,85.3805,1367.96,25.591,4.8764,1.7305,56.455,1.5891,36.194,18.8806,
2020-07-20,1.1448,122.63,1.9558,N/A,26.598,7.448,N/A,0.90575,352.56,N/A,N/A,N/A,4.4592,N/A,4.8418,10.301,N/A,N/A,1.0736,160.2,10.606,7.534,81.875,N/A,7.8508,1.6359,6.148,1.5532,7.9992,8.8744,16925.87,3.9279,85.6355,1377.07,25.8217,4.8797,1.7435,56.5,1.5909,36.376,19.1409,
2020-07-17,1.1428,122.53,1.9558,N/A,26.682,7.4453,N/A,0.91078,353.72,N/A,N/A,N/A,4.4827,N/A,4.8422,10.333,N/A,N/A,1.0753,160.2,10.5995,7.538,81.8409,N/A,7.8413,1.636,6.0839,1.551,7.9975,8.8617,16793.45,3.9253,85.67,1376.55,25.6132,4.8723,1.7463,56.511,1.5887,36.238,19.0496,
2020-07-16,1.1414,122.24,1.9558,N/A,26.693,7.4452,N/A,0.90875,354.08,N/A,N/A,N/A,4.4928,N/A,4.8433,10.35,N/A,N/A,1.0787,160,10.6148,7.5356,81.1888,N/A,7.832,1.6338,6.1154,1.5452,7.9861,8.851,16692.98,3.9207,85.8555,1373.74,25.5051,4.8755,1.7439,56.499,1.5888,36.148,19.0181,
2020-07-15,1.1444,122.25,1.9558,N/A,26.587,7.4465,N/A,0.9054,353.25,N/A,N/A,N/A,4.4688,N/A,4.8439,10.3468,N/A,N/A,1.0783,160.7,10.6275,7.5308,81.0468,N/A,7.8568,1.6293,6.0911,1.5527,7.9975,8.8718,16693.94,3.9244,85.971,1373.55,25.4759,4.878,1.7397,56.584,1.5884,36.037,18.9061,
2020-07-14,1.1375,122.17,1.9558,N/A,26.638,7.4447,N/A,0.90778,355.48,N/A,N/A,N/A,4.4781,N/A,4.8435,10.3855,N/A,N/A,1.0691,159.4,10.711,7.5295,80.837,N/A,7.8111,1.6348,6.0925,1.5488,7.9805,8.8171,16436.88,3.9092,85.7725,1371.98,25.7383,4.8588,1.7417,56.305,1.5846,35.922,19.0732,
2020-07-13,1.1329,121.4,1.9558,N/A,26.648,7.4448,N/A,0.89938,353.83,N/A,N/A,N/A,4.4758,N/A,4.8443,10.3833,N/A,N/A,1.0685,159.4,10.665,7.534,80.147,N/A,7.7824,1.6248,6.0494,1.5366,7.9309,8.7809,16342.08,3.9026,85.216,1361.37,25.4857,4.8306,1.7226,55.998,1.5743,35.562,18.9726,
2020-07-10,1.1276,120.48,1.9558,N/A,26.691,7.4483,N/A,0.8957,353.7,N/A,N/A,N/A,4.4743,N/A,4.8428,10.398,N/A,N/A,1.0625,159,10.7163,7.5345,80.2104,N/A,7.7417,1.6247,6.0691,1.5336,7.8952,8.7396,16276.91,3.9006,84.841,1354.7,25.6953,4.8109,1.7189,55.794,1.5703,35.316,19.0889,
2020-07-09,1.1342,121.67,1.9558,N/A,26.622,7.4503,N/A,0.89655,354.25,N/A,N/A,N/A,4.4655,N/A,4.8408,10.397,N/A,N/A,1.0634,158.7,10.6173,7.5365,80.0425,N/A,7.7845,1.6239,6.052,1.5314,7.923,8.7901,16326.81,3.9005,85.0455,1354.35,25.6985,4.8345,1.7223,56.062,1.5774,35.381,19.0691,
2020-07-08,1.1286,121.39,1.9558,N/A,26.748,7.4493,N/A,0.89923,355.49,N/A,N/A,N/A,4.4765,N/A,4.8408,10.431,N/A,N/A,1.0624,157.4,10.6885,7.5385,80.4584,N/A,7.7478,1.6242,6.0439,1.5338,7.9163,8.7468,16268,3.8949,84.6455,1348.86,25.6433,4.8219,1.7237,55.898,1.5745,35.252,19.1628,
2020-07-07,1.129,121.61,1.9558,N/A,26.681,7.4522,N/A,0.9015,353.62,N/A,N/A,N/A,4.4683,N/A,4.8393,10.4555,N/A,N/A,1.0643,157,10.6428,7.549,80.8888,N/A,7.7508,1.6261,6.0701,1.5317,7.9287,8.7499,16302.76,3.895,84.4645,1349.06,25.4764,4.8259,1.726,55.892,1.5751,35.262,19.2908,
2020-07-06,1.1325,121.78,1.9558,N/A,26.705,7.4516,N/A,0.90505,352.83,N/A,N/A,N/A,4.4689,N/A,4.8375,10.4848,N/A,N/A,1.0642,157.2,10.6218,7.561,81.3769,N/A,7.7743,1.623,5.9745,1.5333,7.9498,8.7769,16328,3.8992,84.4535,1350.51,25.1207,4.8441,1.7293,55.871,1.5753,35.158,19.2761,
2020-07-03,1.1224,120.68,1.9558,N/A,26.665,7.4516,N/A,0.9012,352.55,N/A,N/A,N/A,4.4687,N/A,4.837,10.4715,N/A,N/A,1.0623,156.3,10.6775,7.557,80.2153,N/A,7.6957,1.6175,6.0117,1.5233,7.931,8.6987,16286.02,3.8567,83.821,1346.54,25.3049,4.8123,1.7204,55.536,1.5654,34.918,19.1761,
2020-07-02,1.1286,121.24,1.9558,N/A,26.632,7.4506,N/A,0.90225,351.59,N/A,N/A,N/A,4.474,N/A,4.8355,10.4635,N/A,N/A,1.0648,156.2,10.6873,7.5605,79.4434,N/A,7.7368,1.6296,5.9823,1.5343,7.9759,8.7469,16227.58,3.8903,84.354,1353.9,25.536,4.8366,1.7297,56.078,1.5726,35.054,19.0952,
2020-07-01,1.12,120.31,1.9558,N/A,26.67,7.4528,N/A,0.9043,354.5,N/A,N/A,N/A,4.4583,N/A,4.8366,10.4965,N/A,N/A,1.062,155.6,10.7736,7.5645,79.6793,N/A,7.6777,1.6268,6.096,1.5217,7.9151,8.6808,15976.8,3.8704,84.622,1347.84,25.7005,4.8009,1.7362,55.791,1.563,34.709,19.2935,
2020-06-30,1.1198,120.66,1.9558,N/A,26.74,7.4526,N/A,0.91243,356.58,N/A,N/A,N/A,4.456,N/A,4.8397,10.4948,N/A,N/A,1.0651,155.4,10.912,7.5708,79.63,N/A,7.6761,1.6344,6.1118,1.5324,7.9219,8.6788,16184.41,3.8821,84.6235,1345.83,25.947,4.7989,1.748,55.834,1.5648,34.624,19.4425,
2020-06-29,1.1284,121.07,1.9558,N/A,26.848,7.4531,N/A,0.9154,356.3,N/A,N/A,N/A,4.4664,N/A,4.844,10.478,N/A,N/A,1.0669,155.4,10.9013,7.569,78.9169,N/A,7.7351,1.6406,6.1105,1.5409,7.9841,8.7456,16213.08,3.8745,85.192,1352.81,25.923,4.8352,1.7533,56.258,1.5708,34.845,19.4262,
2020-06-26,1.1213,119.93,1.9558,N/A,26.808,7.4523,N/A,0.90575,355.15,N/A,N/A,N/A,4.4684,N/A,4.8426,10.4773,N/A,N/A,1.0631,155,10.885,7.5575,77.88,N/A,7.6865,1.6313,6.0595,1.5318,7.9298,8.6904,15944.89,3.847,84.8215,1346.19,25.5836,4.8115,1.7428,56.053,1.5608,34.674,19.3799,
2020-06-25,1.12,120.25,1.9558,N/A,26.796,7.4534,N/A,0.90133,354.35,N/A,N/A,N/A,4.4653,N/A,4.842,10.4865,N/A,N/A,1.0637,155.6,10.8748,7.567,77.7516,N/A,7.6776,1.6321,6.0012,1.5282,7.9206,8.6805,15988,3.8545,84.712,1347.73,25.6315,4.7914,1.7465,56.075,1.56,34.647,19.4883,
2020-06-24,1.128,120.3,1.9558,N/A,26.733,7.453,N/A,0.90343,351.58,N/A,N/A,N/A,4.448,N/A,4.8433,10.5145,N/A,N/A,1.0679,157.1,10.7958,7.5745,78.0079,N/A,7.7322,1.6342,5.8422,1.5331,7.9772,8.7421,15982.07,3.8691,85.3285,1356.39,25.4773,4.8194,1.7552,56.453,1.5668,34.788,19.5264,
2020-06-23,1.1318,121.05,1.9558,N/A,26.612,7.4537,N/A,0.9063,350.43,N/A,N/A,N/A,4.4371,N/A,4.8438,10.5175,N/A,N/A,1.0705,156.8,10.7345,7.577,77.7474,N/A,7.7622,1.6272,5.9006,1.5269,7.9944,8.7716,16026.29,3.8808,85.438,1366.51,25.2497,4.839,1.7391,56.685,1.5743,34.995,19.4719,
2020-06-22,1.1213,119.89,1.9558,N/A,26.681,7.4543,N/A,0.90328,346.6,N/A,N/A,N/A,4.4493,N/A,4.8422,10.5525,N/A,N/A,1.0654,155.1,10.7985,7.5926,77.8799,N/A,7.6829,1.6292,5.9248,1.521,7.9348,8.6902,15988.62,3.8672,85.2585,1361.3,25.2313,4.7997,1.735,56.2,1.5639,34.76,19.5077,
2020-06-19,1.121,119.77,1.9558,N/A,26.683,7.4554,N/A,0.90505,345.44,N/A,N/A,N/A,4.4516,N/A,4.8428,10.567,N/A,N/A,1.0656,154.6,10.7135,7.5665,77.6565,N/A,7.6887,1.6261,6.0029,1.5209,7.9332,8.6889,15927.67,3.862,85.352,1353.53,25.3126,4.7854,1.7403,56.133,1.5623,34.765,19.444,
2020-06-18,1.1222,120,1.9558,N/A,26.689,7.4556,N/A,0.90028,345.94,N/A,N/A,N/A,4.4647,N/A,4.8393,10.5525,N/A,N/A,1.0667,153.5,10.7083,7.5463,78.2063,N/A,7.6968,1.6356,5.9738,1.5218,7.9545,8.6972,15806.19,3.8811,85.673,1359.26,25.2628,4.8008,1.742,56.302,1.5642,34.928,19.5334,
2020-06-17,1.1232,120.65,1.9558,N/A,26.561,7.456,N/A,0.89448,344.5,N/A,N/A,N/A,4.4467,N/A,4.8355,10.5123,N/A,N/A,1.0669,152.4,10.705,7.546,78.1853,N/A,7.7012,1.6292,5.8521,1.5204,7.9602,8.7049,15948.04,3.8747,85.5505,1362.21,24.9416,4.8095,1.7395,56.273,1.565,35.055,19.2289,
2020-06-16,1.1308,121.39,1.9558,N/A,26.564,7.4561,N/A,0.8937,345.5,N/A,N/A,N/A,4.4272,N/A,4.8359,10.5136,N/A,N/A,1.0717,152.81,10.7389,7.5475,78.439,N/A,7.7442,1.6324,5.7647,1.532,8.0041,8.7634,15978.26,3.9244,86.048,1369.11,24.9681,4.8342,1.7474,56.664,1.5713,35.18,19.2518,
2020-06-15,1.1253,120.83,1.9558,N/A,26.683,7.4559,N/A,0.89648,347.06,N/A,N/A,N/A,4.4352,N/A,4.8335,10.5393,N/A,N/A,1.0679,151.7,10.8894,7.557,78.8516,N/A,7.6967,1.6476,5.8049,1.5342,7.984,8.7211,16039.58,3.9348,85.5275,1366.08,25.4098,4.814,1.7471,56.653,1.5692,35.008,19.322,
2020-06-12,1.1304,121.26,1.9558,N/A,26.698,7.4551,N/A,0.89653,346,N/A,N/A,N/A,4.4484,N/A,4.8343,10.5103,N/A,N/A,1.0697,152.1,10.8475,7.566,78.7662,N/A,7.7224,1.6447,5.7388,1.5347,7.999,8.7607,16058.24,3.9189,85.7875,1360.45,25.445,4.824,1.7553,56.763,1.5718,34.986,19.2794,
2020-06-11,1.1348,121.52,1.9558,N/A,26.679,7.4549,N/A,0.89665,344.85,N/A,N/A,N/A,4.4729,N/A,4.8345,10.5018,N/A,N/A,1.0697,151.7,10.72,7.5675,78.4949,N/A,7.7391,1.6421,5.6471,1.5321,8.025,8.795,15904.22,3.9183,86.057,1359.18,25.4183,4.8223,1.753,56.889,1.5758,35.122,19.1372,
2020-06-10,1.1375,122.16,1.9558,N/A,26.609,7.4553,N/A,0.88963,343.13,N/A,N/A,N/A,4.4524,N/A,4.8349,10.4605,N/A,N/A,1.0762,150.7,10.5383,7.569,78.1468,N/A,7.7145,1.622,5.5213,1.5228,8.0305,8.8157,16022.03,3.9045,85.903,1352.17,24.8255,4.8361,1.7357,56.767,1.5746,35.422,18.8376,
2020-06-09,1.1294,122.14,1.9558,N/A,26.634,7.4568,N/A,0.8912,345,N/A,N/A,N/A,4.4464,N/A,4.8365,10.4188,N/A,N/A,1.077,149.7,10.5418,7.5719,77.7388,N/A,7.6859,1.6267,5.4944,1.5187,8.0025,8.753,15917.2,3.8974,85.3085,1353.3,24.5766,4.8287,1.7375,56.521,1.5708,35.418,18.8935,
2020-06-08,1.1285,123.41,1.9558,N/A,26.585,7.4555,N/A,0.89173,344.16,N/A,N/A,N/A,4.4333,N/A,4.8359,10.3978,N/A,N/A,1.0861,149.5,10.4603,7.565,77.0563,N/A,7.6574,1.6156,5.5702,1.5126,7.9836,8.746,15815.42,3.8911,85.241,1353.2,24.322,4.8159,1.7291,56.301,1.57,35.474,18.9799,
2020-06-05,1.133,123.77,1.9558,N/A,26.589,7.4564,N/A,0.89448,344.62,N/A,N/A,N/A,4.4425,N/A,4.8382,10.425,N/A,N/A,1.0866,148.9,10.5403,7.5715,77.8155,N/A,7.6747,1.6227,5.7329,1.5237,8.0349,8.7809,15882.4,3.9172,85.63,1365.57,24.6466,4.8345,1.7392,56.457,1.5775,35.65,19.0823,
2020-06-04,1.125,122.48,1.9558,N/A,26.623,7.4557,N/A,0.89685,344.9,N/A,N/A,N/A,4.4372,N/A,4.8373,10.4172,N/A,N/A,1.0786,148.5,10.6048,7.5725,77.8132,N/A,7.5868,1.6276,5.6989,1.5203,8.0066,8.7189,15856.88,3.9068,84.932,1368.73,24.4761,4.8077,1.751,56.109,1.5758,35.539,19.0059,
2020-06-03,1.1194,121.54,1.9558,N/A,26.66,7.4547,N/A,0.89065,345.89,N/A,N/A,N/A,4.4135,N/A,4.8393,10.4588,N/A,N/A,1.0793,151,10.6777,7.572,77.0055,N/A,7.5703,1.628,5.7993,1.5173,7.9599,8.6757,15885.35,3.8769,84.5055,1364.09,24.2772,4.7703,1.7532,55.923,1.5656,35.339,19.0844,
2020-06-02,1.1174,120.83,1.9558,N/A,26.645,7.4541,N/A,0.89083,345.67,N/A,N/A,N/A,4.3993,N/A,4.8423,10.452,N/A,N/A,1.0741,151,10.6798,7.5848,76.8001,N/A,7.5698,1.631,5.9499,1.5106,7.9413,8.6609,16107.32,3.8864,84.039,1364.42,24.4448,4.7797,1.768,56.071,1.5668,35.271,19.2755,
2020-06-01,1.1116,119.75,1.9558,N/A,26.859,7.4549,N/A,0.89673,345.45,N/A,N/A,N/A,4.4278,N/A,4.8437,10.4635,N/A,N/A,1.0686,151,10.789,7.5895,77.4378,N/A,7.5743,1.6488,5.9276,1.5228,7.9327,8.6165,16240.48,3.8947,83.938,1364.44,24.452,4.8004,1.7824,55.947,1.5669,35.204,19.3993,
2020-05-29,1.1136,119.29,1.9558,N/A,26.921,7.4542,N/A,0.90088,348.73,N/A,N/A,N/A,4.4495,N/A,4.8493,10.487,N/A,N/A,1.072,150.8,10.788,7.587,78.4416,N/A,7.6101,1.6681,5.9654,1.528,7.9456,8.6347,16269.7,3.9065,84.1025,1376.21,24.57,4.8414,1.7863,56.231,1.5712,35.424,19.4239,
2020-05-28,1.1016,118.68,1.9558,N/A,27.017,7.4544,N/A,0.89728,349.74,N/A,N/A,N/A,4.4242,N/A,4.8435,10.548,N/A,N/A,1.0683,150.8,10.8553,7.59,77.9343,N/A,7.5072,1.6624,5.8495,1.5155,7.8804,8.5407,16210.04,3.865,83.4635,1363.76,24.558,4.798,1.7776,55.792,1.5621,35.108,19.1981,
2020-05-27,1.0991,118.58,1.9558,N/A,27.051,7.4583,N/A,0.89595,348.7,N/A,N/A,N/A,4.4372,N/A,4.8433,10.5608,N/A,N/A,1.0675,151.2,10.8283,7.5893,78.1096,N/A,7.4542,1.6565,5.8679,1.5126,7.8682,8.5204,16167.76,3.8511,83.245,1359.04,24.5396,4.7783,1.7719,55.668,1.5588,35.056,19.1477,
2020-05-26,1.0975,117.92,1.9558,N/A,27.073,7.4558,N/A,0.88878,349.6,N/A,N/A,N/A,4.4506,N/A,4.844,10.5563,N/A,N/A,1.06,154.1,10.8943,7.584,77.7494,N/A,7.4014,1.6539,5.9114,1.5184,7.8269,8.5078,16193.61,3.8543,82.927,1352.23,24.3102,4.7889,1.7717,55.358,1.556,34.988,19.065,
2020-05-25,1.091,117.47,1.9558,N/A,27.275,7.4568,N/A,0.89515,350.72,N/A,N/A,N/A,4.5031,N/A,4.842,10.549,N/A,N/A,1.0597,155.3,10.9358,7.5845,78.2874,N/A,7.4352,1.6678,6.0243,1.5261,7.7856,8.4599,16048.61,3.843,82.7925,1354.63,24.7353,4.7606,1.789,55.382,1.5545,34.89,19.2807,
2020-05-22,1.0904,117.26,1.9558,N/A,27.21,7.4578,N/A,0.89563,349.4,N/A,N/A,N/A,4.5209,N/A,4.8435,10.5373,N/A,N/A,1.0591,156.3,10.9078,7.5845,77.9139,N/A,7.4227,1.6694,6.0857,1.5273,7.7797,8.4571,16249.14,3.8459,82.7265,1353.51,25.045,4.7569,1.787,55.349,1.5521,34.778,19.2476,
2020-05-21,1.1,118.42,1.9558,N/A,27.212,7.4563,N/A,0.89943,348.59,N/A,N/A,N/A,4.5298,N/A,4.8423,10.53,N/A,N/A,1.0628,156.3,10.903,7.5805,77.9883,N/A,7.4781,1.671,6.2532,1.531,7.8153,8.5298,16205.75,3.8659,83.0545,1354.6,25.5043,4.7801,1.7949,55.649,1.5561,34.991,19.6577,
2020-05-20,1.0958,117.95,1.9558,N/A,27.43,7.4565,N/A,0.89358,350.61,N/A,N/A,N/A,4.5441,N/A,4.842,10.5568,N/A,N/A,1.0584,156.5,10.8765,7.577,78.6001,N/A,7.4419,1.6653,6.2656,1.5211,7.7806,8.4926,16127.44,3.8397,82.8635,1345.71,25.6425,4.7684,1.7859,55.447,1.5503,34.868,19.7503,
2020-05-19,1.095,118,1.9558,N/A,27.49,7.4562,N/A,0.89535,350.35,N/A,N/A,N/A,4.551,N/A,4.8428,10.5685,N/A,N/A,1.0633,156.5,10.9153,7.5713,79.3839,N/A,7.4448,1.6751,6.2357,1.5251,7.7816,8.487,16177.5,3.8601,82.8535,1341.19,25.8567,4.7583,1.8004,55.567,1.5513,34.947,19.9649,
2020-05-18,1.0832,116.31,1.9558,N/A,27.61,7.4548,N/A,0.89153,353.39,N/A,N/A,N/A,4.5596,N/A,4.8388,10.6103,N/A,N/A,1.0521,157.1,10.9663,7.558,78.908,N/A,7.4276,1.6736,6.2701,1.5202,7.7068,8.3964,16077.45,3.8321,82.1435,1332.42,25.6337,4.732,1.8096,55.102,1.5426,34.684,19.8913,
2020-05-15,1.0798,115.53,1.9558,N/A,27.589,7.4576,N/A,0.88738,354.7,N/A,N/A,N/A,4.565,N/A,4.84,10.6695,N/A,N/A,1.0513,157.5,11.0568,7.5693,79.6208,N/A,7.4689,1.6805,6.3172,1.5231,7.6759,8.3693,16127.82,3.8178,81.9885,1332.6,25.8966,4.6982,1.8145,54.778,1.5397,34.656,20.0761,
2020-05-14,1.0792,115.48,1.9558,N/A,27.571,7.4573,N/A,0.88495,354.66,N/A,N/A,N/A,4.5666,N/A,4.8375,10.6418,N/A,N/A,1.0512,158.3,11.0598,7.573,80.0145,N/A,7.5159,1.6805,6.3925,1.5224,7.6655,8.3647,16134.8,3.8209,81.592,1329.17,26.247,4.6843,1.8068,54.591,1.5374,34.675,20.1637,
2020-05-13,1.0875,116.28,1.9558,N/A,27.408,7.4556,N/A,0.88245,353.58,N/A,N/A,N/A,4.5636,N/A,4.8353,10.5843,N/A,N/A,1.0528,158.3,10.938,7.5705,79.5893,N/A,7.5861,1.6687,6.3606,1.5243,7.7102,8.4286,16092.26,3.819,81.8825,1331.08,26.2304,4.704,1.7983,54.545,1.538,34.844,19.919,
2020-05-12,1.0858,116.56,1.9558,N/A,27.423,7.4577,N/A,0.87773,350.75,N/A,N/A,N/A,4.5449,N/A,4.8301,10.5968,N/A,N/A,1.052,158.7,11.0518,7.5653,79.4157,N/A,7.5979,1.6625,6.2708,1.5178,7.6933,8.4154,16073.64,3.807,81.593,1326.17,25.8251,4.6977,1.7742,54.388,1.5357,34.854,19.7382,
2020-05-11,1.0824,116.16,1.9558,N/A,27.6,7.4595,N/A,0.87875,349.84,N/A,N/A,N/A,4.5591,N/A,4.8303,10.5998,N/A,N/A,1.0519,158.7,11.046,7.565,79.6981,N/A,7.6596,1.6709,6.2691,1.5136,7.6783,8.3893,16202.32,3.8072,82.096,1325.57,25.9201,4.6911,1.7808,54.527,1.5335,34.837,19.96,
2020-05-08,1.0843,115.34,1.9558,N/A,27.251,7.4598,N/A,0.87535,349.38,N/A,N/A,N/A,4.5482,N/A,4.828,10.5875,N/A,N/A,1.0529,158.5,11.0695,7.5573,79.8383,N/A,7.7252,1.6613,6.3074,1.5118,7.6719,8.4052,16229.26,3.8031,81.9615,1322.41,25.9023,4.6994,1.7668,54.681,1.5326,34.958,19.997,
2020-05-07,1.0783,114.91,1.9558,N/A,27.158,7.4605,N/A,0.87478,349.36,N/A,N/A,N/A,4.5467,N/A,4.8235,10.62,N/A,N/A,1.053,159.1,11.0405,7.5665,79.5801,N/A,7.7792,1.6704,6.2271,1.5177,7.6427,8.358,16223.02,3.7881,81.7685,1320.18,26.0677,4.6631,1.782,54.497,1.5303,34.969,20.0698,
2020-05-06,1.0807,114.65,1.9558,N/A,26.987,7.4618,N/A,0.87253,349.59,N/A,N/A,N/A,4.5394,N/A,4.8233,10.6278,N/A,N/A,1.053,159.3,11.09,7.569,80.7789,N/A,7.7178,1.7046,6.0896,1.5225,7.6707,8.3763,16259.13,3.7914,81.9815,1323.48,26.0485,4.6713,1.7839,54.62,1.5335,35.004,20.0603,
2020-05-05,1.0843,115.71,1.9558,N/A,26.978,7.4612,N/A,0.8706,350.27,N/A,N/A,N/A,4.5316,N/A,4.826,10.698,N/A,N/A,1.0525,159.3,11.173,7.5735,80.4713,N/A,7.6866,1.6825,5.9576,1.5201,7.6575,8.4057,16372.93,3.8193,82.1435,1324.81,25.885,4.6674,1.791,54.863,1.5359,35.126,19.9018,
2020-05-04,1.0942,116.84,1.9558,N/A,27.119,7.4622,N/A,0.87898,353.27,N/A,N/A,N/A,4.5668,N/A,4.8368,10.8113,N/A,N/A,1.0548,159.5,11.328,7.582,82.3404,N/A,7.6932,1.7022,6.0781,1.539,7.7275,8.4838,16522.42,3.8581,82.787,1340,26.8862,4.7226,1.8083,55.379,1.5495,35.397,20.3924,
2020-04-30,1.0876,115.87,1.9558,N/A,27.097,7.4584,N/A,0.86905,352.72,N/A,N/A,N/A,4.5336,N/A,4.8431,10.6639,N/A,N/A,1.0558,159.3,11.184,7.579,79.892,N/A,7.5979,1.6598,5.8565,1.5077,7.6665,8.43,16178.05,3.8069,81.6108,1313.09,25.7953,4.6767,1.7705,54.772,1.5324,35.216,19.6572,
2020-04-29,1.0842,115.52,1.9558,N/A,27.125,7.4571,N/A,0.87378,355.55,N/A,N/A,N/A,4.5442,N/A,4.8435,10.7338,N/A,N/A,1.0571,159.5,11.2728,7.564,79.821,N/A,7.5767,1.6655,5.9318,1.5129,7.6723,8.4029,16611.03,3.8058,82.0215,1321.59,26.1528,4.7136,1.7831,54.763,1.5344,35.15,19.9836,
2020-04-28,1.0877,116.06,1.9558,N/A,27.227,7.457,N/A,0.87078,355.94,N/A,N/A,N/A,4.5468,N/A,4.8445,10.748,N/A,N/A,1.0586,159.5,11.2783,7.56,80.6862,N/A,7.6115,1.6734,6.1004,1.5179,7.6977,8.4301,16714.69,3.808,82.522,1325.8,26.5269,4.7451,1.7956,55.032,1.5407,35.28,20.2913,
2020-04-27,1.0852,116.22,1.9558,N/A,27.184,7.4591,N/A,0.87263,354.57,N/A,N/A,N/A,4.5287,N/A,4.837,10.8748,N/A,N/A,1.0557,158.8,11.4513,7.5525,80.4926,N/A,7.5775,1.6795,6.0328,1.5255,7.686,8.4104,16695.8,3.8109,82.6195,1328.82,27.0245,4.725,1.7893,54.987,1.5391,35.236,20.4109,
2020-04-24,1.08,116.22,1.9558,N/A,27.31,7.4577,N/A,0.87498,355.19,N/A,N/A,N/A,4.5284,N/A,4.8419,10.8723,N/A,N/A,1.0525,158.6,11.4785,7.5523,80.3991,N/A,7.5365,1.6943,6.0128,1.5173,7.6455,8.3706,16875,3.7985,82.366,1332.59,26.8331,4.7093,1.7991,54.891,1.5396,35.03,20.5019,
2020-04-23,1.0772,115.75,1.9558,N/A,27.551,7.4577,N/A,0.872,357.51,N/A,N/A,N/A,4.5379,N/A,4.8425,10.8883,N/A,N/A,1.0511,158.6,11.5165,7.575,80.6062,N/A,7.4788,1.6918,5.8666,1.5226,7.6259,8.3489,16772,3.8207,81.94,1326.8,26.3418,4.6966,1.7947,54.571,1.5331,34.815,20.5432,
2020-04-22,1.0867,117.01,1.9558,N/A,27.534,7.4589,N/A,0.8792,355.11,N/A,N/A,N/A,4.5349,N/A,4.8391,10.9423,N/A,N/A,1.0523,158.6,11.6775,7.57,83.1961,N/A,7.6008,1.7199,5.7866,1.5375,7.6964,8.422,16935.13,3.85,83.1685,1339.66,26.3895,4.7437,1.82,55.096,1.5508,35.176,20.4413,
2020-04-21,1.0837,116.39,1.9558,N/A,27.447,7.4582,N/A,0.8812,355.02,N/A,N/A,N/A,4.5291,N/A,4.8373,10.9543,N/A,N/A,1.0517,157.8,11.4843,7.57,83.2936,N/A,7.5658,1.7266,5.7619,1.5393,7.6888,8.3987,17001.63,3.8522,83.376,1335.34,26.3957,4.7634,1.8181,55.096,1.551,35.269,20.5853,
2020-04-20,1.086,117.11,1.9558,N/A,27.328,7.4584,N/A,0.87343,354.57,N/A,N/A,N/A,4.5272,N/A,4.8377,10.8623,N/A,N/A,1.0518,156.9,11.2698,7.5503,80.9728,N/A,7.522,1.7085,5.7463,1.5325,7.6819,8.4168,16871.01,3.8783,83.1435,1323.52,26.1086,4.7507,1.7962,55.126,1.5455,35.284,20.3486,
2020-04-17,1.086,116.86,1.9558,N/A,27.163,7.4603,N/A,0.86978,351.81,N/A,N/A,N/A,4.5185,N/A,4.8356,10.8548,N/A,N/A,1.0515,156.5,11.2845,7.5715,80.365,N/A,7.4981,1.7088,5.6798,1.528,7.6821,8.4171,16925.99,3.8988,83.0565,1321.53,26.0926,4.7458,1.8043,55.295,1.5447,35.328,20.3626,
2020-04-16,1.0888,117.12,1.9558,N/A,27.053,7.4619,N/A,0.87163,349.56,N/A,N/A,N/A,4.5288,N/A,4.8373,10.8895,N/A,N/A,1.0516,156.5,11.4145,7.601,80.621,N/A,7.5506,1.7266,5.699,1.5359,7.6991,8.4391,17089.8,3.9082,83.705,1334.51,26.2939,4.7655,1.821,55.414,1.5539,35.56,20.2373,
2020-04-15,1.0903,117.12,1.9558,N/A,26.991,7.4637,N/A,0.87385,350.3,N/A,N/A,N/A,4.5381,N/A,4.8378,10.9323,N/A,N/A,1.0534,156.1,11.4503,7.61,81.2045,N/A,7.5093,1.7299,5.7116,1.533,7.6998,8.4513,17201.21,3.9412,83.414,1330.54,26.0801,4.7314,1.8223,55.311,1.5533,35.631,20.4137,
2020-04-14,1.0963,117.66,1.9558,N/A,26.864,7.4623,N/A,0.87253,350.7,N/A,N/A,N/A,4.5473,N/A,4.8343,10.9158,N/A,N/A,1.0543,155.9,11.3118,7.613,80.3923,N/A,7.4472,1.7139,5.6585,1.5257,7.7366,8.4975,17229.09,3.928,83.494,1332.53,25.8485,4.7508,1.8008,55.453,1.5521,35.86,20.0255,
2020-04-09,1.0867,118.33,1.9558,N/A,26.909,7.4657,N/A,0.87565,354.76,N/A,N/A,N/A,4.5586,N/A,4.833,10.9455,N/A,N/A,1.0558,155.9,11.2143,7.6175,80.69,N/A,7.3233,1.7444,5.5956,1.5265,7.6709,8.4259,17243.21,3.8919,82.9275,1322.49,26.0321,4.7136,1.8128,54.939,1.5479,35.665,19.6383,
2020-04-08,1.0871,118.36,1.9558,N/A,27.183,7.464,N/A,0.87948,359.34,N/A,N/A,N/A,4.5442,N/A,4.8365,10.9385,N/A,N/A,1.0557,155.8,11.194,7.6235,82.1046,N/A,7.3798,1.7596,5.6741,1.5233,7.6818,8.4277,17636.02,3.9054,82.873,1324.36,26.3367,4.7274,1.8194,54.977,1.5517,35.613,19.7624,
2020-04-07,1.0885,118.55,1.9558,N/A,27.215,7.4675,N/A,0.88093,357.62,N/A,N/A,N/A,4.5356,N/A,4.8315,10.8788,N/A,N/A,1.0582,155.3,11.0945,7.632,82.5675,N/A,7.3562,1.7578,5.6678,1.5259,7.6802,8.4381,17562.95,3.9178,82.252,1319.39,26.4166,4.7268,1.816,54.915,1.5501,35.665,19.9838,
2020-04-06,1.0791,117.54,1.9558,N/A,27.603,7.466,N/A,0.878,365.24,N/A,N/A,N/A,4.5643,N/A,4.8335,10.9788,N/A,N/A,1.056,155.5,11.3875,7.6255,82.481,N/A,7.3136,1.779,5.7056,1.528,7.6519,8.3651,17710.73,3.9144,82.106,1326.04,27.0896,4.7097,1.82,54.667,1.548,35.459,20.3534,
2020-04-03,1.0785,117.1,1.9558,N/A,27.539,7.4689,N/A,0.8785,365.15,N/A,N/A,N/A,4.5765,N/A,4.8307,10.952,N/A,N/A,1.0547,155.7,11.2628,7.63,82.8075,N/A,7.2296,1.8004,5.6893,1.5299,7.6476,8.3625,17918.68,3.9267,82.216,1332.82,26.547,4.7006,1.8423,54.805,1.5489,35.601,20.2642,
2020-04-02,1.0906,117.06,1.9558,N/A,27.553,7.4661,N/A,0.87738,363.73,N/A,N/A,N/A,4.5697,N/A,4.832,10.9265,N/A,N/A,1.0551,155.3,11.2345,7.6305,85.8405,N/A,7.2665,1.797,5.7023,1.5451,7.7387,8.4545,18166.12,3.9777,83.326,1339.88,26.4999,4.7524,1.838,55.485,1.5617,35.961,20.177,
2020-04-01,1.0936,117.55,1.9558,N/A,27.369,7.4642,N/A,0.8846,369.36,N/A,N/A,N/A,4.5815,N/A,4.834,10.9368,N/A,N/A,1.0564,156.1,11.2685,7.6285,86.475,N/A,7.2925,1.8053,5.7349,1.5601,7.7653,8.4781,18239.61,3.9015,83.6004,1346.48,26.4097,4.7654,1.8547,55.709,1.5689,36.111,19.6619,
2020-03-31,1.0956,118.9,1.9558,N/A,27.312,7.4674,N/A,0.88643,360.02,N/A,N/A,N/A,4.5506,N/A,4.8283,11.0613,N/A,N/A,1.0585,155.6,11.51,7.6255,85.9486,N/A,7.2063,1.7967,5.7001,1.5617,7.7784,8.4945,17869.24,3.9018,82.8985,1341.03,26.1772,4.733,1.8417,55.865,1.5633,35.925,19.6095,
2020-03-30,1.1034,119.34,1.9558,N/A,27.315,7.4667,N/A,0.889,358.72,N/A,N/A,N/A,4.5509,N/A,4.8278,11.0375,N/A,N/A,1.0571,154.3,11.6888,7.6265,88.1385,N/A,7.2475,1.8021,5.6511,1.5626,7.8337,8.5559,18088.04,3.9544,83.5,1351.52,26.246,4.7806,1.8405,56.196,1.5732,36.081,19.7286,
2020-03-27,1.0977,119.36,1.9558,N/A,27.299,7.4606,N/A,0.89743,355.65,N/A,N/A,N/A,4.5306,N/A,4.8375,11.0158,N/A,N/A,1.0581,154,11.6558,7.614,86.3819,N/A,7.0935,1.8209,5.5905,1.5521,7.7894,8.5095,17716.88,3.9413,82.8695,1346.31,25.8329,4.7619,1.8548,56.125,1.5762,35.769,19.3415,
2020-03-26,1.0981,120.18,1.9558,N/A,27.55,7.4659,N/A,0.91348,354.99,N/A,N/A,N/A,4.5748,N/A,4.8335,11.007,N/A,N/A,1.0634,153.5,11.5273,7.6115,85.31,N/A,7.0407,1.8162,5.4806,1.5466,7.7675,8.5136,17686,3.9585,82.5345,1336.46,26.0735,4.7603,1.853,55.981,1.5759,35.836,19.1484,
2020-03-25,1.0827,120.67,1.9558,N/A,27.446,7.4682,N/A,0.91503,354.97,N/A,N/A,N/A,4.5817,N/A,4.8446,10.9638,N/A,N/A,1.0602,151.9,11.7745,7.6083,84.8015,N/A,6.9672,1.7993,5.4937,1.5539,7.6844,8.3941,17447.71,3.9411,82.699,1334.82,26.5704,4.7493,1.8479,55.25,1.5651,35.491,18.8478,
2020-03-24,1.0843,119.99,1.9558,N/A,27.808,7.4669,N/A,0.921,353.07,N/A,N/A,N/A,4.6146,N/A,4.8357,11.0888,N/A,N/A,1.0572,151.7,11.9745,7.6118,85.1561,N/A,7.011,1.8315,5.5116,1.5716,7.6549,8.4088,17701.2,3.9379,82.358,1346.65,26.9302,4.804,1.8676,55.375,1.5692,35.533,19.0754,
2020-03-23,1.0783,119.11,1.9558,N/A,27.635,7.4706,N/A,0.9297,352.33,N/A,N/A,N/A,4.6056,N/A,4.8481,11.0715,N/A,N/A,1.059,151.5,12.2568,7.606,86.08,N/A,7.1016,1.8586,5.4652,1.551,7.6385,8.3631,17872.82,3.9572,82.1255,1355.1,26.613,4.793,1.8939,55.425,1.5745,35.438,19.014,
2020-03-20,1.0707,118.37,1.9558,N/A,27.191,7.4691,N/A,0.91028,350.91,N/A,N/A,N/A,4.5315,N/A,4.8505,11.0598,N/A,N/A,1.0546,150.7,12.1215,7.6098,85.1038,N/A,6.9806,1.8226,5.3937,1.5257,7.5919,8.3056,17050.9,3.8683,80.465,1335.64,25.6864,4.7052,1.8521,54.895,1.5515,34.851,18.5127,
2020-03-19,1.0801,118.63,1.9558,N/A,27.606,7.4731,N/A,0.92985,356.06,N/A,N/A,N/A,4.5604,N/A,4.8445,11.1523,N/A,N/A,1.0535,152.2,12.3165,7.608,86.9346,N/A,7.0625,1.8635,5.6037,1.5623,7.6849,8.3849,17187.09,3.9802,81.14,1364.14,26.2955,4.7686,1.8903,55.593,1.5643,35.076,18.68,
2020-03-18,1.0934,117.78,1.9558,N/A,27.154,7.4732,N/A,0.9219,351.38,N/A,N/A,N/A,4.501,N/A,4.845,11.0223,N/A,N/A,1.0546,152.7,11.701,7.5935,87.0959,N/A,7.0491,1.8568,5.6133,1.5749,7.6925,8.4917,16892.54,4.1654,81.1355,1377.8,26.2014,4.7793,1.8727,56.441,1.576,35.448,18.5624,
2020-03-17,1.0982,117.5,1.9558,N/A,26.985,7.4732,N/A,0.90823,347.04,N/A,N/A,N/A,4.4628,N/A,4.8418,10.9593,N/A,N/A,1.0561,154.4,11.5063,7.5823,82.346,N/A,7.1286,1.8287,5.528,1.5512,7.7095,8.5274,16681.66,4.2411,81.567,1365.21,25.0491,4.7777,1.842,56.563,1.5691,35.461,18.2288,
2020-03-16,1.1157,117.76,1.9558,N/A,26.96,7.4731,N/A,0.90918,344.97,N/A,N/A,N/A,4.407,N/A,4.8343,10.8998,N/A,N/A,1.0546,151.2,11.4765,7.5785,83.5905,N/A,7.1568,1.8198,5.5381,1.5539,7.8351,8.6682,16756.2,4.1795,82.8075,1373.34,25.4478,4.8092,1.8499,57.625,1.5868,35.937,18.5602,
2020-03-13,1.1104,119.11,1.9558,N/A,26.042,7.4732,N/A,0.8907,338.88,N/A,N/A,N/A,4.357,N/A,4.8213,10.8453,N/A,N/A,1.0608,150,11.0966,7.563,80.7385,N/A,6.985,1.7684,5.2042,1.5389,7.7587,8.6255,16400.61,4.0867,81.8765,1341.38,23.7835,4.7508,1.812,56.453,1.5684,35.244,17.9235,
2020-03-12,1.124,116.84,1.9558,N/A,26.203,7.4727,N/A,0.88623,338.37,N/A,N/A,N/A,4.3599,N/A,4.8213,10.8945,N/A,N/A,1.0549,148.64,11.3682,7.6,84.0284,N/A,7.0361,1.7674,5.5081,1.5524,7.8877,8.7466,16434,4.0909,83.468,1359.4,24.8028,4.7944,1.8173,57.645,1.5779,35.586,18.4447,
2020-03-11,1.1336,118.55,1.9558,N/A,25.77,7.4726,N/A,0.8769,335.46,N/A,N/A,N/A,4.318,N/A,4.8213,10.7238,N/A,N/A,1.0591,145.7,10.8558,7.5745,81.3785,N/A,7.0236,1.7389,5.2874,1.5579,7.8801,8.8071,16269.99,4.0316,83.5215,1348.07,23.9025,4.8002,1.7951,57.383,1.5741,35.584,18.21,
2020-03-10,1.139,118.65,1.9558,N/A,25.725,7.4714,N/A,0.87385,336.2,N/A,N/A,N/A,4.326,N/A,4.8178,10.8015,N/A,N/A,1.0594,145.3,10.8433,7.5425,81.5975,N/A,6.9884,1.7377,5.3243,1.5579,7.924,8.8496,16282,4.0147,84.11,1357.12,23.8739,4.8265,1.8006,57.537,1.5817,35.809,18.1596,
2020-03-09,1.1456,117.12,1.9558,N/A,25.504,7.4695,N/A,0.87383,336.25,N/A,N/A,N/A,4.3132,N/A,4.8175,10.7203,N/A,N/A,1.0594,145,10.89,7.55,85.1553,N/A,7.0002,1.733,5.4418,1.5613,7.96,8.9041,16488.05,4.0275,84.96,1374.71,24.3268,4.8304,1.8021,58.013,1.5841,36.081,18.2898,
2020-03-06,1.1336,119.08,1.9558,N/A,25.458,7.4697,N/A,0.87165,335.48,N/A,N/A,N/A,4.3042,N/A,4.811,10.6145,N/A,N/A,1.0589,143,10.4983,7.5035,77.5058,N/A,6.9209,1.7103,5.2748,1.5213,7.8511,8.8089,16558.49,3.9576,83.586,1351.63,22.9958,4.7294,1.7858,57.542,1.563,35.64,17.8514,
2020-03-05,1.1187,119.63,1.9558,N/A,25.346,7.4712,N/A,0.8667,335.7,N/A,N/A,N/A,4.3029,N/A,4.811,10.5915,N/A,N/A,1.0663,142.2,10.371,7.4905,74.307,N/A,6.8038,1.6917,5.148,1.5021,7.7579,8.6936,15851.98,3.8814,82.153,1327.01,22.0737,4.6532,1.7744,56.785,1.5495,35.295,17.2746,
2020-03-04,1.1125,119.58,1.9558,N/A,25.34,7.4727,N/A,0.8685,334.96,N/A,N/A,N/A,4.2968,N/A,4.8073,10.5555,N/A,N/A,1.0647,142.2,10.3051,7.4848,73.218,N/A,6.7828,1.6794,5.0146,1.4862,7.7014,8.6437,15702.94,3.8451,81.5025,1314.96,21.4105,4.6491,1.7667,56.288,1.54,34.866,16.9784,
2020-03-03,1.1117,119.77,1.9558,N/A,25.475,7.473,N/A,0.8701,336.68,N/A,N/A,N/A,4.3166,N/A,4.8087,10.559,N/A,N/A,1.0646,142.9,10.3328,7.4853,74.005,N/A,6.8626,1.6911,5.0032,1.4857,7.7572,8.6471,15877,3.847,81.429,1327.59,21.6599,4.6758,1.7728,56.467,1.5479,35.063,17.3245,
2020-03-02,1.1122,119.82,1.9558,N/A,25.525,7.473,N/A,0.87113,336.92,N/A,N/A,N/A,4.3276,N/A,4.8106,10.6063,N/A,N/A,1.0655,141.7,10.4043,7.4835,74.56,N/A,6.9253,1.6998,4.9938,1.4857,7.7469,8.6525,15909.41,3.8826,80.917,1325.85,21.9963,4.6751,1.7738,56.511,1.5449,34.968,17.4202,
2020-02-28,1.0977,119.36,1.9558,N/A,25.39,7.4723,N/A,0.85315,337.57,N/A,N/A,N/A,4.3259,N/A,4.813,10.6738,N/A,N/A,1.0614,139.3,10.3888,7.4695,73.6096,N/A,6.8348,1.6875,4.9232,1.4757,7.6662,8.555,15749.25,3.8052,79.285,1324.98,21.637,4.6263,1.7608,56.027,1.5317,34.632,17.0961,
2020-02-27,1.0964,120.46,1.9558,N/A,25.283,7.4725,N/A,0.84995,338.37,N/A,N/A,N/A,4.3124,N/A,4.81,10.5753,N/A,N/A,1.0627,139.3,10.2918,7.4625,72.1052,N/A,6.7538,1.6672,4.8975,1.4636,7.6813,8.5456,15387.97,3.7671,78.538,1327.83,21.2601,4.6164,1.7326,55.767,1.5294,34.701,16.842,
2020-02-26,1.0875,120.13,1.9558,N/A,25.344,7.471,N/A,0.8415,339.28,N/A,N/A,N/A,4.3094,N/A,4.805,10.5813,N/A,N/A,1.0606,139.3,10.2113,7.4605,71.2368,N/A,6.6981,1.6565,4.7741,1.4469,7.6329,8.4742,15221.86,3.7429,77.9195,1322.29,20.806,4.5952,1.7273,55.538,1.5204,34.664,16.4555,
2020-02-25,1.084,119.92,1.9558,N/A,25.226,7.4701,N/A,0.8363,337.41,N/A,N/A,N/A,4.3012,N/A,4.8098,10.5688,N/A,N/A,1.0605,139.3,10.16,7.4567,70.7943,N/A,6.6688,1.6442,4.7569,1.4403,7.6045,8.4445,15094.7,3.7158,77.724,1315.68,20.6185,4.5886,1.716,55.36,1.5166,34.39,16.4649,
2020-02-24,1.0818,120.52,1.9558,N/A,25.186,7.4699,N/A,0.83833,337.61,N/A,N/A,N/A,4.2989,N/A,4.8063,10.5833,N/A,N/A,1.06,139.3,10.1328,7.465,70.6675,N/A,6.6599,1.6384,4.7474,1.4372,7.6102,8.4324,15098.95,3.7208,77.8265,1319.2,20.7234,4.5728,1.7095,55.248,1.5164,34.336,16.3592,
2020-02-21,1.0801,120.96,1.9558,N/A,25.061,7.4702,N/A,0.8351,337.1,N/A,N/A,N/A,4.2835,N/A,4.804,10.569,N/A,N/A,1.061,138.3,10.0873,7.449,69.548,N/A,6.6131,1.6363,4.755,1.432,7.5945,8.4117,14867.58,3.6985,77.754,1309.45,20.5183,4.5294,1.7104,54.955,1.5131,34.164,16.2965,
2020-02-20,1.079,120.86,1.9558,N/A,25.037,7.4681,N/A,0.8384,338,N/A,N/A,N/A,4.2825,N/A,4.7979,10.5985,N/A,N/A,1.0616,138.1,10.0455,7.4495,68.806,N/A,6.5806,1.6294,4.7341,1.4304,7.5787,8.396,14790.39,3.7009,77.2745,1301.79,20.1685,4.5145,1.7046,54.725,1.5111,33.924,16.2966,
2020-02-19,1.08,119.35,1.9558,N/A,24.962,7.4693,N/A,0.83148,336.33,N/A,N/A,N/A,4.2712,N/A,4.7792,10.5743,N/A,N/A,1.0621,138.1,10.0178,7.4453,68.6245,N/A,6.5606,1.6142,4.7184,1.4281,7.5538,8.3925,14783.04,3.6946,77.2345,1284.75,20.069,4.4955,1.6883,54.616,1.5033,33.696,16.1425,
2020-02-18,1.0816,118.7,1.9558,N/A,24.898,7.4702,N/A,0.82985,334.83,N/A,N/A,N/A,4.2746,N/A,4.7823,10.5498,N/A,N/A,1.0619,137.7,10.0883,7.444,68.9685,N/A,6.5643,1.6195,4.7009,1.4345,7.5732,8.4024,14780.06,3.7028,77.39,1288.74,20.1596,4.4919,1.6921,54.799,1.5058,33.773,16.2792,
2020-02-17,1.0835,119.05,1.9558,N/A,24.793,7.4701,N/A,0.83238,334.64,N/A,N/A,N/A,4.262,N/A,4.7768,10.5323,N/A,N/A,1.0641,137.7,10.0373,7.4465,68.7554,N/A,6.5542,1.6129,4.6739,1.4334,7.5645,8.416,14792.48,3.7131,77.342,1282.7,20.1243,4.4911,1.6864,54.787,1.5047,33.778,16.2095,
2020-02-14,1.0842,119.11,1.9558,N/A,24.828,7.4713,N/A,0.83208,335.67,N/A,N/A,N/A,4.249,N/A,4.7684,10.5085,N/A,N/A,1.0641,137.5,10.0258,7.449,68.9116,N/A,6.5735,1.6151,4.6927,1.4363,7.5757,8.4214,14870.88,3.7177,77.466,1283.75,20.1606,4.4886,1.6864,54.806,1.509,33.848,16.1139,
2020-02-13,1.0867,119.21,1.9558,N/A,24.835,7.4721,N/A,0.83375,337.12,N/A,N/A,N/A,4.2513,N/A,4.7645,10.4823,N/A,N/A,1.0633,137.7,10.0415,7.4513,69.0209,N/A,6.5843,1.6138,4.7182,1.4406,7.589,8.4398,14892.14,3.7231,77.4495,1286.02,20.2411,4.5006,1.6835,54.863,1.5096,33.839,16.1313,
2020-02-12,1.0914,120.03,1.9558,N/A,24.878,7.4718,N/A,0.84058,339.49,N/A,N/A,N/A,4.2554,N/A,4.7663,10.4965,N/A,N/A,1.0645,137.9,10.0445,7.4575,68.753,N/A,6.5923,1.6175,4.7286,1.4468,7.6073,8.4788,14912.89,3.7325,77.8345,1288,20.3274,4.514,1.6832,55.189,1.5122,33.948,16.1266,
2020-02-11,1.0901,119.73,1.9558,N/A,24.965,7.4721,N/A,0.84325,337.93,N/A,N/A,N/A,4.2569,N/A,4.7693,10.5373,N/A,N/A,1.0667,137.9,10.0953,7.459,69.3198,N/A,6.5775,1.626,4.6995,1.4495,7.6025,8.4658,14919.11,3.72,77.6945,1290.63,20.3563,4.5059,1.7055,55.061,1.5127,34.082,16.2331,
2020-02-10,1.0951,120.18,1.9558,N/A,25.026,7.4724,N/A,0.84628,337.37,N/A,N/A,N/A,4.2656,N/A,4.7663,10.5728,N/A,N/A,1.07,137.9,10.1188,7.455,70.112,N/A,6.5897,1.6373,4.721,1.458,7.6471,8.5039,15037.15,3.7483,78.107,1301.41,20.5466,4.5425,1.7108,55.657,1.5209,34.277,16.4786,
2020-02-07,1.0969,120.51,1.9558,N/A,25.03,7.4724,N/A,0.8472,338.15,N/A,N/A,N/A,4.2653,N/A,4.7613,10.5455,N/A,N/A,1.0705,137.9,10.1673,7.455,70.0203,N/A,6.5688,1.6417,4.7078,1.4604,7.6711,8.5168,15063.25,3.7585,78.3625,1309.78,20.5281,4.5412,1.7094,55.816,1.5255,34.333,16.4204,
2020-02-06,1.1003,120.87,1.9558,N/A,24.893,7.4725,N/A,0.84835,336.76,N/A,N/A,N/A,4.2451,N/A,4.7655,10.555,N/A,N/A,1.0715,138.1,10.1288,7.4563,69.4575,N/A,6.5886,1.6282,4.6553,1.461,7.6676,8.542,15000.81,3.777,78.2845,1301.78,20.4852,4.5349,1.6994,55.817,1.5233,34.197,16.3028,
2020-02-05,1.1023,120.94,1.9558,N/A,25.055,7.4728,N/A,0.84444,335.76,N/A,N/A,N/A,4.2491,N/A,4.7734,10.545,N/A,N/A,1.0717,138.1,10.1173,7.4568,69.032,N/A,6.5975,1.6299,4.6614,1.4644,7.6858,8.5572,15036.47,3.7981,78.433,1302.97,20.4923,4.5382,1.7006,55.961,1.5202,34.133,16.2246,
2020-02-04,1.1048,120.52,1.9558,N/A,25.143,7.4729,N/A,0.8488,336.32,N/A,N/A,N/A,4.2753,N/A,4.7763,10.6278,N/A,N/A,1.0702,137.9,10.1948,7.4518,69.8725,N/A,6.6073,1.6439,4.6704,1.4671,7.7298,8.5805,15146.81,3.813,78.712,1310.75,20.6722,4.5424,1.7102,56.102,1.5139,34.194,16.3262,
2020-02-03,1.1066,120.1,1.9558,N/A,25.177,7.4729,N/A,0.84775,337.7,N/A,N/A,N/A,4.2968,N/A,4.7788,10.6808,N/A,N/A,1.0672,137.3,10.259,7.4465,70.5988,N/A,6.6221,1.6521,4.717,1.4647,7.7681,8.5935,15207.45,3.8135,79.0035,1319.12,20.8183,4.5526,1.7106,56.293,1.5138,34.349,16.4806,
2020-01-31,1.1052,120.35,1.9558,N/A,25.21,7.4731,N/A,0.84175,337.05,N/A,N/A,N/A,4.3009,N/A,4.7789,10.6768,N/A,N/A,1.0694,136.3,10.1893,7.444,70.3375,N/A,6.6117,1.6494,4.7157,1.4627,7.6664,8.5843,15091.51,3.809,78.9055,1321.6,20.8044,4.5297,1.7083,56.382,1.5092,34.46,16.49,
2020-01-30,1.1029,120.03,1.9558,N/A,25.25,7.4729,N/A,0.84183,338.36,N/A,N/A,N/A,4.2873,N/A,4.777,10.6398,N/A,N/A,1.069,135.9,10.1738,7.4423,69.6719,N/A,6.597,1.6412,4.6836,1.4577,7.6504,8.5678,15094.84,3.808,79.011,1315,20.6985,4.5087,1.6973,56.246,1.503,34.405,16.2673,
2020-01-29,1.1001,120.06,1.9558,N/A,25.208,7.4728,N/A,0.8458,337.39,N/A,N/A,N/A,4.2837,N/A,4.777,10.5753,N/A,N/A,1.0729,135.9,10.0563,7.442,68.9755,N/A,6.5559,1.6299,4.6089,1.4496,7.631,8.5503,14991.61,3.8053,78.417,1296.65,20.6109,4.4884,1.6868,55.929,1.4971,34.07,16.0719,
2020-01-28,1.1005,120.02,1.9558,N/A,25.221,7.4728,N/A,0.84603,337.18,N/A,N/A,N/A,4.2731,N/A,4.7784,10.5993,N/A,N/A,1.0703,137.2,10.0758,7.441,68.9032,N/A,6.5475,1.629,4.6196,1.4516,7.6338,8.5578,15008.07,3.8033,78.4545,1297.2,20.7316,4.4972,1.6844,55.878,1.4949,33.945,16.1249,
2020-01-27,1.1025,120.11,1.9558,N/A,25.231,7.4728,N/A,0.84358,337.53,N/A,N/A,N/A,4.2715,N/A,4.7808,10.5795,N/A,N/A,1.0689,137.4,10.0363,7.4415,69.0442,N/A,6.5566,1.6291,4.6467,1.4539,7.6477,8.5745,14999.51,3.8151,78.7425,1298.34,20.8715,4.4822,1.6814,56.084,1.4965,33.869,16.0431,
2020-01-24,1.1035,120.96,1.9558,N/A,25.16,7.473,N/A,0.84313,336.01,N/A,N/A,N/A,4.2565,N/A,4.7799,10.5363,N/A,N/A,1.0712,137.4,9.9375,7.4415,68.1692,N/A,6.5539,1.6127,4.6084,1.4491,7.6509,8.577,15002.91,3.81,78.67,1289.12,20.717,4.4857,1.6684,56.092,1.491,33.723,15.8585,
2020-01-23,1.1091,121.5,1.9558,N/A,25.159,7.4732,N/A,0.84498,337.19,N/A,N/A,N/A,4.2439,N/A,4.7788,10.5473,N/A,N/A,1.0734,137.8,9.9678,7.4438,68.6301,N/A,6.5771,1.6149,4.6253,1.4599,7.6897,8.6201,15141.43,3.8336,79.0965,1295.15,20.7527,4.514,1.6797,56.514,1.4971,33.883,15.9503,
2020-01-22,1.1088,121.93,1.9558,N/A,25.136,7.4729,N/A,0.84445,335.61,N/A,N/A,N/A,4.2378,N/A,4.7784,10.5528,N/A,N/A,1.0757,137.8,9.959,7.4375,68.6934,N/A,6.5673,1.6184,4.6486,1.4465,7.653,8.617,15137.71,3.8279,78.8665,1290.57,20.7417,4.5078,1.6782,56.499,1.4954,33.685,15.975,
2020-01-21,1.1115,122.31,1.9558,N/A,25.066,7.4725,N/A,0.8503,335.32,N/A,N/A,N/A,4.2438,N/A,4.7785,10.5523,N/A,N/A,1.0743,137.8,9.936,7.4375,68.73,N/A,6.5938,1.6177,4.6661,1.4512,7.6732,8.6362,15197.89,3.8405,79.1345,1298.12,20.8194,4.5255,1.6811,56.689,1.4994,33.79,16.0899,
2020-01-20,1.1085,122.14,1.9558,N/A,25.125,7.4726,N/A,0.85275,336.39,N/A,N/A,N/A,4.2433,N/A,4.7794,10.5548,N/A,N/A,1.0737,137.6,9.8815,7.4358,68.2075,N/A,6.5604,1.6154,4.636,1.4487,7.6112,8.6112,15118.3,3.8326,78.784,1286.08,20.694,4.5022,1.6796,56.489,1.4943,33.647,16.1045,
2020-01-17,1.1108,122.31,1.9558,N/A,25.147,7.4729,N/A,0.85105,335.59,N/A,N/A,N/A,4.2367,N/A,4.7803,10.545,N/A,N/A,1.0736,137.4,9.889,7.4378,68.2495,N/A,6.5323,1.6122,4.639,1.4498,7.6186,8.6292,15184.91,3.8372,78.9567,1288.37,20.8338,4.5041,1.6782,56.548,1.496,33.746,16.0582,
2020-01-16,1.1169,122.8,1.9558,N/A,25.17,7.4729,N/A,0.8547,333.84,N/A,N/A,N/A,4.2324,N/A,4.779,10.5678,N/A,N/A,1.0739,137,9.9058,7.4418,68.8102,N/A,6.5363,1.6115,4.6519,1.4559,7.6837,8.6812,15223.35,3.8575,79.221,1293.87,20.9901,4.5377,1.6769,56.776,1.5025,33.915,16.1229,
2020-01-15,1.1142,122.43,1.9558,N/A,25.144,7.4727,N/A,0.85683,332.94,N/A,N/A,N/A,4.2265,N/A,4.7803,10.559,N/A,N/A,1.0751,136.6,9.882,7.4443,68.4386,N/A,6.558,1.6188,4.635,1.4565,7.6746,8.6591,15262.3,3.8561,78.8825,1289.22,20.9542,4.5409,1.6905,56.521,1.5011,33.693,16.0218,
2020-01-14,1.1115,122.32,1.9558,N/A,25.155,7.4731,N/A,0.85618,332.77,N/A,N/A,N/A,4.2219,N/A,4.7795,10.5248,N/A,N/A,1.0767,137.2,9.892,7.445,68.2418,N/A,6.5448,1.611,4.6056,1.4528,7.6536,8.6447,15219.55,3.8541,78.7285,1285.74,20.9406,4.5288,1.6803,56.242,1.4981,33.624,16.0274,
2020-01-13,1.1126,122.25,1.9558,N/A,25.23,7.4732,N/A,0.8576,334.29,N/A,N/A,N/A,4.2348,N/A,4.7784,10.5598,N/A,N/A,1.0811,137.2,9.8955,7.4445,68.0893,N/A,6.5219,1.6117,4.5832,1.4514,7.6697,8.6504,15243.73,3.8604,78.8225,1288.09,20.9084,4.5199,1.6769,56.147,1.4989,33.62,15.9948,
2020-01-10,1.1091,121.6,1.9558,N/A,25.265,7.4731,N/A,0.8481,333.85,N/A,N/A,N/A,4.2462,N/A,4.7796,10.551,N/A,N/A,1.0822,136.6,9.8745,7.4445,68.041,N/A,6.5198,1.6132,4.5188,1.4498,7.6773,8.6137,15263.99,3.8476,78.6915,1286,20.8634,4.5212,1.6769,55.998,1.4969,33.534,15.8081,
2020-01-09,1.111,121.54,1.9558,N/A,25.253,7.4731,N/A,0.85285,332.51,N/A,N/A,N/A,4.2422,N/A,4.7785,10.533,N/A,N/A,1.0808,137.7,9.8665,7.446,68.0757,N/A,6.5331,1.6193,4.5194,1.4505,7.7011,8.6317,15387.35,3.8556,79.162,1288.28,20.8637,4.5445,1.6796,56.25,1.5018,33.647,15.7839,
2020-01-08,1.1115,120.86,1.9558,N/A,25.265,7.4731,N/A,0.84868,331.08,N/A,N/A,N/A,4.2429,N/A,4.7774,10.5108,N/A,N/A,1.0792,137.1,9.8508,7.449,68.6389,N/A,6.6158,1.6195,4.5092,1.447,7.7184,8.6424,15441.51,3.8541,79.709,1297.37,20.9079,4.5588,1.6739,56.42,1.5014,33.74,15.8166,
2020-01-07,1.1172,121.15,1.9558,N/A,25.276,7.4731,N/A,0.85183,331.28,N/A,N/A,N/A,4.2457,N/A,4.7778,10.5423,N/A,N/A,1.085,137.3,9.8548,7.4478,69.2576,N/A,6.676,1.6251,4.5625,1.452,7.7562,8.6836,15501.15,3.8731,80.265,1302.48,21.0852,4.5727,1.6833,56.832,1.5081,33.823,15.9724,
2020-01-06,1.1194,121.02,1.9558,N/A,25.301,7.4732,N/A,0.85215,329.66,N/A,N/A,N/A,4.2415,N/A,4.7743,10.5308,N/A,N/A,1.085,137.3,9.8488,7.445,69.4047,N/A,6.69,1.6119,4.5461,1.4525,7.8049,8.6978,15604.44,3.8913,80.5175,1308.83,21.1418,4.594,1.6788,57.247,1.511,33.744,15.9465,
2020-01-03,1.1147,120.54,1.9558,N/A,25.36,7.4731,N/A,0.85115,330.53,N/A,N/A,N/A,4.2493,N/A,4.7784,10.4858,N/A,N/A,1.084,136.9,9.8315,7.4463,69.119,N/A,6.6587,1.6031,4.5271,1.4471,7.7712,8.6713,15536.69,3.8766,80.0085,1300.32,21.1433,4.5725,1.6718,56.983,1.5047,33.614,15.9222,
2020-01-02,1.1193,121.75,1.9558,N/A,25.411,7.4719,N/A,0.84828,329.98,N/A,N/A,N/A,4.2544,N/A,4.7828,10.4728,N/A,N/A,1.0865,136.9,9.8408,7.4445,69.1893,N/A,6.6699,1.6006,4.487,1.4549,7.7946,8.7203,15540.92,3.869,79.9065,1298.24,21.1383,4.5764,1.6718,56.825,1.5084,33.741,15.7496,
2019-12-31,1.1234,121.94,1.9558,N/A,25.408,7.4715,N/A,0.8508,330.53,N/A,N/A,N/A,4.2568,N/A,4.783,10.4468,N/A,N/A,1.0854,135.8,9.8638,7.4395,69.9563,N/A,6.6843,1.5995,4.5157,1.4598,7.8205,8.7473,15595.6,3.8845,80.187,1296.28,21.2202,4.5953,1.6653,56.9,1.5111,33.415,15.7773,
2019-12-30,1.1189,122.19,1.9558,N/A,25.463,7.4697,N/A,0.85208,331.04,N/A,N/A,N/A,4.2567,N/A,4.7821,10.44,N/A,N/A,1.0871,135.8,9.846,7.4485,69.2781,N/A,6.6567,1.5992,4.5128,1.4621,7.8175,8.7133,15565.65,3.8749,79.812,1294.35,21.085,4.5948,1.6638,56.784,1.5088,33.472,15.7398,
2019-12-27,1.1153,122.23,1.9558,N/A,25.509,7.4704,N/A,0.8513,330.83,N/A,N/A,N/A,4.2671,N/A,4.7818,10.4363,N/A,N/A,1.089,135.6,9.8578,7.4475,69.2013,N/A,6.6449,1.5996,4.5157,1.4592,7.8025,8.6845,15573.91,3.8611,79.637,1294.42,21.0989,4.6034,1.6655,56.574,1.5083,33.632,15.6649,
2019-12-24,1.108,121.19,1.9558,N/A,25.485,7.4712,N/A,0.85533,331.76,N/A,N/A,N/A,4.2598,N/A,4.779,10.4553,N/A,N/A,1.0878,135.6,9.9118,7.4455,68.7932,N/A,6.5994,1.6019,4.5246,1.4582,7.7643,8.629,15495.4,3.8464,78.9525,1287.71,21.0106,4.5832,1.6716,56.331,1.5017,33.412,15.7264,
2019-12-23,1.1075,121.18,1.9558,N/A,25.499,7.4719,N/A,0.85708,331.24,N/A,N/A,N/A,4.2609,N/A,4.7733,10.4473,N/A,N/A,1.087,135.4,9.913,7.446,69.0297,N/A,6.5834,1.6008,4.522,1.4577,7.7652,8.6232,15489.5,3.8452,78.9455,1288.52,21.0016,4.5878,1.6732,56.471,1.5018,33.408,15.7605,
2019-12-20,1.1097,121.31,1.9558,N/A,25.445,7.472,N/A,0.85133,330.5,N/A,N/A,N/A,4.2593,N/A,4.7705,10.434,N/A,N/A,1.0883,136.4,9.9463,7.439,68.9657,N/A,6.5774,1.6088,4.5175,1.4579,7.7764,8.6511,15510.83,3.8584,79.0035,1286.58,21.0259,4.5942,1.6811,56.284,1.5036,33.496,15.7936,
2019-12-19,1.1117,121.73,1.9558,N/A,25.473,7.4723,N/A,0.85073,330.52,N/A,N/A,N/A,4.2617,N/A,4.771,10.478,N/A,N/A,1.0899,137.2,9.9785,7.4398,69.4593,N/A,6.6022,1.6188,4.5163,1.4588,7.7931,8.6687,15551.77,3.8827,79.032,1296.6,21.1158,4.6047,1.6898,56.263,1.5074,33.568,15.918,
2019-12-18,1.1115,121.81,1.9558,N/A,25.49,7.472,N/A,0.85055,330.77,N/A,N/A,N/A,4.2706,N/A,4.776,10.4483,N/A,N/A,1.0913,137.2,10.0353,7.4486,69.5288,N/A,6.5732,1.6227,4.5097,1.4624,7.7783,8.6566,15558.78,3.893,78.895,1296.56,21.09,4.5999,1.692,56.271,1.5075,33.606,15.97,
2019-12-17,1.1162,122.31,1.9558,N/A,25.445,7.4731,N/A,0.84748,329.71,N/A,N/A,N/A,4.2595,N/A,4.7771,10.4718,N/A,N/A,1.0946,136.6,10.0648,7.4465,69.8758,N/A,6.5622,1.6294,4.5409,1.469,7.809,8.6953,15615.64,3.8996,79.2035,1299.38,21.1278,4.6239,1.6974,56.413,1.5132,33.737,16.0926,
2019-12-16,1.1146,121.97,1.9558,N/A,25.483,7.4731,N/A,0.83415,329.01,N/A,N/A,N/A,4.2657,N/A,4.7791,10.4213,N/A,N/A,1.0953,136.8,10.028,7.4401,69.8317,N/A,6.519,1.6177,4.5491,1.4621,7.8025,8.6856,15609.97,3.8922,79.1063,1304.67,21.2022,4.6167,1.6859,56.421,1.5096,33.689,16.1305,
2019-12-13,1.1174,122.43,1.9558,N/A,25.508,7.4731,N/A,0.83508,328.85,N/A,N/A,N/A,4.2726,N/A,4.7795,10.449,N/A,N/A,1.0982,137,10.063,7.4398,69.993,N/A,6.4822,1.6159,4.5664,1.4712,7.79,8.7062,15626.84,3.8894,79.061,1308.97,21.2518,4.6199,1.6873,56.441,1.5106,33.729,16.1393,
2019-12-12,1.1137,120.95,1.9558,N/A,25.519,7.4732,N/A,0.8456,329.4,N/A,N/A,N/A,4.2836,N/A,4.7791,10.4495,N/A,N/A,1.0939,136.7,10.135,7.439,70.0885,N/A,6.439,1.6165,4.5788,1.4676,7.8374,8.6923,15630.78,3.8749,78.9355,1323.39,21.2831,4.6324,1.6906,56.476,1.5117,33.606,16.3248,
2019-12-11,1.1075,120.44,1.9558,N/A,25.522,7.4728,N/A,0.84245,330.74,N/A,N/A,N/A,4.2869,N/A,4.7793,10.4595,N/A,N/A,1.0916,135.1,10.1495,7.4385,70.3925,N/A,6.4349,1.6194,4.559,1.4661,7.796,8.6538,15554.28,3.8503,78.4115,1321.5,21.292,4.6122,1.6924,56.279,1.506,33.518,16.3512,
2019-12-10,1.1077,120.27,1.9558,N/A,25.527,7.4731,N/A,0.84073,330.85,N/A,N/A,N/A,4.2903,N/A,4.7773,10.5565,N/A,N/A,1.0922,134.7,10.1823,7.4398,70.4627,N/A,6.43,1.6275,4.5891,1.4666,7.7968,8.6691,15518.88,3.8372,78.561,1320.74,21.2903,4.613,1.6945,56.243,1.5062,33.558,16.4121,
2019-12-09,1.1075,120.15,1.9558,N/A,25.528,7.4723,N/A,0.84195,331.58,N/A,N/A,N/A,4.2837,N/A,4.7789,10.5435,N/A,N/A,1.0959,134.3,10.1238,7.4388,70.5731,N/A,6.427,1.6228,4.5903,1.4675,7.796,8.6692,15506.11,3.8434,78.707,1319.29,21.3499,4.6074,1.689,56.316,1.506,33.571,16.178,
2019-12-06,1.1094,120.44,1.9558,N/A,25.533,7.4722,N/A,0.84453,330.19,N/A,N/A,N/A,4.2772,N/A,4.78,10.5183,N/A,N/A,1.0968,134.6,10.1235,7.439,70.7441,N/A,6.3893,1.619,4.6402,1.4618,7.7993,8.6852,15554.41,3.8465,79.0435,1317.31,21.4658,4.6145,1.6886,56.348,1.5084,33.645,16.2232,
2019-12-05,1.1094,120.69,1.9558,N/A,25.526,7.4716,N/A,0.8447,330.85,N/A,N/A,N/A,4.2753,N/A,4.7785,10.5418,N/A,N/A,1.0964,134.4,10.1613,7.439,70.7798,N/A,6.3845,1.6251,4.6794,1.461,7.8125,8.6853,15603.71,3.8418,79.0195,1320.69,21.4895,4.6256,1.6997,56.402,1.5103,33.676,16.2774,
2019-12-04,1.1081,120.45,1.9558,N/A,25.52,7.4715,N/A,0.8461,331.01,N/A,N/A,N/A,4.2792,N/A,4.7754,10.5523,N/A,N/A,1.0956,134.2,10.1723,7.4385,70.7959,N/A,6.3608,1.6203,4.6521,1.4707,7.8149,8.6753,15629.75,3.8462,79.2615,1321.2,21.6167,4.628,1.698,56.519,1.5103,33.581,16.1224,
2019-12-03,1.1071,120.39,1.9558,N/A,25.527,7.4719,N/A,0.852,331.75,N/A,N/A,N/A,4.2845,N/A,4.7777,10.5653,N/A,N/A,1.0947,134.4,10.1668,7.44,71.0634,N/A,6.3508,1.6186,4.6545,1.4747,7.814,8.6675,15615.65,3.8596,79.43,1319.15,21.6958,4.6216,1.7,56.583,1.5117,33.529,16.2253,
2019-12-02,1.1023,120.75,1.9558,N/A,25.534,7.4712,N/A,0.85218,332.98,N/A,N/A,N/A,4.3001,N/A,4.7794,10.5385,N/A,N/A,1.0995,134.8,10.1353,7.438,70.9217,N/A,6.3436,1.624,4.6654,1.4656,7.7625,8.6297,15569.99,3.8327,78.9785,1306.52,21.567,4.6071,1.7019,56.317,1.5085,33.383,16.177,
2019-11-29,1.0982,120.43,1.9558,N/A,25.515,7.4713,N/A,0.85225,333.82,N/A,N/A,N/A,4.3185,N/A,4.7823,10.4995,N/A,N/A,1.0998,134,10.1045,7.4385,70.5544,N/A,6.3198,1.6228,4.6459,1.4614,7.7172,8.5954,15490.11,3.8136,78.6875,1295.81,21.4483,4.5882,1.709,55.838,1.5017,33.204,16.1197,
2019-11-28,1.1005,120.5,1.9558,N/A,25.574,7.4715,N/A,0.8518,336.25,N/A,N/A,N/A,4.3212,N/A,4.785,10.5463,N/A,N/A,1.0991,135,10.113,7.437,70.5328,N/A,6.3477,1.6253,4.6793,1.4625,7.7416,8.6136,15517.93,3.817,78.8095,1298,21.5787,4.5929,1.7136,55.9,1.5032,33.263,16.2298,
2019-11-27,1.1009,120.18,1.9558,N/A,25.515,7.4712,N/A,0.8545,335.95,N/A,N/A,N/A,4.3109,N/A,4.7841,10.558,N/A,N/A,1.0986,135,10.102,7.439,70.4425,N/A,6.3442,1.622,4.6743,1.4605,7.7353,8.6176,15517.01,3.8205,78.5495,1295.88,21.448,4.593,1.7121,55.958,1.5028,33.286,16.1885,
2019-11-26,1.102,120.09,1.9558,N/A,25.505,7.472,N/A,0.85715,336.16,N/A,N/A,N/A,4.3015,N/A,4.7766,10.5808,N/A,N/A,1.0993,135.4,10.0968,7.4355,70.5445,N/A,6.3255,1.6251,4.6915,1.4663,7.7576,8.6256,15538.08,3.8147,78.8165,1296.87,21.4669,4.6097,1.7165,56.016,1.5057,33.297,16.3384,
2019-11-25,1.1008,119.88,1.9558,N/A,25.485,7.4716,N/A,0.85515,335.23,N/A,N/A,N/A,4.2965,N/A,4.7723,10.6158,N/A,N/A,1.0986,135.9,10.1065,7.4365,70.4399,N/A,6.3196,1.6232,4.6295,1.4648,7.7454,8.6164,15512.47,3.8114,78.937,1293.96,21.3437,4.5997,1.7187,55.915,1.503,33.272,16.2262,
2019-11-22,1.1058,120.03,1.9558,N/A,25.513,7.4727,N/A,0.8598,334.29,N/A,N/A,N/A,4.2977,N/A,4.7741,10.6265,N/A,N/A,1.0994,136.3,10.1083,7.4365,70.4361,N/A,6.3119,1.6287,4.6313,1.4679,7.7834,8.6525,15575.19,3.8332,79.271,1303.07,21.4472,4.6123,1.7236,56.235,1.5072,33.39,16.2718,
2019-11-21,1.1091,120.46,1.9558,N/A,25.52,7.4732,N/A,0.85548,333.75,N/A,N/A,N/A,4.297,N/A,4.7813,10.6568,N/A,N/A,1.0998,136.3,10.1018,7.4395,70.6406,N/A,6.3097,1.6282,4.6453,1.4759,7.7933,8.6739,15624.45,3.8309,79.5675,1303.11,21.5649,4.6244,1.7239,56.419,1.5098,33.5,16.2645,
2019-11-20,1.1059,119.96,1.9558,N/A,25.541,7.4731,N/A,0.85715,333.41,N/A,N/A,N/A,4.2932,N/A,4.7803,10.6935,N/A,N/A,1.0977,135.9,10.1455,7.4395,70.7748,N/A,6.3003,1.6227,4.6409,1.4711,7.7786,8.6549,15602.04,3.8425,79.423,1294.49,21.4802,4.6066,1.7222,56.279,1.5059,33.382,16.3671,
2019-11-19,1.1077,120.46,1.9558,N/A,25.565,7.4721,N/A,0.85573,334.93,N/A,N/A,N/A,4.2877,N/A,4.7763,10.6475,N/A,N/A,1.0979,136.3,10.0853,7.4429,70.6272,N/A,6.331,1.6234,4.6465,1.4633,7.7829,8.6709,15607.49,3.8313,79.3975,1292.01,21.337,4.6053,1.7259,56.371,1.507,33.458,16.3211,
2019-11-18,1.1061,120.55,1.9558,N/A,25.593,7.4726,N/A,0.8533,335.27,N/A,N/A,N/A,4.2915,N/A,4.7744,10.6603,N/A,N/A,1.096,135.9,10.086,7.44,70.6242,N/A,6.3316,1.6242,4.6201,1.4622,7.7629,8.6593,15588.27,3.825,79.426,1289.14,21.2907,4.5964,1.7275,56.081,1.5047,33.443,16.3463,
2019-11-15,1.1034,119.95,1.9558,N/A,25.583,7.4723,N/A,0.8566,334.8,N/A,N/A,N/A,4.2785,N/A,4.7686,10.6518,N/A,N/A,1.0924,135.9,10.0345,7.438,70.3938,N/A,6.3433,1.6221,4.6296,1.4608,7.7343,8.6361,15528.15,3.8352,79.163,1285.34,21.2194,4.5817,1.7255,55.849,1.5021,33.35,16.2494,
2019-11-14,1.0997,119.49,1.9558,N/A,25.56,7.472,N/A,0.85643,333.87,N/A,N/A,N/A,4.2926,N/A,4.7673,10.694,N/A,N/A,1.0873,135.2,10.1198,7.4383,70.4908,N/A,6.3361,1.6213,4.5928,1.4588,7.721,8.6098,15508.18,3.8271,79.1,1287.87,21.3699,4.572,1.7223,55.788,1.4989,33.218,16.3205,
2019-11-13,1.1006,119.79,1.9558,N/A,25.591,7.4725,N/A,0.8576,334.75,N/A,N/A,N/A,4.2874,N/A,4.7633,10.7353,N/A,N/A,1.0894,137.7,10.139,7.4415,70.8149,N/A,6.3316,1.6127,4.6017,1.4592,7.7281,8.6204,15522.75,3.8482,79.319,1288.15,21.3723,4.5713,1.7228,56.025,1.5,33.277,16.4441,
2019-11-12,1.1015,120.24,1.9558,N/A,25.499,7.4723,N/A,0.8582,334.39,N/A,N/A,N/A,4.2747,N/A,4.7625,10.7003,N/A,N/A,1.0963,137.7,10.0798,7.4417,70.4859,N/A,6.359,1.6087,4.5868,1.4588,7.7187,8.6202,15499.48,3.8578,78.969,1281.79,21.0924,4.563,1.7382,55.959,1.4994,33.416,16.3334,
2019-11-11,1.1041,120.29,1.9558,N/A,25.51,7.4722,N/A,0.85743,334.35,N/A,N/A,N/A,4.2737,N/A,4.7643,10.7085,N/A,N/A,1.0972,137.7,10.091,7.4391,70.5319,N/A,6.3722,1.6105,4.5949,1.4607,7.7404,8.6422,15540.68,3.8591,78.9905,1288,21.1057,4.5749,1.7348,56.138,1.5025,33.493,16.415,
2019-11-08,1.1034,120.72,1.9558,N/A,25.486,7.4727,N/A,0.86158,333.37,N/A,N/A,N/A,4.261,N/A,4.7638,10.7025,N/A,N/A,1.0991,137.7,10.0893,7.4345,70.4653,N/A,6.3513,1.6065,4.5583,1.4561,7.7115,8.6372,15463.05,3.8533,78.652,1276.66,21.1383,4.5609,1.7426,55.809,1.5002,33.527,16.3121,
2019-11-07,1.1077,120.9,1.9558,N/A,25.534,7.472,N/A,0.86442,332.73,N/A,N/A,N/A,4.2653,N/A,4.7602,10.6253,N/A,N/A,1.0998,137.7,10.0715,7.4295,70.579,N/A,6.3613,1.6059,4.5238,1.4585,7.7271,8.6689,15501.71,3.8623,78.549,1279.27,21.197,4.5682,1.7383,55.917,1.5035,33.624,16.3233,
2019-11-06,1.109,120.88,1.9558,N/A,25.498,7.4713,N/A,0.86033,331.68,N/A,N/A,N/A,4.2693,N/A,4.7627,10.644,N/A,N/A,1.101,137.7,10.126,7.4343,70.6538,N/A,6.3803,1.607,4.4242,1.4599,7.7604,8.6786,15542.64,3.8644,78.6855,1284.3,21.305,4.5874,1.7385,56.126,1.5065,33.608,16.4153,
2019-11-05,1.1109,120.93,1.9558,N/A,25.536,7.4712,N/A,0.86113,329.84,N/A,N/A,N/A,4.2643,N/A,4.7583,10.6943,N/A,N/A,1.1009,137.7,10.1525,7.4486,70.4334,N/A,6.3807,1.6079,4.4655,1.4584,7.7734,8.704,15516.5,3.888,78.529,1284.34,21.3072,4.5886,1.7339,56.012,1.5078,33.544,16.3876,
2019-11-04,1.1158,120.93,1.9558,N/A,25.511,7.4713,N/A,0.86368,328.78,N/A,N/A,N/A,4.2588,N/A,4.7542,10.7035,N/A,N/A,1.1021,137.9,10.1668,7.4488,70.5726,N/A,6.3483,1.6158,4.4644,1.468,7.8425,8.7461,15643.31,3.9279,78.9205,1296.92,21.3095,4.6311,1.7358,56.376,1.5146,33.689,16.5296,
2019-11-01,1.1139,120.43,1.9558,N/A,25.514,7.4712,N/A,0.86008,328.33,N/A,N/A,N/A,4.2535,N/A,4.7547,10.6993,N/A,N/A,1.1013,138.1,10.1638,7.46,71.0786,N/A,6.3761,1.6151,4.4437,1.4682,7.844,8.7298,15640.93,3.9272,78.816,1300.09,21.3164,4.64,1.7326,56.286,1.5129,33.623,16.828,
2019-10-31,1.1154,120.73,1.9558,N/A,25.509,7.4708,N/A,0.86133,328.7,N/A,N/A,N/A,4.2581,N/A,4.756,10.7498,N/A,N/A,1.1007,138.1,10.252,7.4579,71.3639,N/A,6.3717,1.6137,4.4514,1.4673,7.854,8.7401,15701.5,3.9342,79.1125,1302.87,21.3265,4.6607,1.7359,56.704,1.5174,33.668,16.912,
2019-10-30,1.1106,120.99,1.9558,N/A,25.512,7.4709,N/A,0.862,329.72,N/A,N/A,N/A,4.2629,N/A,4.7577,10.801,N/A,N/A,1.1032,138.1,10.2488,7.4606,70.9556,N/A,6.3615,1.6199,4.4611,1.4534,7.8371,8.708,15600.04,3.92,78.7705,1297.21,21.2538,4.6423,1.7504,56.591,1.5141,33.58,16.5609,
2019-10-29,1.1095,120.88,1.9558,N/A,25.543,7.4706,N/A,0.86328,328.78,N/A,N/A,N/A,4.2693,N/A,4.7559,10.7923,N/A,N/A,1.1041,138.1,10.2748,7.4568,70.9154,N/A,6.3596,1.6186,4.43,1.4486,7.8392,8.6994,15590.95,3.9162,78.615,1295.86,21.1812,4.641,1.7481,56.623,1.5121,33.524,16.2241,
2019-10-28,1.1087,120.69,1.9558,N/A,25.48,7.4707,N/A,0.86328,328.16,N/A,N/A,N/A,4.2715,N/A,4.7559,10.7503,N/A,N/A,1.1047,138.3,10.2105,7.4543,70.5328,N/A,6.3479,1.6245,4.4158,1.4487,7.8366,8.6923,15536.21,3.9187,78.4355,1297.1,21.1244,4.641,1.7482,56.731,1.5104,33.488,16.1202,
2019-10-25,1.1107,120.59,1.9558,N/A,25.568,7.4704,N/A,0.86598,328.87,N/A,N/A,N/A,4.2777,N/A,4.7553,10.7445,N/A,N/A,1.1019,138.3,10.1865,7.453,70.824,N/A,6.4012,1.627,4.4732,1.4511,7.8524,8.7048,15588.67,3.9242,78.7515,1304.87,21.202,4.6494,1.7456,56.951,1.514,33.504,16.2387,
2019-10-24,1.1128,120.86,1.9558,N/A,25.598,7.4705,N/A,0.86288,329.24,N/A,N/A,N/A,4.277,N/A,4.752,10.6963,N/A,N/A,1.1019,138.3,10.1368,7.452,71.1856,N/A,6.4251,1.6273,4.4908,1.4545,7.8704,8.7235,15619.26,3.922,79.022,1305.33,21.2595,4.6571,1.74,57.088,1.5162,33.707,16.2753,
2019-10-23,1.1123,120.63,1.9558,N/A,25.638,7.4707,N/A,0.86408,329.11,N/A,N/A,N/A,4.2786,N/A,4.7603,10.7385,N/A,N/A,1.1004,138.9,10.1775,7.4418,71.0887,N/A,6.4318,1.6252,4.5459,1.4558,7.8684,8.7235,15604.46,3.9329,78.8245,1303.45,21.3268,4.6578,1.7361,56.765,1.5161,33.73,16.3217,
2019-10-22,1.113,120.87,1.9558,N/A,25.57,7.4708,N/A,0.86065,329.92,N/A,N/A,N/A,4.2778,N/A,4.7609,10.7303,N/A,N/A,1.1004,139.3,10.1833,7.4405,70.9699,N/A,6.4897,1.6237,4.59,1.4581,7.8795,8.7295,15626.52,3.9411,78.9245,1305.83,21.2721,4.6618,1.7358,56.969,1.5164,33.735,16.3337,
2019-10-21,1.1173,121.29,1.9558,N/A,25.63,7.4708,N/A,0.8593,329.98,N/A,N/A,N/A,4.2788,N/A,4.7584,10.7311,N/A,N/A,1.1002,139.3,10.1638,7.4378,71.1373,N/A,6.5047,1.624,4.6059,1.4643,7.9025,8.7635,15713.09,3.9484,79.169,1309.04,21.4,4.6709,1.7432,57.046,1.5203,33.804,16.4831,
2019-10-18,1.1144,120.97,1.9558,N/A,25.659,7.4702,N/A,0.86435,330.62,N/A,N/A,N/A,4.2843,N/A,4.7565,10.7742,N/A,N/A,1.0996,139.1,10.2198,7.4418,71.3066,N/A,6.4447,1.6278,4.6363,1.4639,7.8941,8.7396,15773.15,3.9462,79.2735,1314.33,21.3875,4.6654,1.7488,57.07,1.5214,33.761,16.4566,
2019-10-17,1.1113,120.81,1.9558,N/A,25.673,7.4707,N/A,0.8684,331.59,N/A,N/A,N/A,4.2855,N/A,4.7553,10.8105,N/A,N/A,1.0991,138.5,10.1925,7.4425,71.1371,N/A,6.553,1.6294,4.623,1.4644,7.8657,8.7171,15732.67,3.9346,79.0785,1310.18,21.3437,4.6443,1.7564,57.021,1.5171,33.689,16.5285,
2019-10-16,1.1025,119.9,1.9558,N/A,25.758,7.4712,N/A,0.8656,333.02,N/A,N/A,N/A,4.2955,N/A,4.7561,10.8358,N/A,N/A,1.0997,138.3,10.1465,7.4338,70.8212,N/A,6.5076,1.6394,4.6024,1.4563,7.827,8.65,15662.11,3.9044,78.768,1310.51,21.2053,4.625,1.7653,56.845,1.5138,33.533,16.5129,
2019-10-15,1.1007,119.23,1.9558,N/A,25.82,7.4699,N/A,0.87058,332.38,N/A,N/A,N/A,4.2956,N/A,4.7538,10.8225,N/A,N/A,1.0977,138.3,10.0653,7.4353,70.9456,N/A,6.4678,1.6293,4.5467,1.4562,7.7943,8.6351,15591.42,3.8784,78.696,1305.51,21.1647,4.6125,1.7551,56.829,1.5088,33.434,16.359,
2019-10-14,1.1031,119.4,1.9558,N/A,25.823,7.4689,N/A,0.87983,331.44,N/A,N/A,N/A,4.2931,N/A,4.7546,10.8523,N/A,N/A,1.0983,138.1,10.0463,7.4315,70.8543,N/A,6.5424,1.6325,4.5395,1.4576,7.7988,8.6529,15586.8,3.8703,78.5245,1307.06,21.2983,4.6198,1.7529,56.899,1.5103,33.529,16.3283,
2019-10-11,1.1043,119.75,1.9558,N/A,25.807,7.4688,N/A,0.87518,331.71,N/A,N/A,N/A,4.3057,N/A,4.7573,10.8448,N/A,N/A,1.1025,137.7,10.0375,7.428,70.8034,N/A,6.4713,1.6246,4.5291,1.4679,7.8417,8.6614,15601.55,3.8673,78.4875,1308.61,21.3965,4.622,1.7419,56.927,1.5177,33.642,16.3978,
2019-10-10,1.103,118.52,1.9558,N/A,25.893,7.4684,N/A,0.90155,333.51,N/A,N/A,N/A,4.3183,N/A,4.7523,10.8415,N/A,N/A,1.0948,138.5,10.0535,7.428,71.2901,N/A,6.4936,1.6307,4.5186,1.4678,7.8567,8.6522,15609.1,3.8694,78.3555,1315.87,21.5223,4.6205,1.7422,56.97,1.5187,33.537,16.6898,
2019-10-09,1.0981,117.91,1.9558,N/A,25.823,7.4691,N/A,0.8985,334.04,N/A,N/A,N/A,4.3236,N/A,4.7486,10.9173,N/A,N/A,1.0927,137.3,10.0528,7.427,71.1918,N/A,6.4053,1.6282,4.4783,1.4607,7.8265,8.6143,15560.08,3.8465,78.034,1314.77,21.452,4.6087,1.7381,56.816,1.5153,33.311,16.6248,
2019-10-08,1.0986,117.43,1.9558,N/A,25.805,7.4689,N/A,0.89795,334.57,N/A,N/A,N/A,4.3326,N/A,4.7486,10.8703,N/A,N/A,1.0898,136.5,10.045,7.4243,71.6225,N/A,6.412,1.6286,4.5073,1.4623,7.8474,8.6178,15550.68,3.8566,78.144,1316.41,21.5316,4.607,1.7373,56.955,1.5168,33.403,16.7732,
2019-10-07,1.0993,117.44,1.9558,N/A,25.781,7.4679,N/A,0.89155,333.64,N/A,N/A,N/A,4.3317,N/A,4.7475,10.891,N/A,N/A,1.0924,136.5,10.0388,7.4235,71.3155,N/A,6.31,1.6316,4.4709,1.4633,7.8582,8.6237,15579.88,3.8405,78.0435,1315.2,21.5,4.6094,1.7452,57.024,1.5175,33.476,16.6332,
2019-10-04,1.0979,117.23,1.9558,N/A,25.741,7.4666,N/A,0.89045,332.76,N/A,N/A,N/A,4.3245,N/A,4.748,10.8105,N/A,N/A,1.0913,135.7,9.9915,7.4215,71.142,N/A,6.2505,1.6247,4.4726,1.4612,7.8497,8.6099,15531.39,3.8254,77.8415,1312.32,21.5087,4.5953,1.735,56.811,1.5139,33.437,16.6446,
2019-10-03,1.0951,117.17,1.9558,N/A,25.739,7.4656,N/A,0.8879,333.02,N/A,N/A,N/A,4.34,N/A,4.747,10.833,N/A,N/A,1.0957,135.7,10.0165,7.418,71.2751,N/A,6.2448,1.6294,4.5094,1.4606,7.8282,8.5882,15520.3,3.8282,77.7155,1317.84,21.6283,4.5857,1.7421,56.738,1.5128,33.461,16.6077,
2019-10-02,1.0925,117.47,1.9558,N/A,25.739,7.4665,N/A,0.8897,334.05,N/A,N/A,N/A,4.3698,N/A,4.7491,10.8118,N/A,N/A,1.094,135.5,9.993,7.415,71.2142,N/A,6.2595,1.6351,4.5516,1.4467,7.8096,8.5666,15516.78,3.8121,77.8275,1318.2,21.6365,4.5825,1.7512,56.806,1.5137,33.458,16.6627,
2019-10-01,1.0898,118,1.9558,N/A,25.74,7.4655,N/A,0.88955,334.79,N/A,N/A,N/A,4.3774,N/A,4.7511,10.8043,N/A,N/A,1.0906,135.3,9.9463,7.4111,71.0815,N/A,6.1979,1.6274,4.5384,1.4466,7.7903,8.5449,15505.67,3.7907,77.492,1310.56,21.5587,4.5712,1.7528,56.61,1.5108,33.43,16.67,
2019-09-30,1.0889,117.59,1.9558,N/A,25.816,7.4662,N/A,0.88573,334.83,N/A,N/A,N/A,4.3782,N/A,4.7496,10.6958,N/A,N/A,1.0847,135.1,9.8953,7.411,70.7557,N/A,6.1491,1.6126,4.5288,1.4426,7.7784,8.5368,15456.94,3.7877,77.1615,1304.83,21.4522,4.5592,1.7375,56.553,1.506,33.315,16.5576,
2019-09-27,1.0935,118.21,1.9558,N/A,25.842,7.4661,N/A,0.88778,335.54,N/A,N/A,N/A,4.3865,N/A,4.7515,10.701,N/A,N/A,1.086,134.9,9.9155,7.4083,70.3733,N/A,6.1895,1.6187,4.5492,1.4493,7.7947,8.5727,15489.43,3.8096,77.0685,1310.45,21.464,4.5796,1.7388,56.736,1.51,33.51,16.4831,
2019-09-26,1.0938,117.73,1.9558,N/A,25.851,7.4643,N/A,0.88505,334.93,N/A,N/A,N/A,4.3871,N/A,4.7481,10.6598,N/A,N/A,1.0864,135.6,9.9235,7.4063,70.219,N/A,6.1899,1.6162,4.5113,1.4482,7.7976,8.5739,15496.96,3.8454,77.56,1313.91,21.3975,4.5861,1.7315,57.064,1.5104,33.509,16.3723,
2019-09-25,1.0982,118,1.9558,N/A,25.867,7.4648,N/A,0.88668,334.95,N/A,N/A,N/A,4.3915,N/A,4.7438,10.6825,N/A,N/A,1.0841,136,9.931,7.406,70.6879,N/A,6.2598,1.6236,4.5987,1.458,7.8239,8.6059,15539.53,3.8482,78.0215,1318.39,21.5068,4.6015,1.7435,57.475,1.5133,33.577,16.5085,
2019-09-24,1.1003,118.45,1.9558,N/A,25.872,7.4661,N/A,0.88153,335.17,N/A,N/A,N/A,4.3813,N/A,4.7484,10.6763,N/A,N/A,1.0878,137.2,9.9225,7.404,70.0259,N/A,6.2553,1.6189,4.5759,1.4586,7.8199,8.6265,15527.98,3.8555,78.0635,1313.66,21.3897,4.6009,1.7428,57.358,1.5145,33.63,16.3599,
2019-09-23,1.0985,118.07,1.9558,N/A,25.89,7.4664,N/A,0.88343,334.62,N/A,N/A,N/A,4.382,N/A,4.7498,10.7143,N/A,N/A,1.0891,137.2,9.9723,7.4068,70.2637,N/A,6.2829,1.6224,4.5665,1.4586,7.8279,8.6116,15472.37,3.8617,77.9405,1315.27,21.3353,4.5976,1.7514,57.272,1.514,33.499,16.3465,
2019-09-20,1.103,119.11,1.9558,N/A,25.913,7.4668,N/A,0.8823,332.89,N/A,N/A,N/A,4.3575,N/A,4.7456,10.7113,N/A,N/A,1.0942,137,9.9423,7.4008,70.3933,N/A,6.2894,1.6243,4.5956,1.4636,7.8207,8.6413,15502.67,3.8837,78.2925,1311.24,21.4558,4.5995,1.7579,57.375,1.5176,33.636,16.3991,
2019-09-19,1.1067,119.46,1.9558,N/A,25.892,7.4672,N/A,0.88735,332.77,N/A,N/A,N/A,4.3386,N/A,4.7448,10.7223,N/A,N/A,1.097,137,9.8905,7.401,70.6938,N/A,6.3023,1.6291,4.5738,1.4686,7.8518,8.6649,15560.2,3.8889,78.9335,1321.64,21.4426,4.6385,1.7536,57.803,1.5243,33.782,16.2351,
2019-09-18,1.1053,119.54,1.9558,N/A,25.892,7.4673,N/A,0.8872,332.89,N/A,N/A,N/A,4.337,N/A,4.7366,10.7298,N/A,N/A,1.0999,136.8,9.8905,7.398,70.9405,N/A,6.2663,1.6149,4.5045,1.4645,7.8349,8.6533,15541.22,3.9075,78.707,1316.22,21.3629,4.6246,1.7428,57.643,1.5182,33.75,16.1576,
2019-09-17,1.1026,119.23,1.9558,N/A,25.916,7.4671,N/A,0.88813,333.96,N/A,N/A,N/A,4.3416,N/A,4.734,10.699,N/A,N/A,1.0966,136.6,9.8715,7.397,70.7241,N/A,6.3065,1.6122,4.5207,1.462,7.8249,8.6266,15536.74,3.9227,79.147,1311.65,21.4919,4.6149,1.7426,57.712,1.5175,33.701,16.278,
2019-09-16,1.1031,118.96,1.9558,N/A,25.882,7.467,N/A,0.8851,331.92,N/A,N/A,N/A,4.3241,N/A,4.7348,10.6703,N/A,N/A,1.0932,136.4,9.9043,7.3945,70.6403,N/A,6.3041,1.6054,4.5138,1.4619,7.7957,8.6266,15487.52,3.9023,78.9825,1306.13,21.4298,4.6088,1.7324,57.692,1.5158,33.672,16.1498,
2019-09-13,1.1096,119.83,1.9558,N/A,25.843,7.4678,N/A,0.89093,331.53,N/A,N/A,N/A,4.3248,N/A,4.7352,10.6485,N/A,N/A,1.094,138.1,9.9213,7.3945,71.2243,N/A,6.2892,1.6126,4.4964,1.4663,7.8589,8.6832,15495.56,3.9133,78.7415,1306,21.507,4.6209,1.7354,57.644,1.5226,33.776,16.0983,
2019-09-12,1.0963,118.14,1.9558,N/A,25.824,7.4622,N/A,0.8892,330.93,N/A,N/A,N/A,4.3304,N/A,4.7348,10.6315,N/A,N/A,1.0892,138.3,9.8543,7.3928,71.22,N/A,6.2075,1.5943,4.4402,1.4468,7.7702,8.5826,15310.38,3.887,77.998,1296.86,21.2945,4.5664,1.7032,56.912,1.5091,33.334,15.9936,
2019-09-11,1.1003,118.51,1.9558,N/A,25.867,7.4607,N/A,0.89133,332.4,N/A,N/A,N/A,4.3335,N/A,4.7348,10.6563,N/A,N/A,1.0934,138.7,9.8745,7.3945,71.8661,N/A,6.3335,1.6021,4.4721,1.4468,7.8309,8.6261,15470.22,3.899,78.872,1312.34,21.4565,4.5987,1.7147,57.354,1.518,33.653,16.1384,
2019-09-10,1.104,118.52,1.9558,N/A,25.869,7.4608,N/A,0.893,331.61,N/A,N/A,N/A,4.3339,N/A,4.7334,10.7445,N/A,N/A,1.0943,138.7,9.9125,7.3938,72.2447,N/A,6.3736,1.6103,4.5234,1.4536,7.8445,8.6559,15505.68,3.9085,79.3815,1315.87,21.5665,4.6053,1.7194,57.425,1.5227,33.799,16.1993,
2019-09-09,1.1033,118.01,1.9558,N/A,25.855,7.4598,N/A,0.89275,329.93,N/A,N/A,N/A,4.3335,N/A,4.7297,10.6598,N/A,N/A,1.0923,139.1,9.8663,7.3975,72.1849,N/A,6.3176,1.6066,4.4764,1.4515,7.861,8.6503,15498.1,3.8906,79.0815,1315.99,21.5254,4.6015,1.7129,57.195,1.5223,33.8,16.1931,
2019-09-06,1.1027,118.01,1.9558,N/A,25.836,7.4614,N/A,0.89635,330.11,N/A,N/A,N/A,4.3394,N/A,4.7325,10.635,N/A,N/A,1.0928,139.3,9.923,7.4038,72.5679,N/A,6.2875,1.6135,4.5145,1.4583,7.8442,8.6446,15532.63,3.878,79.0805,1314.72,21.655,4.6098,1.7208,57.208,1.5229,33.819,16.2808,
2019-09-05,1.1058,117.97,1.9558,N/A,25.853,7.4588,N/A,0.8958,329.47,N/A,N/A,N/A,4.3399,N/A,4.73,10.6825,N/A,N/A,1.0863,139.3,9.9332,7.4033,72.9651,N/A,6.2835,1.621,4.5036,1.4602,7.8996,8.6686,15605.38,3.8837,79.4125,1323.9,21.7072,4.6327,1.7305,57.412,1.5295,33.777,16.3765,
2019-09-04,1.1018,117.03,1.9558,N/A,25.834,7.4584,N/A,0.90255,328.94,N/A,N/A,N/A,4.3395,N/A,4.729,10.753,N/A,N/A,1.0848,139.3,9.9838,7.4045,73.1531,N/A,6.2482,1.6225,4.5603,1.4679,7.8808,8.6389,15593.22,3.8838,79.389,1327.96,21.843,4.6273,1.7343,57.205,1.527,33.732,16.3729,
2019-09-03,1.0937,116.05,1.9558,N/A,25.885,7.4566,N/A,0.90885,330.68,N/A,N/A,N/A,4.3663,N/A,4.7292,10.8128,N/A,N/A,1.0829,139.9,10.019,7.4055,73.2576,N/A,6.2937,1.6247,4.5684,1.4627,7.8513,8.5788,15558,3.8793,79.197,1328.8,21.9477,4.6162,1.7385,57.19,1.5237,33.548,16.5525,
2019-09-02,1.0968,116.66,1.9558,N/A,25.919,7.4563,N/A,0.9082,331.34,N/A,N/A,N/A,4.3691,N/A,4.7239,10.747,N/A,N/A,1.0875,138.5,9.9788,7.4006,73.2222,N/A,6.3762,1.6338,4.5498,1.4632,7.8657,8.6021,15567.98,3.8793,78.892,1329.49,22.0545,4.6269,1.7396,57.2,1.5253,33.6,16.6827,
2019-08-30,1.1036,117.28,1.9558,N/A,25.914,7.4562,N/A,0.90565,331.07,N/A,N/A,N/A,4.3812,N/A,4.7284,10.8395,N/A,N/A,1.0909,138.5,10.038,7.4023,73.415,N/A,6.4418,1.6398,4.5879,1.4658,7.8908,8.6549,15654.57,3.8899,78.8365,1333.21,22.1567,4.6412,1.749,57.462,1.5312,33.754,16.8299,
2019-08-29,1.1072,117.68,1.9558,N/A,25.853,7.457,N/A,0.90531,330.26,N/A,N/A,N/A,4.3809,N/A,4.7271,10.779,N/A,N/A,1.088,138.1,10.0365,7.4035,73.675,N/A,6.4594,1.6402,4.5908,1.4699,7.9081,8.6876,15718.92,3.8997,79.3415,1340.01,22.2046,4.6696,1.7457,57.793,1.5354,33.886,16.895,
2019-08-28,1.1083,117.18,1.9558,N/A,25.844,7.4578,N/A,0.90823,330,N/A,N/A,N/A,4.3874,N/A,4.7273,10.7545,N/A,N/A,1.0872,137.9,10.011,7.4025,74.04,N/A,6.425,1.6431,4.5901,1.4754,7.9357,8.6959,15792.82,3.9099,79.5905,1345.47,22.1393,4.6712,1.7458,57.998,1.5393,33.931,17.0319,
2019-08-27,1.1104,117.43,1.9558,N/A,25.814,7.4578,N/A,0.90435,328.85,N/A,N/A,N/A,4.3696,N/A,4.732,10.705,N/A,N/A,1.0884,138.7,9.992,7.4003,73.8447,N/A,6.47,1.6412,4.6144,1.4689,7.9519,8.711,15821.87,3.9071,79.4225,1346.43,22.1713,4.667,1.7415,58.095,1.5411,33.935,16.9845,
2019-08-26,1.1116,117.67,1.9558,N/A,25.792,7.4564,N/A,0.90808,329.23,N/A,N/A,N/A,4.3622,N/A,4.7277,10.7515,N/A,N/A,1.0885,138.3,9.9873,7.3933,73.2819,N/A,6.4642,1.643,4.5701,1.4788,7.9429,8.7195,15834.46,3.9083,80.063,1348.82,22.115,4.6748,1.7431,58.327,1.5432,34.004,16.9646,
2019-08-23,1.1065,117.79,1.9558,N/A,25.769,7.4559,N/A,0.90453,328.58,N/A,N/A,N/A,4.355,N/A,4.7212,10.7165,N/A,N/A,1.0893,138.1,9.9593,7.394,72.9469,N/A,6.3815,1.6396,4.5224,1.4741,7.8439,8.6776,15726.13,3.8924,79.304,1341.19,22.0041,4.6362,1.736,58.008,1.536,33.997,16.8439,
2019-08-22,1.1083,118.13,1.9558,N/A,25.784,7.4558,N/A,0.9115,327.79,N/A,N/A,N/A,4.3643,N/A,4.7223,10.7188,N/A,N/A,1.0905,138.3,9.939,7.3928,72.756,N/A,6.3875,1.638,4.4717,1.4722,7.8523,8.6889,15777.1,3.9065,79.589,1340.99,21.8622,4.6421,1.738,57.985,1.5361,34.13,16.8177,
2019-08-21,1.1104,118.24,1.9558,N/A,25.794,7.4564,N/A,0.91545,327.31,N/A,N/A,N/A,4.3529,N/A,4.728,10.6983,N/A,N/A,1.0875,138.1,9.9263,7.383,73.1897,N/A,6.3462,1.6337,4.4621,1.4761,7.8438,8.7072,15808.76,3.916,79.4655,1335.79,21.8446,4.6387,1.7308,57.941,1.5354,34.173,16.8573,
2019-08-20,1.1076,117.79,1.9558,N/A,25.796,7.456,N/A,0.91623,327.23,N/A,N/A,N/A,4.3552,N/A,4.7305,10.7653,N/A,N/A,1.086,138.1,9.9638,7.3838,73.836,N/A,6.3328,1.6347,4.4959,1.4762,7.818,8.6868,15794.38,3.902,79.441,1337.78,21.9445,4.6263,1.7286,57.964,1.5351,34.086,17.0117,
2019-08-19,1.1103,118.34,1.9558,N/A,25.78,7.4582,N/A,0.91583,325.76,N/A,N/A,N/A,4.3702,N/A,4.7318,10.7268,N/A,N/A,1.0884,137.9,9.9658,7.387,74.2984,N/A,6.2181,1.6376,4.4355,1.4729,7.8283,8.7095,15805.12,3.9353,79.28,1343.14,21.8458,4.6377,1.7296,58.171,1.5376,34.247,17.0524,
2019-08-16,1.1076,117.77,1.9558,N/A,25.734,7.459,N/A,0.91033,324.78,N/A,N/A,N/A,4.3381,N/A,4.7293,10.712,N/A,N/A,1.0854,137.7,9.9653,7.389,73.3855,N/A,6.1543,1.632,4.4075,1.473,7.7978,8.6863,15753.39,3.9309,78.804,1338.6,21.6321,4.6281,1.7208,58.012,1.5356,34.208,16.8081,
2019-08-15,1.115,118.37,1.9558,N/A,25.876,7.459,N/A,0.91863,326.2,N/A,N/A,N/A,4.3878,N/A,4.7231,10.7305,N/A,N/A,1.0863,137.9,10.0145,7.3858,73.7771,N/A,6.2316,1.6442,4.4868,1.4841,7.8463,8.744,15911.05,3.9237,79.5205,1353.11,21.8595,4.6758,1.7311,58.759,1.5483,34.403,17.044,
2019-08-14,1.1188,118.48,1.9558,N/A,25.884,7.4608,N/A,0.92673,325.15,N/A,N/A,N/A,4.372,N/A,4.7212,10.7313,N/A,N/A,1.0862,138.1,10.0035,7.3884,73.3476,N/A,6.2616,1.6579,4.4702,1.4872,7.8526,8.7774,15937.31,3.9065,79.7425,1358.5,21.8129,4.6861,1.74,58.581,1.553,34.509,17.127,
2019-08-13,1.1222,118.01,1.9558,N/A,25.829,7.4633,N/A,0.9283,323.98,N/A,N/A,N/A,4.3372,N/A,4.7249,10.7088,N/A,N/A,1.0853,139.1,10.0078,7.3928,73.6134,N/A,6.3141,1.6589,4.4773,1.4889,7.9303,8.8057,16067.1,3.9145,80.1865,1373.2,22.0302,4.7104,1.7417,58.743,1.5576,34.648,17.2289,
2019-08-12,1.1194,117.69,1.9558,N/A,25.831,7.4633,N/A,0.92615,324.65,N/A,N/A,N/A,4.3275,N/A,4.725,10.7315,N/A,N/A,1.0876,137.5,10.0003,7.3908,73.4092,N/A,6.2161,1.6589,4.466,1.4807,7.9014,8.7825,15951,3.8935,79.746,1364.55,21.9971,4.7022,1.7352,58.424,1.552,34.506,17.2164,
2019-08-09,1.1198,118.51,1.9558,N/A,25.828,7.4631,N/A,0.9282,324.78,N/A,N/A,N/A,4.3191,N/A,4.7264,10.6972,N/A,N/A,1.0897,137.3,9.9588,7.3915,73.2133,N/A,6.1452,1.6452,4.3994,1.4796,7.9039,8.779,15889.96,3.8951,79.2935,1356.25,21.7803,4.6858,1.7254,58.207,1.5481,34.4,17.006,
2019-08-08,1.1193,118.64,1.9558,N/A,25.789,7.4631,N/A,0.92115,325.08,N/A,N/A,N/A,4.3227,N/A,4.73,10.753,N/A,N/A,1.0923,137.3,10.018,7.3814,73.1407,N/A,6.1367,1.6483,4.4283,1.4874,7.8873,8.7774,15903.01,3.8948,79.175,1353.16,21.925,4.6843,1.7335,58.347,1.5483,34.413,16.9516,
2019-08-07,1.1202,118.48,1.9558,N/A,25.719,7.4631,N/A,0.92353,325.38,N/A,N/A,N/A,4.3174,N/A,4.7308,10.7673,N/A,N/A,1.0921,136.5,9.996,7.3823,73.0455,N/A,6.1614,1.6628,4.4438,1.492,7.8957,8.7834,15941.29,3.8996,79.402,1361.74,21.9583,4.6925,1.7411,58.562,1.549,34.485,16.7546,
2019-08-06,1.1187,119.1,1.9558,N/A,25.727,7.4644,N/A,0.9183,325.35,N/A,N/A,N/A,4.3119,N/A,4.73,10.7267,N/A,N/A,1.0919,136.5,9.9545,7.384,72.7977,N/A,6.1906,1.6467,4.4099,1.4785,7.8521,8.767,15958.26,3.9088,79.215,1357.32,21.8702,4.684,1.7073,58.269,1.5441,34.394,16.5635,
2019-08-05,1.1182,118.61,1.9558,N/A,25.776,7.4658,N/A,0.9188,326.99,N/A,N/A,N/A,4.3142,N/A,4.7325,10.7603,N/A,N/A,1.0893,136.3,9.972,7.3805,72.6588,N/A,6.199,1.652,4.3805,1.4775,7.8705,8.7638,16006.7,3.9012,79.1529,1359.84,21.8221,4.6724,1.7138,58.191,1.5453,34.435,16.6794,
2019-08-02,1.1106,118.57,1.9558,N/A,25.763,7.466,N/A,0.91505,326.96,N/A,N/A,N/A,4.3014,N/A,4.7345,10.7223,N/A,N/A,1.0931,136.3,9.9105,7.3815,72.5055,N/A,6.2221,1.6365,4.2958,1.4698,7.7058,8.6924,15772.45,3.8786,77.34,1333.44,21.4542,4.6173,1.7026,57.307,1.529,34.157,16.3271,
2019-08-01,1.1037,120.18,1.9558,N/A,25.742,7.466,N/A,0.9115,326.55,N/A,N/A,N/A,4.2979,N/A,4.7322,10.6868,N/A,N/A,1.0988,136.1,9.812,7.383,70.577,N/A,6.1516,1.6135,4.2223,1.4602,7.6177,8.6367,15623.97,3.8864,76.272,1313.68,21.2057,4.5734,1.6856,56.502,1.5178,34.099,15.9959,
2019-07-31,1.1151,121.04,1.9558,N/A,25.658,7.4674,N/A,0.91623,326.48,N/A,N/A,N/A,4.2912,N/A,4.7338,10.6645,N/A,N/A,1.1041,134.7,9.7778,7.3823,70.8041,N/A,6.161,1.6175,4.218,1.4662,7.6743,8.7289,15639.3,3.8951,76.6965,1318.25,21.2005,4.6015,1.6883,56.685,1.5261,34.273,15.8634,
2019-07-30,1.1154,121,1.9558,N/A,25.65,7.4666,N/A,0.91653,327.49,N/A,N/A,N/A,4.2912,N/A,4.7321,10.6453,N/A,N/A,1.1038,135.1,9.7368,7.3807,70.5654,N/A,6.2005,1.6189,4.2237,1.4691,7.6761,8.7259,15637.91,3.8937,76.7575,1317.25,21.2437,4.601,1.6855,56.701,1.5283,34.36,15.7801,
2019-07-29,1.1119,120.81,1.9558,N/A,25.613,7.4668,N/A,0.90443,327.23,N/A,N/A,N/A,4.2806,N/A,4.7287,10.5773,N/A,N/A,1.1037,135.9,9.6935,7.3805,70.63,N/A,6.256,1.611,4.2104,1.4645,7.6648,8.6937,15588.84,3.9213,76.474,1316.82,21.2046,4.5866,1.6796,56.72,1.525,34.308,15.8158,
2019-07-26,1.1138,121.06,1.9558,N/A,25.542,7.4663,N/A,0.89633,326.45,N/A,N/A,N/A,4.267,N/A,4.7263,10.5585,N/A,N/A,1.1053,135.7,9.6913,7.3845,70.3184,N/A,6.2613,1.6082,4.2053,1.468,7.6609,8.7078,15568.7,3.9172,76.74,1317.79,21.2038,4.5904,1.6767,56.81,1.5242,34.411,15.7656,
2019-07-25,1.1115,120.15,1.9558,N/A,25.519,7.4648,N/A,0.88963,325.21,N/A,N/A,N/A,4.2472,N/A,4.7228,10.4947,N/A,N/A,1.0989,135.9,9.6058,7.3839,70.1249,N/A,6.3011,1.5943,4.1771,1.4591,7.6393,8.6851,15535.99,3.9187,76.675,1312.16,21.1145,4.5733,1.6596,56.797,1.5179,34.306,15.4679,
2019-07-24,1.114,120.41,1.9558,N/A,25.542,7.4649,N/A,0.89143,325.75,N/A,N/A,N/A,4.2547,N/A,4.719,10.5293,N/A,N/A,1.0982,135.9,9.6355,7.386,70.3192,N/A,6.382,1.596,4.1948,1.4627,7.6588,8.7038,15568.15,3.924,76.8285,1311.47,21.3211,4.5831,1.6613,56.964,1.5196,34.428,15.5004,
2019-07-23,1.1173,120.82,1.9558,N/A,25.549,7.4659,N/A,0.8983,325.5,N/A,N/A,N/A,4.2497,N/A,4.7207,10.5695,N/A,N/A,1.0985,139.9,9.681,7.3863,70.5611,N/A,6.3534,1.5898,4.1878,1.4691,7.6856,8.7266,15598.63,3.9509,77.015,1317.02,21.3081,4.6016,1.6605,57.128,1.5238,34.519,15.4992,
2019-07-22,1.1215,121.03,1.9558,N/A,25.534,7.466,N/A,0.89968,324.95,N/A,N/A,N/A,4.248,N/A,4.7225,10.544,N/A,N/A,1.1007,139.9,9.6275,7.3875,70.6525,N/A,6.3722,1.5912,4.1983,1.4665,7.7168,8.7585,15639.32,3.9622,77.3085,1320.34,21.3416,4.6127,1.6543,57.321,1.526,34.593,15.5802,
2019-07-19,1.1226,120.93,1.9558,N/A,25.546,7.4662,N/A,0.89635,325.36,N/A,N/A,N/A,4.2571,N/A,4.7309,10.5195,N/A,N/A,1.1033,140.3,9.6138,7.388,70.737,N/A,6.3356,1.5913,4.1889,1.4655,7.7217,8.7621,15662.52,3.97,77.2545,1319.12,21.3542,4.6107,1.6582,57.283,1.5259,34.57,15.6369,
2019-07-18,1.1216,120.89,1.9558,N/A,25.586,7.4672,N/A,0.89853,326.46,N/A,N/A,N/A,4.2596,N/A,4.7325,10.504,N/A,N/A,1.1064,141.1,9.6438,7.3875,70.6478,N/A,6.3852,1.5944,4.2164,1.465,7.7168,8.7654,15669.87,3.9742,77.2775,1321.3,21.3786,4.6143,1.664,57.324,1.5261,34.635,15.6932,
2019-07-17,1.1215,121.42,1.9558,N/A,25.603,7.4669,N/A,0.9034,326.68,N/A,N/A,N/A,4.2641,N/A,4.7336,10.5168,N/A,N/A,1.1095,141.5,9.622,7.3895,70.4625,N/A,6.3797,1.6009,4.2183,1.4654,7.7131,8.7636,15678.57,3.9731,77.2335,1324.68,21.3942,4.6144,1.6679,57.342,1.5273,34.705,15.6611,
2019-07-16,1.1223,121.13,1.9558,N/A,25.575,7.4678,N/A,0.9026,325.85,N/A,N/A,N/A,4.2555,N/A,4.7316,10.5405,N/A,N/A,1.1075,141.7,9.5933,7.3905,70.3975,N/A,6.4002,1.5955,4.221,1.4643,7.7187,8.7736,15644.86,3.9793,77.087,1322.95,21.3118,4.6069,1.6693,57.114,1.5234,34.662,15.5709,
2019-07-15,1.1269,121.62,1.9558,N/A,25.569,7.4669,N/A,0.89873,325.66,N/A,N/A,N/A,4.2622,N/A,4.7333,10.5563,N/A,N/A,1.1071,141.7,9.6223,7.3935,70.5998,N/A,6.4258,1.6023,4.21,1.4684,7.7484,8.8201,15712,3.987,77.2205,1329,21.3466,4.6299,1.6751,57.506,1.5283,34.816,15.6215,
2019-07-12,1.1253,121.83,1.9558,N/A,25.59,7.4673,N/A,0.89788,325.78,N/A,N/A,N/A,4.2675,N/A,4.7322,10.5515,N/A,N/A,1.1087,141.9,9.6208,7.3938,70.9895,N/A,6.4331,1.6102,4.2271,1.4667,7.7432,8.8033,15794.71,3.9964,77.242,1326.69,21.467,4.6284,1.6871,57.559,1.5308,34.789,15.7072,
2019-07-11,1.1285,121.94,1.9558,N/A,25.605,7.4673,N/A,0.8979,325.83,N/A,N/A,N/A,4.2681,N/A,4.734,10.5808,N/A,N/A,1.1114,141.9,9.6323,7.394,70.9968,N/A,6.3917,1.6154,4.2169,1.4735,7.7477,8.8264,15872.35,4.0025,77.1495,1324.03,21.5886,4.6443,1.6889,57.803,1.5288,34.549,15.65,
2019-07-10,1.122,122.2,1.9558,N/A,25.565,7.4637,N/A,0.89928,325.9,N/A,N/A,N/A,4.2738,N/A,4.7335,10.6093,N/A,N/A,1.1133,141.9,9.693,7.3935,71.2695,N/A,6.4398,1.621,4.2585,1.4713,7.7227,8.7692,15853.86,4.008,76.951,1325.21,21.5421,4.6434,1.6997,57.756,1.527,34.586,15.8875,
2019-07-09,1.1205,121.93,1.9558,N/A,25.543,7.4634,N/A,0.89975,325.46,N/A,N/A,N/A,4.263,N/A,4.7265,10.6338,N/A,N/A,1.1137,141.9,9.6983,7.3954,71.4007,N/A,6.3843,1.6164,4.265,1.4706,7.7155,8.7508,15832.67,3.9974,76.781,1325.05,21.1827,4.641,1.6937,57.529,1.525,34.551,15.8712,
2019-07-08,1.1215,121.8,1.9558,N/A,25.509,7.4631,N/A,0.89625,324.66,N/A,N/A,N/A,4.253,N/A,4.72,10.5973,N/A,N/A,1.1127,141.7,9.684,7.3955,71.5025,N/A,6.4304,1.6058,4.2752,1.4642,7.7173,8.7482,15824.37,4.0095,76.8955,1322.07,21.2581,4.6436,1.6888,57.58,1.5247,34.514,15.8813,
2019-07-05,1.126,121.77,1.9558,N/A,25.471,7.4635,N/A,0.89703,323.41,N/A,N/A,N/A,4.2449,N/A,4.7246,10.5575,N/A,N/A,1.1126,141.7,9.6325,7.3975,71.5048,N/A,6.3135,1.6057,4.2895,1.4712,7.7425,8.7758,15899.68,4.0124,77.1095,1318.43,21.3872,4.6566,1.6912,57.664,1.5282,34.529,15.8865,
2019-07-04,1.1288,121.65,1.9558,N/A,25.434,7.4633,N/A,0.8973,322.82,N/A,N/A,N/A,4.2439,N/A,4.7188,10.5208,N/A,N/A,1.112,141.7,9.6298,7.3985,71.5913,N/A,6.3237,1.6076,4.3098,1.4749,7.7567,8.7899,15961.23,4.0268,77.3335,1319.51,21.4305,4.6653,1.6888,57.683,1.5307,34.603,15.7869,
2019-07-03,1.1293,121.61,1.9558,N/A,25.458,7.4641,N/A,0.8975,322.44,N/A,N/A,N/A,4.2428,N/A,4.7349,10.5155,N/A,N/A,1.1116,141.7,9.6593,7.3955,71.8136,N/A,6.3682,1.6093,4.364,1.4794,7.7703,8.8054,15970,4.0307,77.747,1321.04,21.4816,4.6774,1.6883,57.781,1.5318,34.534,15.9387,
2019-07-02,1.1301,122.36,1.9558,N/A,25.462,7.4639,N/A,0.89443,322.91,N/A,N/A,N/A,4.2429,N/A,4.7331,10.5565,N/A,N/A,1.1169,141.7,9.6715,7.3965,71.4958,N/A,6.3891,1.6155,4.3381,1.4819,7.7706,8.8194,15976.79,4.0388,77.928,1318.3,21.5491,4.6769,1.6956,57.781,1.5317,34.643,15.9594,
2019-07-01,1.1349,122.93,1.9558,N/A,25.478,7.4647,N/A,0.89718,322.9,N/A,N/A,N/A,4.2427,N/A,4.7327,10.545,N/A,N/A,1.1141,141.7,9.6848,7.397,71.4725,N/A,6.4272,1.6226,4.3435,1.4866,7.7654,8.8639,16016.28,4.0543,78.236,1318.27,21.7024,4.6904,1.6941,57.953,1.5359,34.771,16.0216,
2019-06-28,1.138,122.6,1.9558,N/A,25.447,7.4636,N/A,0.89655,323.39,N/A,N/A,N/A,4.2496,N/A,4.7343,10.5633,N/A,N/A,1.1105,141.7,9.6938,7.3973,71.5975,N/A,6.5655,1.6244,4.3511,1.4893,7.8185,8.8866,16083.35,4.0607,78.524,1315.35,21.8201,4.7082,1.696,58.335,1.5395,34.897,16.1218,
2019-06-27,1.137,122.64,1.9558,N/A,25.434,7.4641,N/A,0.89428,323.64,N/A,N/A,N/A,4.2515,N/A,4.7223,10.5488,N/A,N/A,1.1121,141.7,9.6843,7.3955,71.6096,N/A,6.5573,1.6251,4.3868,1.4928,7.8199,8.8836,16077.18,4.0759,78.5675,1313.12,21.7397,4.7117,1.6996,58.209,1.5393,35.003,16.0893,
2019-06-26,1.1362,122.4,1.9558,N/A,25.486,7.4651,N/A,0.89603,323.5,N/A,N/A,N/A,4.2627,N/A,4.722,10.5435,N/A,N/A,1.1113,141.5,9.6733,7.3956,71.6399,N/A,6.55,1.6277,4.3624,1.4947,7.8139,8.8724,16097.68,4.0825,78.5705,1312.86,21.7972,4.7124,1.7004,58.456,1.5387,34.955,16.2802,
2019-06-25,1.1388,121.97,1.9558,N/A,25.557,7.4654,N/A,0.89485,324.49,N/A,N/A,N/A,4.2563,N/A,4.7184,10.532,N/A,N/A,1.1108,141.5,9.6855,7.3945,71.4389,N/A,6.5708,1.6341,4.3669,1.5001,7.8347,8.8915,16116.3,4.1013,78.9725,1314.27,21.9042,4.7119,1.714,58.477,1.5411,34.973,16.2881,
2019-06-24,1.1394,122.25,1.9558,N/A,25.601,7.4663,N/A,0.89365,324.29,N/A,N/A,N/A,4.2545,N/A,4.7181,10.6078,N/A,N/A,1.1109,141.5,9.6643,7.3965,71.7127,N/A,6.605,1.6385,4.3565,1.503,7.8354,8.9,16125,4.1029,79.0865,1317.77,21.8229,4.7171,1.7244,58.531,1.5429,35.008,16.3295,
2019-06-21,1.1316,121.64,1.9558,N/A,25.609,7.4657,N/A,0.89425,323.97,N/A,N/A,N/A,4.2584,N/A,4.7239,10.6308,N/A,N/A,1.1107,141.5,9.686,7.4013,71.5191,N/A,6.5806,1.6386,4.3357,1.4928,7.7792,8.8424,15987,4.0785,78.6985,1314.41,21.5698,4.7002,1.7261,58.253,1.5362,34.859,16.2178,
2019-06-20,1.1307,121.71,1.9558,N/A,25.619,7.4661,N/A,0.89155,323.58,N/A,N/A,N/A,4.2556,N/A,4.7262,10.6348,N/A,N/A,1.1142,141.5,9.6678,7.4035,71.4393,N/A,6.5291,1.6323,4.3407,1.4886,7.7502,8.8379,16036.15,4.0458,78.5065,1312.25,21.396,4.6901,1.7158,58.159,1.5336,34.978,16.1309,
2019-06-19,1.1207,121.49,1.9558,N/A,25.635,7.4671,N/A,0.8902,323.97,N/A,N/A,N/A,4.267,N/A,4.7275,10.6868,N/A,N/A,1.1176,141.5,9.7815,7.4023,71.736,N/A,6.5618,1.6303,4.3324,1.499,7.7378,8.7683,15991.83,4.0422,78.0755,1318.62,21.4542,4.676,1.7173,58.176,1.5323,35.05,16.2693,
2019-06-18,1.1187,121.08,1.9558,N/A,25.609,7.4672,N/A,0.89403,322.31,N/A,N/A,N/A,4.2592,N/A,4.7232,10.6413,N/A,N/A,1.1175,141.5,9.7795,7.4055,71.8787,N/A,6.532,1.6349,4.3313,1.5016,7.7486,8.7643,16022.58,4.0403,78.0005,1325.56,21.3935,4.6778,1.7192,58.261,1.5338,35.043,16.3782,
2019-06-17,1.1234,122.06,1.9558,N/A,25.56,7.4674,N/A,0.89208,322.29,N/A,N/A,N/A,4.2605,N/A,4.728,10.6495,N/A,N/A,1.1214,141.5,9.7938,7.4055,72.1432,N/A,6.595,1.6355,4.3796,1.5069,7.7794,8.7963,16103.94,4.0549,78.577,1333.25,21.5292,4.6913,1.7259,58.703,1.54,35.196,16.6463,
2019-06-14,1.1265,121.9,1.9558,N/A,25.54,7.4676,N/A,0.89093,321.53,N/A,N/A,N/A,4.2534,N/A,4.7233,10.639,N/A,N/A,1.1211,141.5,9.7728,7.4105,72.388,N/A,6.6427,1.6324,4.3423,1.5018,7.7997,8.817,16128.1,4.0518,78.608,1333.6,21.6073,4.6981,1.7241,58.539,1.5403,35.101,16.6529,
2019-06-13,1.1289,122.44,1.9558,N/A,25.581,7.4678,N/A,0.88948,322,N/A,N/A,N/A,4.2574,N/A,4.7221,10.6968,N/A,N/A,1.1207,141.5,9.772,7.4128,72.9275,N/A,6.6343,1.6336,4.3429,1.5021,7.8144,8.8375,16135.37,4.053,78.4745,1335.74,21.6384,4.7068,1.7201,58.556,1.5423,35.25,16.7876,
2019-06-12,1.1323,122.72,1.9558,N/A,25.614,7.4678,N/A,0.88805,321.43,N/A,N/A,N/A,4.2608,N/A,4.725,10.68,N/A,N/A,1.1252,141.5,9.782,7.413,73.3013,N/A,6.555,1.6292,4.3661,1.5059,7.8346,8.857,16125.56,4.0561,78.491,1337.81,21.6615,4.7075,1.7206,58.815,1.5445,35.379,16.7129,
2019-06-11,1.132,123.09,1.9558,N/A,25.64,7.4687,N/A,0.89085,320.5,N/A,N/A,N/A,4.2678,N/A,4.7252,10.6828,N/A,N/A,1.1233,140.5,9.77,7.414,73.0227,N/A,6.5752,1.6273,4.3893,1.5002,7.8243,8.87,16116.85,4.0544,78.6155,1337.48,21.6783,4.7123,1.7206,58.81,1.5446,35.403,16.714,
2019-06-10,1.1301,122.78,1.9558,N/A,25.626,7.4682,N/A,0.89248,320.21,N/A,N/A,N/A,4.2639,N/A,4.7196,10.6455,N/A,N/A,1.12,140.1,9.7808,7.4163,73.1393,N/A,6.5511,1.6235,4.3877,1.5004,7.8365,8.8634,16098.27,4.0512,78.6445,1339.72,21.7522,4.7052,1.7086,58.869,1.5453,35.423,16.7993,
2019-06-07,1.1273,122.27,1.9558,N/A,25.642,7.468,N/A,0.88675,321.53,N/A,N/A,N/A,4.2714,N/A,4.7216,10.6562,N/A,N/A,1.1191,139.3,9.7963,7.4176,73.2914,N/A,6.5862,1.6173,4.3719,1.5061,7.7893,8.8396,16061.77,4.0586,78.332,1336.22,22.2505,4.6883,1.7016,58.605,1.5407,35.341,16.9681,
2019-06-06,1.1266,121.82,1.9558,N/A,25.663,7.4687,N/A,0.88558,321.3,N/A,N/A,N/A,4.2788,N/A,4.7221,10.6175,N/A,N/A,1.1174,139.3,9.8083,7.4215,73.4704,N/A,6.5014,1.6132,4.3659,1.5096,7.788,8.8333,15990.96,4.0543,78.018,1328.9,22.2767,4.6872,1.6983,58.249,1.5363,35.285,16.7523,
2019-06-05,1.1257,121.96,1.9558,N/A,25.657,7.4682,N/A,0.88631,321.51,N/A,N/A,N/A,4.2778,N/A,4.7243,10.6255,N/A,N/A,1.1163,139.5,9.7738,7.4155,73.3295,N/A,6.4344,1.6114,4.3427,1.507,7.7754,8.8257,15990.01,4.0604,78.0475,1324.33,22.0886,4.6711,1.6943,58.28,1.5364,35.302,16.589,
2019-06-04,1.1244,121.62,1.9558,N/A,25.744,7.4679,N/A,0.88738,322,N/A,N/A,N/A,4.2802,N/A,4.7353,10.626,N/A,N/A,1.1178,139.3,9.786,7.421,73.339,N/A,6.5295,1.6116,4.3638,1.5111,7.7686,8.8143,15992.34,4.0641,77.874,1330.9,22.1603,4.6886,1.7062,58.207,1.5396,35.188,16.4791,
2019-06-03,1.1185,121.17,1.9558,N/A,25.832,7.468,N/A,0.88618,323.73,N/A,N/A,N/A,4.2833,N/A,4.7377,10.618,N/A,N/A,1.1162,138.5,9.7778,7.418,73.1315,N/A,6.5815,1.6077,4.3847,1.5098,7.7253,8.7645,15925.2,4.0597,77.472,1323.45,22.113,4.6742,1.704,58.012,1.5328,35.138,16.291,
2019-05-31,1.1151,121.27,1.9558,N/A,25.816,7.468,N/A,0.88693,324.34,N/A,N/A,N/A,4.2843,N/A,4.743,10.639,N/A,N/A,1.1214,138.3,9.7915,7.4185,72.9053,N/A,6.527,1.6136,4.4462,1.5115,7.7045,8.7457,15982.17,4.0505,77.741,1328.31,21.8922,4.6747,1.7134,58.225,1.5378,35.282,16.3834,
2019-05-30,1.1134,122.1,1.9558,N/A,25.841,7.4687,N/A,0.88178,324.74,N/A,N/A,N/A,4.2887,N/A,4.7553,10.6323,N/A,N/A,1.1228,138.5,9.7638,7.422,72.3334,N/A,6.559,1.6098,4.4327,1.5029,7.6903,8.7386,16032.96,4.0365,77.8115,1325.97,21.3092,4.6655,1.7095,58.064,1.5361,35.428,16.3022,
2019-05-29,1.1156,121.91,1.9558,N/A,25.861,7.4687,N/A,0.88225,326.47,N/A,N/A,N/A,4.2998,N/A,4.7604,10.7063,N/A,N/A,1.1217,138.5,9.773,7.4245,72.8036,N/A,6.714,1.6116,4.4942,1.5065,7.7081,8.757,16083.61,4.0333,77.8925,1333.3,21.4504,4.6788,1.7106,58.38,1.5413,35.521,16.5276,
2019-05-28,1.1192,122.45,1.9558,N/A,25.843,7.4689,N/A,0.88373,326.6,N/A,N/A,N/A,4.2951,N/A,4.7623,10.6865,N/A,N/A,1.1254,138.7,9.7165,7.4255,72.2891,N/A,6.753,1.6162,4.5305,1.5071,7.7345,8.7839,16088.5,4.0445,77.9025,1329.89,21.3797,4.6878,1.7088,58.489,1.542,35.602,16.3494,
2019-05-27,1.1198,122.56,1.9558,N/A,25.834,7.4688,N/A,0.88225,325.75,N/A,N/A,N/A,4.2935,N/A,4.7604,10.7148,N/A,N/A,1.1257,138.7,9.7523,7.423,72.185,N/A,6.767,1.6168,4.4905,1.5061,7.7254,8.7899,16102.72,4.0406,77.8585,1326.85,21.3291,4.688,1.7107,58.466,1.5393,35.643,16.1888,
2019-05-24,1.1187,122.61,1.9558,N/A,25.83,7.4678,N/A,0.88318,325.95,N/A,N/A,N/A,4.2974,N/A,4.7619,10.7098,N/A,N/A,1.1215,138.3,9.7558,7.4258,72.1352,N/A,6.7988,1.6205,4.5247,1.5053,7.7206,8.7806,16100.89,4.0331,77.8,1328.29,21.3057,4.6857,1.7109,58.403,1.5403,35.636,16.1554,
2019-05-23,1.1139,122.56,1.9558,N/A,25.821,7.4684,N/A,0.881,326.95,N/A,N/A,N/A,4.3064,N/A,4.7606,10.7373,N/A,N/A,1.1224,138.4,9.7543,7.4265,72.0525,N/A,6.8308,1.6199,4.5187,1.5,7.7058,8.7424,16129.83,4.0265,77.915,1327.41,21.1883,4.6728,1.7155,58.498,1.5391,35.639,16.0935,
2019-05-22,1.1171,123.27,1.9558,N/A,25.793,7.468,N/A,0.8828,326.54,N/A,N/A,N/A,4.3038,N/A,4.7625,10.76,N/A,N/A,1.1252,138.5,9.7598,7.426,71.7625,N/A,6.811,1.6221,4.5163,1.4952,7.7108,8.7692,16225.88,4.0342,77.86,1329.3,21.2345,4.6756,1.7173,58.61,1.5399,35.686,16.0504,
2019-05-21,1.1161,123.27,1.9558,N/A,25.775,7.4685,N/A,0.8761,326.52,N/A,N/A,N/A,4.306,N/A,4.7633,10.7743,N/A,N/A,1.1274,137.8,9.7913,7.4265,71.9646,N/A,6.7485,1.6223,4.5688,1.4966,7.7081,8.7609,16164.48,4.0171,77.783,1331.88,21.2841,4.672,1.7142,58.653,1.5382,35.643,16.0909,
2019-05-20,1.1167,122.67,1.9558,N/A,25.766,7.4681,N/A,0.8762,325.77,N/A,N/A,N/A,4.2968,N/A,4.7597,10.7668,N/A,N/A,1.1263,137.8,9.7978,7.4268,72.0519,N/A,6.7315,1.6141,4.5666,1.5,7.7228,8.7656,16166.8,3.9881,77.786,1333.12,21.3388,4.6712,1.7071,58.866,1.5366,35.567,16.0392,
2019-05-17,1.1172,122.34,1.9558,N/A,25.753,7.4677,N/A,0.87595,326.38,N/A,N/A,N/A,4.3031,N/A,4.7626,10.766,N/A,N/A,1.1283,137.2,9.7953,7.4293,72.1926,N/A,6.7659,1.6239,4.5286,1.5074,7.7245,8.7694,16143.54,3.993,78.433,1334.38,21.4336,4.6721,1.7107,58.908,1.5365,35.499,16.0667,
2019-05-16,1.1203,122.81,1.9558,N/A,25.696,7.4678,N/A,0.87463,324.28,N/A,N/A,N/A,4.2962,N/A,4.762,10.759,N/A,N/A,1.1306,137,9.7513,7.4245,72.2886,N/A,6.7483,1.6213,4.4784,1.5039,7.7067,8.7934,16188.34,3.997,78.469,1332.17,21.3161,4.6655,1.7063,58.797,1.534,35.396,15.8555,
2019-05-15,1.1183,122.24,1.9558,N/A,25.76,7.4695,N/A,0.8682,325.15,N/A,N/A,N/A,4.3094,N/A,4.7615,10.7688,N/A,N/A,1.1276,137.4,9.8003,7.4183,72.4794,N/A,6.778,1.6166,4.4659,1.5075,7.6925,8.7784,16170.62,3.9934,78.6785,1331.31,21.4741,4.6728,1.7067,58.588,1.5317,35.322,15.962,
2019-05-14,1.1226,123,1.9558,N/A,25.751,7.4691,N/A,0.86723,324.23,N/A,N/A,N/A,4.3061,N/A,4.7615,10.779,N/A,N/A,1.1307,137.8,9.799,7.4113,73.2104,N/A,6.7732,1.6162,4.4743,1.5117,7.7252,8.8112,16199.12,4.0147,79.0375,1333.2,21.5178,4.6818,1.7056,58.898,1.5366,35.362,15.9746,
2019-05-13,1.1245,123.06,1.9558,N/A,25.776,7.4668,N/A,0.8635,323.71,N/A,N/A,N/A,4.3048,N/A,4.7606,10.8323,N/A,N/A,1.1319,137.2,9.8148,7.4093,73.5854,N/A,6.8681,1.6142,4.4972,1.5117,7.7335,8.826,16210.88,4.014,79.342,1335.85,21.6342,4.683,1.7087,58.969,1.5389,35.619,16.0868,
2019-05-10,1.123,123.25,1.9558,N/A,25.732,7.4658,N/A,0.8625,323.52,N/A,N/A,N/A,4.296,N/A,4.7598,10.8108,N/A,N/A,1.1378,137,9.8193,7.409,73.3493,N/A,6.8837,1.6059,4.4405,1.5132,7.6628,8.8135,16177.38,4.0004,78.6075,1325.32,21.5589,4.6781,1.7025,58.722,1.5305,35.464,15.9762,
2019-05-09,1.1193,122.91,1.9558,N/A,25.718,7.4659,N/A,0.8612,323.33,N/A,N/A,N/A,4.2934,N/A,4.7615,10.7973,N/A,N/A,1.139,137.2,9.8068,7.4085,73.0572,N/A,6.9725,1.6046,4.4368,1.5093,7.6374,8.7844,16062.37,3.9973,78.3435,1324.18,21.4412,4.648,1.7015,58.477,1.5266,35.577,16.0432,
2019-05-08,1.1202,123.31,1.9558,N/A,25.727,7.4657,N/A,0.86095,324.18,N/A,N/A,N/A,4.2912,N/A,4.7598,10.7494,N/A,N/A,1.1407,137,9.8285,7.4093,73.0256,N/A,6.9272,1.5987,4.4293,1.5074,7.595,8.7922,16013.26,4.0104,78.0805,1313.49,21.3707,4.6471,1.6993,58.437,1.5257,35.622,16.0691,
2019-05-07,1.1185,123.73,1.9558,N/A,25.731,7.4657,N/A,0.85645,324.3,N/A,N/A,N/A,4.2862,N/A,4.758,10.7145,N/A,N/A,1.1415,136.6,9.7605,7.41,72.7907,N/A,6.8751,1.5944,4.4383,1.5065,7.571,8.7781,15972.18,4.0137,77.64,1309.83,21.2691,4.6401,1.6957,58.108,1.5242,35.68,16.1219,
2019-05-06,1.1199,124.13,1.9558,N/A,25.715,7.4662,N/A,0.8547,323.43,N/A,N/A,N/A,4.2832,N/A,4.7555,10.7258,N/A,N/A,1.1403,136.2,9.7905,7.4124,72.975,N/A,6.7429,1.6021,4.4468,1.5095,7.5771,8.7871,16006.17,4.0206,77.7325,1311.18,21.3243,4.6448,1.6936,58.187,1.5266,35.73,16.2549,
2019-05-03,1.1155,124.4,1.9558,N/A,25.712,7.4657,N/A,0.85785,323.38,N/A,N/A,N/A,4.2853,N/A,4.7553,10.7043,N/A,N/A,1.1383,136.6,9.7783,7.4143,72.8703,N/A,6.6644,1.5943,4.4194,1.5019,7.5124,8.7512,15901.45,4.0122,77.259,1305.08,21.3377,4.6187,1.6856,57.86,1.5209,35.724,16.2072,
2019-05-02,1.1212,125.01,1.9558,N/A,25.648,7.4655,N/A,0.8593,324,N/A,N/A,N/A,4.28,N/A,4.7583,10.685,N/A,N/A,1.1419,137.4,9.745,7.4143,73.2535,N/A,6.6872,1.597,4.4095,1.5064,7.5508,8.7958,15977.1,4.0336,77.782,1304.15,21.2467,4.6384,1.6916,58.023,1.5259,35.906,16.2178,
2019-04-30,1.1218,124.93,1.9558,N/A,25.659,7.4646,N/A,0.86248,322.97,N/A,N/A,N/A,4.2868,N/A,4.7596,10.635,N/A,N/A,1.1437,136.2,9.6678,7.413,72.2099,N/A,6.6913,1.5911,4.405,1.5075,7.5541,8.8007,15953.68,4.0448,78.0615,1308.01,21.2829,4.6314,1.6805,58.125,1.5263,35.802,16.0224,
2019-04-29,1.115,124.64,1.9558,N/A,25.682,7.4652,N/A,0.8634,322.64,N/A,N/A,N/A,4.2944,N/A,4.7517,10.6113,N/A,N/A,1.1379,136.2,9.6883,7.4173,71.9802,N/A,6.6207,1.5825,4.3849,1.5028,7.5067,8.746,15833,4.0356,77.8635,1294,21.1267,4.6089,1.673,58.114,1.5191,35.624,15.9947,
2019-04-26,1.1133,124.45,1.9558,N/A,25.705,7.4654,N/A,0.8634,322.11,N/A,N/A,N/A,4.2878,N/A,4.7597,10.5738,N/A,N/A,1.1372,136,9.6653,7.4165,72.1131,N/A,6.6242,1.5824,4.4134,1.502,7.4991,8.7337,15804.41,4.0457,77.9495,1292.46,21.221,4.6079,1.6739,58.074,1.5175,35.614,16.0481,
2019-04-25,1.1123,124.45,1.9558,N/A,25.737,7.4663,N/A,0.86435,322.41,N/A,N/A,N/A,4.295,N/A,4.7586,10.6295,N/A,N/A,1.1368,136,9.6638,7.4185,72.21,N/A,6.6255,1.5906,4.4443,1.5023,7.5047,8.7243,15831.37,4.0409,78.179,1293.77,21.2997,4.6049,1.6884,58.156,1.5189,35.749,16.1628,
2019-04-24,1.1209,125.34,1.9558,N/A,25.729,7.4666,N/A,0.86545,321,N/A,N/A,N/A,4.2896,N/A,4.7559,10.501,N/A,N/A,1.1416,135.8,9.607,7.4218,71.985,N/A,6.5885,1.5922,4.3984,1.5078,7.5304,8.791,15799.09,4.0507,78.295,1290.23,21.2624,4.6293,1.6922,58.491,1.5235,35.869,16.0928,
2019-04-23,1.1245,125.82,1.9558,N/A,25.743,7.4659,N/A,0.8645,320.85,N/A,N/A,N/A,4.2864,N/A,4.7611,10.507,N/A,N/A,1.147,135.8,9.5845,7.4245,71.6763,N/A,6.539,1.5814,4.4201,1.5057,7.5557,8.8211,15827.34,4.0479,78.3125,1284.26,21.2357,4.6431,1.6889,58.541,1.5259,35.945,15.9686,
2019-04-18,1.125,125.86,1.9558,N/A,25.682,7.4663,N/A,0.8647,320.09,N/A,N/A,N/A,4.2786,N/A,4.7618,10.476,N/A,N/A,1.1383,135.6,9.5978,7.435,71.9719,N/A,6.5486,1.5719,4.4206,1.5065,7.5445,8.8265,15797.81,4.0432,78.068,1278.95,21.2303,4.6609,1.6819,58.147,1.5251,35.792,15.8482,
2019-04-17,1.1301,126.51,1.9558,N/A,25.657,7.4652,N/A,0.86593,319.69,N/A,N/A,N/A,4.2731,N/A,4.7625,10.4408,N/A,N/A,1.14,135.6,9.5778,7.4375,72.1887,N/A,6.4967,1.5712,4.4046,1.507,7.5594,8.8656,15917.46,4.04,78.457,1280.65,21.2813,4.6724,1.6784,58.381,1.5286,35.926,15.7872,
2019-04-16,1.1305,126.59,1.9558,N/A,25.663,7.4642,N/A,0.8639,319.78,N/A,N/A,N/A,4.2744,N/A,4.7618,10.4638,N/A,N/A,1.1371,135.6,9.5869,7.437,72.7183,N/A,6.5718,1.5767,4.3922,1.511,7.5846,8.8665,15923.09,4.0238,78.6445,1283.17,21.3551,4.6736,1.6713,58.517,1.5302,35.961,15.8797,
2019-04-15,1.1313,126.66,1.9558,N/A,25.625,7.4639,N/A,0.86305,320.25,N/A,N/A,N/A,4.2742,N/A,4.7618,10.4608,N/A,N/A,1.1345,135.6,9.6018,7.436,72.7011,N/A,6.5637,1.5761,4.3985,1.506,7.5867,8.8685,15906.08,4.0295,78.5405,1281.37,21.2497,4.6573,1.6729,58.476,1.5299,35.936,15.8192,
2019-04-12,1.1321,126.76,1.9558,N/A,25.623,7.4643,N/A,0.8629,321.9,N/A,N/A,N/A,4.2796,N/A,4.7598,10.4788,N/A,N/A,1.1326,135.2,9.602,7.435,72.6133,N/A,6.535,1.5771,4.3884,1.5082,7.5939,8.8788,15954.12,4.0389,78.2915,1283,21.236,4.658,1.6748,58.553,1.5318,35.955,15.7631,
2019-04-11,1.1264,125.3,1.9558,N/A,25.606,7.4648,N/A,0.86168,321.71,N/A,N/A,N/A,4.283,N/A,4.7593,10.437,N/A,N/A,1.1304,135.2,9.5885,7.4385,72.659,N/A,6.4724,1.576,4.3221,1.5067,7.5672,8.8354,15966.16,4.0375,77.6855,1285.17,21.2826,4.6383,1.6705,58.506,1.5254,35.848,15.7752,
2019-04-10,1.1279,125.38,1.9558,N/A,25.608,7.4652,N/A,0.86083,321.84,N/A,N/A,N/A,4.2833,N/A,4.7605,10.44,N/A,N/A,1.128,134.2,9.5895,7.4253,72.86,N/A,6.4144,1.5785,4.3301,1.5032,7.5758,8.8405,15959.79,4.0351,77.9945,1283.09,21.2783,4.6328,1.6697,58.543,1.5258,35.839,15.7391,
2019-04-09,1.1277,125.51,1.9558,N/A,25.618,7.465,N/A,0.86335,321.5,N/A,N/A,N/A,4.287,N/A,4.761,10.425,N/A,N/A,1.127,133.8,9.619,7.4342,73.0029,N/A,6.4056,1.5781,4.3471,1.4984,7.5688,8.844,15937.78,4.0346,78.188,1284.96,21.3479,4.622,1.6718,58.682,1.5255,35.804,15.8215,
2019-04-08,1.1246,125.36,1.9558,N/A,25.634,7.4651,N/A,0.86183,321.54,N/A,N/A,N/A,4.2887,N/A,4.7512,10.4325,N/A,N/A,1.1245,133.6,9.6305,7.4318,73.268,N/A,6.3781,1.5823,4.3558,1.5042,7.5561,8.8247,15927.71,4.0255,78.3215,1288.11,21.439,4.6123,1.6694,58.633,1.5243,35.942,15.8562,
2019-04-05,1.1233,125.44,1.9558,N/A,25.613,7.4646,N/A,0.85938,320.75,N/A,N/A,N/A,4.2897,N/A,4.7513,10.426,N/A,N/A,1.1235,133.4,9.661,7.4235,73.327,N/A,6.2855,1.5787,4.3266,1.503,7.5457,8.8173,15900.87,4.0219,77.787,1277.64,21.4975,4.5985,1.6662,58.537,1.5215,35.833,15.8078,
2019-04-04,1.1219,125.01,1.9558,N/A,25.693,7.4639,N/A,0.85418,319.81,N/A,N/A,N/A,4.2892,N/A,4.7495,10.4075,N/A,N/A,1.1207,133.8,9.6308,7.432,73.3377,N/A,6.323,1.5781,4.334,1.4987,7.5353,8.8062,15895.08,4.0439,77.593,1276.07,21.5469,4.5768,1.6599,58.637,1.5187,35.654,15.8758,
2019-04-03,1.1243,125.3,1.9558,N/A,25.724,7.4643,N/A,0.8539,320.05,N/A,N/A,N/A,4.293,N/A,4.7555,10.43,N/A,N/A,1.1206,134.4,9.6218,7.429,73.36,N/A,6.3014,1.5794,4.313,1.4964,7.5423,8.8246,15939.2,4.0513,76.9305,1275.35,21.5195,4.59,1.6551,58.608,1.5209,35.697,15.912,
2019-04-02,1.12,124.73,1.9558,N/A,25.753,7.4646,N/A,0.86,321.68,N/A,N/A,N/A,4.2953,N/A,4.7618,10.4418,N/A,N/A,1.1195,137.1,9.6445,7.4298,73.2144,N/A,6.2141,1.5817,4.3237,1.4919,7.5265,8.7918,15926.4,4.061,77.0035,1272.75,21.3972,4.5715,1.6544,58.706,1.5178,35.56,15.8256,
2019-04-01,1.1236,124.68,1.9558,N/A,25.791,7.4641,N/A,0.85658,321.04,N/A,N/A,N/A,4.299,N/A,4.7626,10.42,N/A,N/A,1.118,137.7,9.638,7.4268,73.7449,N/A,6.2135,1.5775,4.3564,1.5006,7.541,8.8201,15983.21,4.0746,77.8885,1275.24,21.6437,4.5848,1.6458,58.972,1.5213,35.657,15.9175,
2019-03-29,1.1235,124.45,1.9558,N/A,25.802,7.4652,N/A,0.8583,321.05,N/A,N/A,N/A,4.3006,N/A,4.7608,10.398,N/A,N/A,1.1181,137.5,9.659,7.4338,72.8564,N/A,6.3446,1.5821,4.3865,1.5,7.5397,8.8195,15998.64,4.0764,77.719,1276.46,21.691,4.5838,1.65,59.075,1.5214,35.632,16.2642,
2019-03-28,1.1218,124.16,1.9558,N/A,25.786,7.4657,N/A,0.85555,319.86,N/A,N/A,N/A,4.295,N/A,4.7591,10.476,N/A,N/A,1.1185,137.5,9.738,7.43,73.1411,N/A,6.3408,1.585,4.4592,1.5066,7.5595,8.8061,16005.28,4.0754,77.7765,1277.91,21.7835,4.5797,1.6509,59.303,1.5227,35.752,16.4942,
2019-03-27,1.1261,124.42,1.9558,N/A,25.797,7.4664,N/A,0.85118,319.97,N/A,N/A,N/A,4.2936,N/A,4.7627,10.4298,N/A,N/A,1.1196,137.1,9.695,7.425,72.9572,N/A,6.232,1.5888,4.4193,1.5101,7.5729,8.8389,16035.66,4.0921,77.86,1281,21.6891,4.5984,1.6568,59.418,1.5259,35.844,16.4253,
2019-03-26,1.1291,124.72,1.9558,N/A,25.769,7.4654,N/A,0.8533,316.1,N/A,N/A,N/A,4.2934,N/A,4.758,10.4263,N/A,N/A,1.1222,136.9,9.6398,7.4188,72.5964,N/A,6.2404,1.5832,4.3568,1.5132,7.5818,8.8622,15999.35,4.0892,77.7555,1280.91,21.5085,4.5971,1.6345,59.404,1.5254,35.73,16.2218,
2019-03-25,1.1325,124.65,1.9558,N/A,25.759,7.4646,N/A,0.85638,316.84,N/A,N/A,N/A,4.2953,N/A,4.7553,10.445,N/A,N/A,1.1237,136.3,9.659,7.417,72.7646,N/A,6.3425,1.5931,4.4032,1.5204,7.6015,8.8888,16058.85,4.1041,78.046,1283.07,21.6039,4.6081,1.6413,59.411,1.5286,35.804,16.2997,
2019-03-22,1.1302,124.6,1.9558,N/A,25.727,7.4622,N/A,0.8589,316.23,N/A,N/A,N/A,4.2913,N/A,4.7505,10.4723,N/A,N/A,1.1243,135.3,9.6423,7.4178,72.7425,N/A,6.2979,1.5923,4.376,1.5155,7.5868,8.8683,16046.58,4.0823,77.958,1282.81,21.4447,4.5937,1.6433,59.337,1.5266,35.793,16.2469,
2019-03-21,1.1387,125.92,1.9558,N/A,25.648,7.4626,N/A,0.8665,314.57,N/A,N/A,N/A,4.2807,N/A,4.7565,10.4288,N/A,N/A,1.1309,134.3,9.6178,7.418,72.5435,N/A,6.216,1.5985,4.2924,1.5189,7.6198,8.9359,16075.03,4.098,78.0715,1285.36,21.4282,4.6081,1.652,59.89,1.535,36.12,16.1636,
2019-03-20,1.1354,126.63,1.9558,N/A,25.646,7.4624,N/A,0.8628,313.29,N/A,N/A,N/A,4.2834,N/A,4.7615,10.431,N/A,N/A,1.1338,132.9,9.6915,7.4178,73.004,N/A,6.2152,1.5999,4.3012,1.5125,7.6014,8.9128,16082.94,4.0974,78.136,1281.96,21.5168,4.6109,1.6567,60.042,1.5335,36.032,16.3783,
2019-03-19,1.1358,126.59,1.9558,N/A,25.604,7.4624,N/A,0.85548,313.22,N/A,N/A,N/A,4.2879,N/A,4.7585,10.4485,N/A,N/A,1.1353,132.7,9.6745,7.4168,73.1062,N/A,6.2191,1.5986,4.2878,1.506,7.6237,8.9161,16099.97,4.0951,78.351,1283.15,21.5793,4.6232,1.6535,60.029,1.5342,35.982,16.3726,
2019-03-18,1.1349,126.54,1.9558,N/A,25.616,7.4621,N/A,0.8566,314.38,N/A,N/A,N/A,4.2979,N/A,4.7543,10.4643,N/A,N/A,1.136,133.1,9.672,7.4148,72.9217,N/A,6.1978,1.5981,4.3323,1.5134,7.6186,8.9089,16158,4.0902,77.781,1284.66,21.7484,4.6263,1.6537,59.809,1.5335,35.954,16.3174,
2019-03-15,1.1308,126.16,1.9558,N/A,25.668,7.4634,N/A,0.85415,314.35,N/A,N/A,N/A,4.3049,N/A,4.7565,10.4964,N/A,N/A,1.136,132.9,9.688,7.419,73.9233,N/A,6.1858,1.5988,4.3576,1.5118,7.5922,8.8766,16143.3,4.0708,78.074,1284.65,21.7827,4.6171,1.6532,59.491,1.5313,35.846,16.3782,
2019-03-14,1.1295,126.09,1.9558,N/A,25.668,7.4624,N/A,0.85228,314.43,N/A,N/A,N/A,4.3032,N/A,4.765,10.5373,N/A,N/A,1.1351,133.9,9.7155,7.4214,73.925,N/A,6.1842,1.603,4.333,1.5074,7.5984,8.8665,16150.44,4.067,78.473,1283.62,21.8824,4.618,1.6585,59.601,1.5325,35.896,16.382,
2019-03-13,1.1303,125.89,1.9558,N/A,25.668,7.4601,N/A,0.8588,314.6,N/A,N/A,N/A,4.2993,N/A,4.7737,10.554,N/A,N/A,1.1373,133.2,9.7245,7.4175,74.0008,N/A,6.1771,1.6005,4.326,1.5087,7.5818,8.8728,16091.85,4.0861,78.662,1279.12,21.821,4.6224,1.6538,59.572,1.5325,35.729,16.1987,
2019-03-12,1.1275,125.27,1.9558,N/A,25.667,7.4602,N/A,0.86145,315.35,N/A,N/A,N/A,4.2994,N/A,4.7593,10.5715,N/A,N/A,1.1369,135.8,9.7365,7.4155,74.1045,N/A,6.1536,1.5926,4.3045,1.5111,7.5643,8.8508,16084,4.0825,78.5175,1273.88,21.7677,4.6047,1.6436,59.633,1.5292,35.697,16.1186,
2019-03-11,1.1244,124.91,1.9558,N/A,25.656,7.4608,N/A,0.8624,315.84,N/A,N/A,N/A,4.2994,N/A,4.7491,10.5802,N/A,N/A,1.1349,136.4,9.77,7.413,74.2572,N/A,6.1177,1.5935,4.3275,1.5093,7.5612,8.8264,16067.68,4.0718,78.547,1275.28,21.8444,4.5982,1.6492,58.751,1.5283,35.655,16.152,
2019-03-08,1.1222,124.72,1.9558,N/A,25.641,7.46,N/A,0.85905,315.95,N/A,N/A,N/A,4.3002,N/A,4.7448,10.6316,N/A,N/A,1.1324,136.4,9.8733,7.4122,74.5885,N/A,6.1287,1.5964,4.3605,1.5099,7.5451,8.8092,16068.78,4.0721,78.733,1275.6,21.96,4.5916,1.653,58.706,1.5257,35.675,16.3022,
2019-03-07,1.1271,125.97,1.9558,N/A,25.61,7.461,N/A,0.8588,315.36,N/A,N/A,N/A,4.2991,N/A,4.7415,10.5625,N/A,N/A,1.1355,136.8,9.786,7.4158,74.3115,N/A,6.1171,1.6014,4.3234,1.5131,7.5622,8.8476,15990.17,4.0782,78.884,1273.15,21.8244,4.6065,1.6631,58.923,1.5308,35.819,16.1514,
2019-03-06,1.1305,126.4,1.9558,N/A,25.592,7.4609,N/A,0.8597,315.51,N/A,N/A,N/A,4.2996,N/A,4.7463,10.5375,N/A,N/A,1.136,136.8,9.804,7.421,74.4208,N/A,6.1247,1.6072,4.2682,1.5128,7.5857,8.8743,15999.4,4.0875,79.432,1275.05,21.7999,4.6289,1.6679,59.083,1.5349,36.012,16.0583,
2019-03-05,1.1329,126.8,1.9558,N/A,25.623,7.4614,N/A,0.86358,315.61,N/A,N/A,N/A,4.3016,N/A,4.7489,10.5523,N/A,N/A,1.1341,137.1,9.8023,7.4228,74.5028,N/A,6.1029,1.6017,4.2773,1.5116,7.5939,8.8929,16007.31,4.0991,79.936,1276.61,21.8555,4.6152,1.6682,59.325,1.5358,36.015,16.0513,
2019-03-04,1.1337,126.91,1.9558,N/A,25.621,7.4616,N/A,0.85775,315.84,N/A,N/A,N/A,4.2989,N/A,4.7412,10.5543,N/A,N/A,1.1352,136.2,9.7633,7.4325,74.5435,N/A,6.1023,1.599,4.2794,1.5092,7.5985,8.8986,16019.18,4.1102,80.363,1276.68,21.9374,4.6204,1.666,58.726,1.5361,36.142,16.1463,
2019-03-01,1.1383,127.35,1.9558,N/A,25.636,7.4613,N/A,0.85968,316.06,N/A,N/A,N/A,4.3096,N/A,4.7431,10.5003,N/A,N/A,1.1363,135.9,9.7268,7.432,74.9928,N/A,6.123,1.6,4.3037,1.4971,7.6332,8.9344,16067,4.1331,80.695,1282.12,21.994,4.6374,1.6656,58.986,1.5396,36.113,16.1426,
2019-02-28,1.1416,126.44,1.9558,N/A,25.601,7.4611,N/A,0.85835,315.96,N/A,N/A,N/A,4.3089,N/A,4.7434,10.4844,N/A,N/A,1.1335,135.7,9.7268,7.4275,75.0888,N/A,6.0679,1.5988,4.2688,1.5042,7.6309,8.9613,16069.73,4.1187,80.8915,1281.07,21.9073,4.6446,1.6685,58.999,1.539,35.983,15.9479,
2019-02-27,1.1386,125.9,1.9558,N/A,25.661,7.4611,N/A,0.85503,316.39,N/A,N/A,N/A,4.3146,N/A,4.7388,10.5443,N/A,N/A,1.1354,136.1,9.7123,7.4285,74.8589,N/A,6.0257,1.5909,4.245,1.4962,7.6073,8.9376,15967.73,4.1192,81.1585,1273.47,21.815,4.6316,1.6581,58.981,1.5346,35.741,15.7838,
2019-02-26,1.1361,125.93,1.9558,N/A,25.663,7.4616,N/A,0.86055,317.06,N/A,N/A,N/A,4.3282,N/A,4.7626,10.5858,N/A,N/A,1.1371,136.1,9.7725,7.4275,74.6158,N/A,6.0254,1.5897,4.2574,1.5024,7.6077,8.9178,15917.9,4.1148,80.853,1270,21.7145,4.6157,1.652,59.144,1.5332,35.583,15.752,
2019-02-25,1.1355,125.75,1.9558,N/A,25.653,7.4615,N/A,0.86828,317.62,N/A,N/A,N/A,4.336,N/A,4.7643,10.5793,N/A,N/A,1.1351,135.7,9.762,7.429,74.2508,N/A,6.0321,1.5831,4.2322,1.4924,7.5952,8.9122,15917,4.0961,80.5315,1269.19,21.6424,4.6186,1.647,58.906,1.5321,35.513,15.7583,
2019-02-22,1.1325,125.56,1.9558,N/A,25.667,7.462,N/A,0.87263,318.03,N/A,N/A,N/A,4.337,N/A,4.7611,10.5998,N/A,N/A,1.1346,135.7,9.7643,7.423,74.1694,N/A,6.0378,1.5923,4.2392,1.4976,7.6109,8.8884,15920,4.0973,80.553,1273.2,21.781,4.6174,1.6639,59.052,1.5324,35.493,15.8607,
2019-02-21,1.1354,125.7,1.9558,N/A,25.648,7.4619,N/A,0.86805,317.24,N/A,N/A,N/A,4.3346,N/A,4.7565,10.6188,N/A,N/A,1.1367,135.7,9.7808,7.4155,74.3534,N/A,6.0442,1.5969,4.2476,1.4951,7.6275,8.9098,15978.5,4.105,80.7435,1277.61,21.8165,4.632,1.6648,59.193,1.5352,35.39,15.8539,
2019-02-20,1.1342,125.61,1.9558,N/A,25.679,7.4614,N/A,0.86945,317.33,N/A,N/A,N/A,4.3445,N/A,4.7567,10.5703,N/A,N/A,1.1342,135.7,9.7335,7.4135,74.5774,N/A,6.019,1.5844,4.2019,1.4956,7.6244,8.9026,15924.17,4.1004,80.7035,1273.47,21.7301,4.6183,1.6513,59.003,1.5326,35.268,16.0354,
2019-02-19,1.1294,125.09,1.9558,N/A,25.717,7.4619,N/A,0.87185,318.46,N/A,N/A,N/A,4.3347,N/A,4.7492,10.6,N/A,N/A,1.1351,135.7,9.746,7.413,74.7569,N/A,5.9957,1.5881,4.2039,1.4961,7.6418,8.8644,15926.8,4.1018,80.6985,1273.5,21.7044,4.6154,1.6549,58.97,1.5324,35.249,16,
2019-02-18,1.1328,125.23,1.9558,N/A,25.715,7.462,N/A,0.8762,318.01,N/A,N/A,N/A,4.3292,N/A,4.7405,10.4685,N/A,N/A,1.1361,134.9,9.7508,7.4125,74.9142,N/A,6.0079,1.5825,4.2213,1.4992,7.6637,8.8899,15979.84,4.1003,80.8835,1275.31,21.8054,4.6281,1.6473,59.325,1.5357,35.366,15.9743,
2019-02-15,1.126,124.45,1.9558,N/A,25.709,7.4612,N/A,0.87938,318.21,N/A,N/A,N/A,4.3307,N/A,4.7407,10.4813,N/A,N/A,1.134,134.3,9.769,7.408,75.0816,N/A,5.9322,1.5836,4.1852,1.4959,7.6236,8.837,15924.46,4.0934,80.361,1269.32,21.765,4.5997,1.6432,59.036,1.5293,35.21,15.9011,
2019-02-14,1.1268,125.12,1.9558,N/A,25.79,7.4615,N/A,0.87945,319.07,N/A,N/A,N/A,4.3382,N/A,4.7439,10.4775,N/A,N/A,1.137,134.9,9.7585,7.4063,75.4522,N/A,5.9912,1.5848,4.2703,1.4949,7.6347,8.8426,15876.61,4.1286,80.203,1270.39,21.9131,4.5928,1.6488,58.992,1.531,35.331,15.9668,
2019-02-13,1.1305,125.19,1.9558,N/A,25.795,7.4618,N/A,0.87553,318.23,N/A,N/A,N/A,4.3285,N/A,4.7433,10.4083,N/A,N/A,1.1371,136.3,9.761,7.4045,74.3338,N/A,5.9383,1.59,4.2163,1.4972,7.6474,8.8728,15904.4,4.1142,80.066,1270,21.8786,4.5977,1.6596,58.969,1.5339,35.419,15.6866,
2019-02-12,1.1296,124.7,1.9558,N/A,25.871,7.4623,N/A,0.87705,317.79,N/A,N/A,N/A,4.3259,N/A,4.7414,10.4725,N/A,N/A,1.1381,136.6,9.795,7.408,74.0368,N/A,5.9365,1.5926,4.2013,1.4969,7.6477,8.8656,15891.78,4.1112,79.801,1269.23,21.7394,4.6058,1.6767,58.858,1.5334,35.356,15.5521,
2019-02-11,1.1309,124.63,1.9558,N/A,25.836,7.4637,N/A,0.87615,319.66,N/A,N/A,N/A,4.3158,N/A,4.7405,10.4858,N/A,N/A,1.1351,136.6,9.819,7.4075,74.1735,N/A,5.9588,1.5983,4.227,1.5005,7.6781,8.875,15924.05,4.1196,80.448,1272.6,21.5907,4.6056,1.6768,58.974,1.5364,35.533,15.5344,
2019-02-08,1.1346,124.57,1.9558,N/A,25.806,7.4634,N/A,0.8749,318.33,N/A,N/A,N/A,4.3064,N/A,4.7485,10.4973,N/A,N/A,1.1357,136.4,9.7693,7.4075,74.8085,N/A,5.9488,1.6006,4.2095,1.5098,7.6527,8.902,15844.69,4.1233,80.8655,1273.96,21.6028,4.6173,1.6809,59.149,1.5376,35.723,15.4417,
2019-02-07,1.1345,124.41,1.9558,N/A,25.809,7.4636,N/A,0.8775,319.29,N/A,N/A,N/A,4.3022,N/A,4.7399,10.473,N/A,N/A,1.1357,136.8,9.7253,7.4124,74.899,N/A,5.9706,1.5954,4.2198,1.505,7.652,8.9019,15883,4.1176,81.0855,1276.31,21.7393,4.62,1.6779,59.231,1.5385,35.436,15.4673,
2019-02-06,1.1394,125.05,1.9558,N/A,25.781,7.4652,N/A,0.8787,318.63,N/A,N/A,N/A,4.2923,N/A,4.7429,10.4258,N/A,N/A,1.1394,137,9.6918,7.4149,74.9228,N/A,5.9411,1.5968,4.2017,1.502,7.685,8.9398,15862.73,4.1209,81.5535,1277.09,21.7622,4.6552,1.6619,59.665,1.5419,35.583,15.3372,
2019-02-05,1.1423,125.59,1.9558,N/A,25.697,7.465,N/A,0.87803,317.41,N/A,N/A,N/A,4.2872,N/A,4.7455,10.3998,N/A,N/A,1.1436,137,9.6783,7.412,74.8209,N/A,5.9444,1.5771,4.1942,1.4996,7.6938,8.9623,15964.21,4.1251,81.8395,1276.75,21.7407,4.6628,1.6556,59.743,1.5445,35.725,15.2773,
2019-02-04,1.1445,125.77,1.9558,N/A,25.728,7.4654,N/A,0.87678,317.8,N/A,N/A,N/A,4.2816,N/A,4.756,10.4113,N/A,N/A,1.1421,137,9.703,7.4155,75.1351,N/A,5.9694,1.5852,4.2142,1.5011,7.7194,8.98,16037.31,4.1509,82.1905,1282.53,21.9379,4.6812,1.6634,60.043,1.5489,35.846,15.342,
2019-02-01,1.1471,124.91,1.9558,N/A,25.695,7.4654,N/A,0.87888,317.63,N/A,N/A,N/A,4.2739,N/A,4.7557,10.3878,N/A,N/A,1.1396,137.8,9.6685,7.415,75.1176,N/A,5.9884,1.5789,4.211,1.5075,7.7262,9.0012,16009.5,4.1649,81.771,1281.33,21.9455,4.6839,1.6567,59.916,1.5472,35.893,15.2861,
2019-01-31,1.1488,124.81,1.9558,N/A,25.76,7.4657,N/A,0.87578,315.88,N/A,N/A,N/A,4.2736,N/A,4.7271,10.373,N/A,N/A,1.1409,137.2,9.6623,7.4238,75.1113,N/A,5.9689,1.5787,4.2041,1.5109,7.701,9.0137,15980.38,4.18,81.686,1277.58,21.8999,4.6988,1.6607,59.843,1.5459,35.883,15.242,
2019-01-30,1.1429,125.08,1.9558,N/A,25.802,7.4648,N/A,0.87341,316.53,N/A,N/A,N/A,4.2905,N/A,4.7551,10.3843,N/A,N/A,1.1403,137,9.6938,7.4235,75.3615,N/A,6.0288,1.5885,4.2392,1.5111,7.6767,8.9662,16149.18,4.1919,81.351,1277.98,21.8249,4.6925,1.6723,59.774,1.5441,35.864,15.5484,
2019-01-29,1.1422,125.03,1.9558,N/A,25.747,7.465,N/A,0.86735,317.21,N/A,N/A,N/A,4.2976,N/A,4.7562,10.3508,N/A,N/A,1.1352,136.8,9.7035,7.4233,75.6887,N/A,6.0665,1.5954,4.2735,1.5142,7.6927,8.962,16093.6,4.201,81.306,1277.32,21.7153,4.6931,1.6694,59.947,1.5444,35.991,15.556,
2019-01-28,1.1418,124.94,1.9558,N/A,25.726,7.4652,N/A,0.86888,317.53,N/A,N/A,N/A,4.2861,N/A,4.7646,10.3503,N/A,N/A,1.1331,136.4,9.732,7.4273,75.3804,N/A,6.0534,1.5913,4.2872,1.5115,7.6997,8.9586,16056.62,4.2007,81.232,1277.22,21.7271,4.6938,1.6687,59.956,1.5455,36.024,15.5862,
2019-01-25,1.1346,124.72,1.9558,N/A,25.697,7.4664,N/A,0.8658,318.26,N/A,N/A,N/A,4.291,N/A,4.7688,10.298,N/A,N/A,1.131,135.9,9.7045,7.4315,75.0193,N/A,5.9806,1.5939,4.2737,1.5107,7.6699,8.9021,15980.84,4.1744,80.634,1270.87,21.4546,4.6888,1.672,59.662,1.5392,35.876,15.49,
2019-01-24,1.1341,124.43,1.9558,N/A,25.695,7.4659,N/A,0.87085,318.42,N/A,N/A,N/A,4.2881,N/A,4.7722,10.2843,N/A,N/A,1.1283,135.9,9.7278,7.4356,74.7868,N/A,5.9895,1.5967,4.2869,1.516,7.7041,8.8988,16064.53,4.1775,80.656,1281.18,21.6031,4.6986,1.6731,59.905,1.543,35.985,15.636,
2019-01-23,1.1367,124.7,1.9558,N/A,25.693,7.4667,N/A,0.87213,318.12,N/A,N/A,N/A,4.2887,N/A,4.7575,10.245,N/A,N/A,1.1335,137.2,9.7563,7.4365,75.2297,N/A,6.0341,1.5934,4.3244,1.5132,7.7147,8.9183,16110.41,4.1875,81.0535,1282,21.755,4.7031,1.6741,59.902,1.5449,36.096,15.768,
2019-01-22,1.1354,124.25,1.9558,N/A,25.612,7.4669,N/A,0.88,317.98,N/A,N/A,N/A,4.2827,N/A,4.7292,10.2538,N/A,N/A,1.1326,137,9.7628,7.4265,75.4433,N/A,6.075,1.5923,4.2622,1.5128,7.7299,8.909,16160.15,4.1908,81.046,1284.77,21.78,4.6962,1.6885,60.056,1.5452,36.128,15.7715,
2019-01-21,1.1362,124.6,1.9558,N/A,25.593,7.4659,N/A,0.88303,317.71,N/A,N/A,N/A,4.2911,N/A,4.711,10.2515,N/A,N/A,1.1343,137.8,9.7438,7.4268,75.427,N/A,6.0667,1.5889,4.2853,1.5117,7.7238,8.9134,16180.62,4.2018,80.9335,1285.38,21.78,4.6793,1.6895,59.961,1.5457,36.12,15.7551,
2019-01-18,1.1402,124.78,1.9558,N/A,25.58,7.4649,N/A,0.88125,318.09,N/A,N/A,N/A,4.2931,N/A,4.6993,10.2515,N/A,N/A,1.1331,137.8,9.7218,7.4295,75.6267,N/A,6.1091,1.585,4.2701,1.5134,7.7291,8.9441,16193.18,4.2132,81.0875,1278.73,21.7095,4.7024,1.6841,59.983,1.5463,36.161,15.7187,
2019-01-17,1.1396,123.95,1.9558,N/A,25.537,7.4649,N/A,0.8826,320.07,N/A,N/A,N/A,4.2835,N/A,4.689,10.2858,N/A,N/A,1.1312,137.6,9.758,7.4273,75.9004,N/A,6.122,1.5895,4.2879,1.5153,7.7167,8.9395,16159.53,4.203,80.9765,1280.68,21.64,4.6877,1.6895,59.847,1.5452,36.177,15.694,
2019-01-16,1.1389,123.91,1.9558,N/A,25.564,7.4642,N/A,0.8859,321.58,N/A,N/A,N/A,4.2877,N/A,4.685,10.2488,N/A,N/A,1.1269,138.5,9.7358,7.4268,75.9175,N/A,6.1166,1.5874,4.2271,1.5101,7.7018,8.9338,16115.87,4.188,81.0055,1278.36,21.638,4.6803,1.6817,59.468,1.5439,36.115,15.6086,
2019-01-15,1.1424,124.02,1.9558,N/A,25.572,7.4638,N/A,0.89025,322.8,N/A,N/A,N/A,4.293,N/A,4.6831,10.2403,N/A,N/A,1.1266,138.5,9.7615,7.4265,76.6722,N/A,6.228,1.5884,4.237,1.5154,7.723,8.9594,16135.26,4.19,81.231,1283.26,21.7315,4.6765,1.6757,59.519,1.5474,36.443,15.7877,
2019-01-14,1.1467,123.93,1.9558,N/A,25.561,7.4639,N/A,0.89263,321.33,N/A,N/A,N/A,4.2925,N/A,4.6815,10.2493,N/A,N/A,1.1258,138.5,9.7868,7.4325,77.0602,N/A,6.3241,1.5945,4.2739,1.5226,7.7595,8.9934,16195.99,4.1945,81.2195,1287.82,21.983,4.7049,1.682,59.912,1.5526,36.626,15.9218,
2019-01-11,1.1533,124.91,1.9558,N/A,25.606,7.4643,N/A,0.90015,321.6,N/A,N/A,N/A,4.2973,N/A,4.6763,10.2338,N/A,N/A,1.1327,138.1,9.7578,7.432,77.3679,N/A,6.3024,1.597,4.2849,1.5247,7.7922,9.0427,16246.02,4.2278,81.3475,1289.16,22.0758,4.717,1.6873,60.206,1.5584,36.825,15.9614,
2019-01-10,1.1535,124.7,1.9558,N/A,25.626,7.4655,N/A,0.90423,321.16,N/A,N/A,N/A,4.2959,N/A,4.6813,10.2303,N/A,N/A,1.1276,137.1,9.7493,7.4255,77.2491,N/A,6.2709,1.6031,4.2451,1.5251,7.8213,9.0414,16240.13,4.2261,81.2005,1289.04,22.1283,4.7265,1.6983,60.167,1.5584,36.802,15.9731,
2019-01-09,1.1455,124.7,1.9558,N/A,25.629,7.4661,N/A,0.89913,321.85,N/A,N/A,N/A,4.2968,N/A,4.6737,10.2268,N/A,N/A,1.123,136.9,9.7668,7.4281,76.8925,N/A,6.3399,1.5982,4.2245,1.5172,7.8226,8.9789,16180.19,4.2135,80.6365,1284.16,22.1006,4.7132,1.6908,59.887,1.5533,36.662,16.0136,
2019-01-08,1.144,124.46,1.9558,N/A,25.642,7.4663,N/A,0.89743,322.15,N/A,N/A,N/A,4.3055,N/A,4.671,10.1855,N/A,N/A,1.1232,136.1,9.775,7.4296,76.7197,N/A,6.2851,1.6042,4.2604,1.5208,7.8405,8.9671,16181.88,4.2312,80.245,1288.62,22.1599,4.7053,1.7023,60.057,1.5549,36.705,16.0365,
2019-01-07,1.1445,123.9,1.9558,N/A,25.572,7.4675,N/A,0.8972,321.11,N/A,N/A,N/A,4.2908,N/A,4.6625,10.2235,N/A,N/A,1.1227,135.2,9.8018,7.429,76.5664,N/A,6.1325,1.604,4.2289,1.5281,7.8421,8.9677,16122.63,4.2278,79.6895,1281.15,22.1202,4.7125,1.6925,59.98,1.5531,36.607,15.8644,
2019-01-04,1.1403,123.2,1.9558,N/A,25.653,7.4679,N/A,0.89988,321.45,N/A,N/A,N/A,4.2957,N/A,4.6656,10.246,N/A,N/A,1.1256,134,9.8648,7.4335,77.679,N/A,6.1707,1.6189,4.2889,1.5328,7.828,8.9325,16241.35,4.232,79.4315,1279.13,22.308,4.7106,1.7045,59.809,1.5525,36.587,16.1175,
2019-01-03,1.1348,122.21,1.9558,N/A,25.683,7.4675,N/A,0.90312,322.41,N/A,N/A,N/A,4.2975,N/A,4.666,10.2808,N/A,N/A,1.1219,133.6,9.9113,7.4325,78.2615,N/A,6.2248,1.6287,4.2814,1.5392,7.8019,8.8884,16352.47,4.2425,79.608,1279.17,22.2384,4.702,1.7085,59.679,1.5501,36.518,16.4149,
2019-01-02,1.1397,124.28,1.9558,N/A,25.752,7.4669,N/A,0.90165,322.37,N/A,N/A,N/A,4.2964,N/A,4.66,10.2145,N/A,N/A,1.1239,133.4,9.9108,7.4205,79.3589,N/A,6.113,1.6273,4.393,1.5547,7.8165,8.9294,16484.11,4.2708,79.9855,1278.52,22.3941,4.7195,1.7049,59.894,1.5555,36.807,16.5075,
2018-12-31,1.145,125.85,1.9558,N/A,25.724,7.4673,N/A,0.89453,320.98,N/A,N/A,N/A,4.3014,N/A,4.6635,10.2548,N/A,N/A,1.1269,133.2,9.9483,7.4125,79.7153,N/A,6.0588,1.622,4.444,1.5605,7.8751,8.9675,16500,4.2972,79.7298,1277.93,22.4921,4.7317,1.7056,60.113,1.5591,37.052,16.4594,
2018-12-28,1.1454,126.4,1.9558,N/A,25.778,7.4673,N/A,0.90273,321.61,N/A,N/A,N/A,4.3028,N/A,4.663,10.2773,N/A,N/A,1.1227,133.2,9.9738,7.4095,79.5445,N/A,6.04,1.6215,4.4427,1.5602,7.8778,8.9716,16639.28,4.3128,80.2255,1279.35,22.5554,4.7556,1.706,60.282,1.5642,37.317,16.4506,
2018-12-27,1.1377,126.14,1.9558,N/A,25.858,7.4672,N/A,0.90073,321.56,N/A,N/A,N/A,4.2945,N/A,4.6536,10.2725,N/A,N/A,1.1279,133,9.9698,7.4125,78.8767,N/A,6.0067,1.6161,4.4786,1.55,7.8109,8.9109,16608.2,4.3027,79.9445,1276.84,22.6283,4.7419,1.6964,59.991,1.5617,37.026,16.5208,
2018-12-24,1.1408,126.47,1.9558,N/A,25.916,7.4663,N/A,0.90038,321,N/A,N/A,N/A,4.2848,N/A,4.6428,10.3428,N/A,N/A,1.1312,133.2,10.0025,7.422,78.096,N/A,6.048,1.6186,4.4537,1.5506,7.873,8.9359,16642.56,4.315,80.019,1283.61,22.6549,4.7611,1.6974,60.417,1.5655,37.162,16.6876,
2018-12-21,1.1414,126.98,1.9558,N/A,25.855,7.467,N/A,0.90215,321.97,N/A,N/A,N/A,4.2851,N/A,4.6389,10.2733,N/A,N/A,1.1312,134.1,9.9428,7.4216,78.2103,N/A,6.0546,1.6081,4.4099,1.5459,7.8825,8.9368,16696.34,4.3045,80.04,1282.71,22.7547,4.7608,1.6925,60.546,1.5641,37.267,16.4753,
2018-12-20,1.1451,127.94,1.9558,N/A,25.76,7.4672,N/A,0.90335,321.83,N/A,N/A,N/A,4.2876,N/A,4.6573,10.253,N/A,N/A,1.1331,136.9,9.897,7.4265,77.4949,N/A,6.0319,1.605,4.4076,1.5424,7.8864,8.9628,16544.4,4.303,79.949,1284.69,22.7759,4.7879,1.6884,60.816,1.5678,37.41,16.26,
2018-12-19,1.1405,128.11,1.9558,N/A,25.765,7.4676,N/A,0.90318,322.9,N/A,N/A,N/A,4.2833,N/A,4.6655,10.3393,N/A,N/A,1.1328,138.8,9.9375,7.419,77.0444,N/A,6.086,1.5879,4.4515,1.5332,7.8683,8.9241,16471.67,4.2835,80.116,1284.2,22.8738,4.7661,1.663,60.535,1.5623,37.311,16.2602,
2018-12-18,1.1377,127.86,1.9558,N/A,25.753,7.4675,N/A,0.89715,323.11,N/A,N/A,N/A,4.2848,N/A,4.6467,10.276,N/A,N/A,1.1281,139,9.8835,7.4048,76.1678,N/A,6.0782,1.581,4.4366,1.5249,7.8455,8.8976,16472.76,4.2812,80.253,1284.35,22.8293,4.7579,1.6556,60.39,1.559,37.277,16.3106,
2018-12-17,1.1341,128.44,1.9558,N/A,25.801,7.4659,N/A,0.8989,323.32,N/A,N/A,N/A,4.2835,N/A,4.655,10.2725,N/A,N/A,1.1254,139.2,9.7838,7.4028,75.5249,N/A,6.0958,1.5801,4.4355,1.5189,7.8222,8.8624,16529.51,4.2843,81.213,1282.21,22.8295,4.7292,1.6668,60.123,1.5588,37.198,16.2812,
2018-12-14,1.1285,128.13,1.9558,N/A,25.794,7.4656,N/A,0.89835,323.93,N/A,N/A,N/A,4.2974,N/A,4.6558,10.261,N/A,N/A,1.1254,140.4,9.7235,7.3905,75.2265,N/A,6.0799,1.5753,4.4129,1.5095,7.788,8.8168,16499.62,4.2604,81.225,1280.17,23.0211,4.7243,1.6613,59.98,1.5534,37.026,16.2186,
2018-12-13,1.1371,129.06,1.9558,N/A,25.829,7.4647,N/A,0.89848,323.14,N/A,N/A,N/A,4.2925,N/A,4.6515,10.302,N/A,N/A,1.1287,140.4,9.7388,7.3935,75.4593,N/A,6.0968,1.5729,4.4083,1.5193,7.8246,8.8803,16496.36,4.2718,81.428,1278.56,22.9031,4.7531,1.6564,59.888,1.5587,37.195,16.1227,
2018-12-12,1.1346,128.67,1.9558,N/A,25.866,7.4641,N/A,0.90135,323.43,N/A,N/A,N/A,4.2986,N/A,4.6571,10.3595,N/A,N/A,1.1286,140,9.7265,7.3895,75.2467,N/A,6.0893,1.5732,4.3881,1.517,7.8155,8.8693,16562.32,4.2603,81.69,1280.62,22.7639,4.7538,1.6573,59.714,1.5577,37.192,16.1475,
2018-12-11,1.1379,128.75,1.9558,N/A,25.845,7.4641,N/A,0.90228,323.4,N/A,N/A,N/A,4.2983,N/A,4.6557,10.297,N/A,N/A,1.1248,140.2,9.7038,7.3943,75.5225,N/A,6.1295,1.5778,4.4417,1.5239,7.8498,8.8934,16625,4.2691,81.8215,1284.17,23.0209,4.7615,1.6526,60.009,1.5617,37.317,16.2903,
2018-12-10,1.1425,128.79,1.9558,N/A,25.866,7.4639,N/A,0.90245,323.15,N/A,N/A,N/A,4.2921,N/A,4.6502,10.333,N/A,N/A,1.1295,140,9.6885,7.387,75.8985,N/A,6.0499,1.5842,4.4524,1.5218,7.8967,8.9283,16671.36,4.2642,82.7284,1287.42,23.132,4.7671,1.6581,60.367,1.5667,37.525,16.3463,
2018-12-07,1.1371,128.36,1.9558,N/A,25.851,7.4641,N/A,0.89085,323.5,N/A,N/A,N/A,4.2895,N/A,4.6485,10.2665,N/A,N/A,1.1299,139.5,9.697,7.3913,75.885,N/A,6.0619,1.5766,4.4358,1.523,7.8244,8.8866,16454.01,4.2545,80.509,1278.67,23.1435,4.7372,1.6558,60.059,1.5583,37.359,16.0673,
2018-12-06,1.1351,128.04,1.9558,N/A,25.89,7.4635,N/A,0.8893,323.75,N/A,N/A,N/A,4.2881,N/A,4.6548,10.2355,N/A,N/A,1.1304,138.4,9.7028,7.3965,75.9421,N/A,6.0947,1.5745,4.437,1.5229,7.8239,8.8669,16481.65,4.2367,80.495,1273.03,23.3643,4.7271,1.6517,60.012,1.556,37.282,15.9797,
2018-12-05,1.1354,128.31,1.9558,N/A,25.886,7.463,N/A,0.88885,323.49,N/A,N/A,N/A,4.2826,N/A,4.6528,10.1753,N/A,N/A,1.1328,139.4,9.648,7.399,75.8385,N/A,6.0453,1.5569,4.3692,1.5076,7.7848,8.8695,16344.08,4.2293,80.066,1264.39,23.2282,4.7165,1.6398,59.878,1.552,37.19,15.6366,
2018-12-04,1.1409,128.68,1.9558,N/A,25.901,7.4626,N/A,0.89058,323.2,N/A,N/A,N/A,4.2823,N/A,4.6514,10.2293,N/A,N/A,1.1348,139.6,9.6473,7.4015,75.7901,N/A,6.1035,1.5451,4.3642,1.5031,7.7986,8.9071,16303.46,4.2537,80.472,1261.04,23.2057,4.7319,1.6406,60.035,1.555,37.273,15.5292,
2018-12-03,1.1332,128.7,1.9558,N/A,25.921,7.4622,N/A,0.8915,322.76,N/A,N/A,N/A,4.2809,N/A,4.6539,10.2355,N/A,N/A,1.1323,139.4,9.6893,7.4038,75.4428,N/A,5.946,1.5354,4.3367,1.4931,7.8074,8.8615,16188.27,4.2144,79.791,1260.44,22.7129,4.7073,1.6376,59.41,1.5491,37.152,15.5084,
2018-11-30,1.1359,128.99,1.9558,N/A,25.957,7.4622,N/A,0.89068,323.62,N/A,N/A,N/A,4.29,N/A,4.6598,10.3195,N/A,N/A,1.134,139.4,9.74,7.4055,76.0734,N/A,5.8753,1.5565,4.3843,1.5116,7.8897,8.8851,16246.21,4.2167,79.0815,1274.04,23.091,4.7532,1.6556,59.536,1.5581,37.348,15.6258,
2018-11-29,1.1387,128.99,1.9558,N/A,25.967,7.4622,N/A,0.89135,323.42,N/A,N/A,N/A,4.2916,N/A,4.6531,10.317,N/A,N/A,1.1324,142.3,9.7318,7.416,75.542,N/A,5.8747,1.5525,4.3867,1.5117,7.9063,8.9078,16334.14,4.2258,79.537,1275.57,23.016,4.7575,1.6573,59.676,1.5603,37.503,15.5182,
2018-11-28,1.1284,128.47,1.9558,N/A,25.931,7.4616,N/A,0.88245,324.37,N/A,N/A,N/A,4.2953,N/A,4.659,10.2544,N/A,N/A,1.1273,141.6,9.7085,7.4159,75.91,N/A,5.9268,1.5595,4.3579,1.5036,7.8464,8.8328,16401.86,4.2116,79.643,1273.13,23.058,4.7368,1.6613,59.352,1.5548,37.259,15.7292,
2018-11-27,1.1328,128.66,1.9558,N/A,25.914,7.4617,N/A,0.88748,324.06,N/A,N/A,N/A,4.2902,N/A,4.6583,10.2823,N/A,N/A,1.1309,141,9.7325,7.4275,75.6401,N/A,5.9313,1.5631,4.4011,1.5018,7.8708,8.8679,16410.59,4.2215,80.162,1279.17,23.1784,4.7498,1.6647,59.439,1.5582,37.371,15.632,
2018-11-26,1.1363,128.7,1.9558,N/A,25.918,7.4612,N/A,0.8844,322.9,N/A,N/A,N/A,4.292,N/A,4.6588,10.293,N/A,N/A,1.1332,141,9.729,7.4305,76.3045,N/A,5.9459,1.5664,4.3808,1.5011,7.8869,8.8906,16447.94,4.2407,80.5385,1281.86,23.2106,4.7588,1.6709,59.559,1.5604,37.543,15.7322,
2018-11-23,1.1352,128.07,1.9558,N/A,25.954,7.4618,N/A,0.8848,322.03,N/A,N/A,N/A,4.2949,N/A,4.6577,10.3043,N/A,N/A,1.1316,140.4,9.7365,7.4324,74.7114,N/A,5.9992,1.5708,4.3205,1.5019,7.8866,8.8837,16495.81,4.2413,80.204,1285.15,23.0983,4.7635,1.6747,59.477,1.5605,37.552,15.7507,
2018-11-22,1.1403,128.8,1.9558,N/A,25.99,7.4616,N/A,0.88598,321.52,N/A,N/A,N/A,4.3004,N/A,4.6593,10.3035,N/A,N/A,1.1351,141.2,9.7398,7.4285,74.7458,N/A,6.0336,1.5721,4.3368,1.5074,7.9052,8.9299,16584,4.259,80.6045,1287.51,23.066,4.7801,1.6744,59.749,1.5652,37.607,15.7042,
2018-11-21,1.1409,129.04,1.9558,N/A,26.002,7.4617,N/A,0.89108,321.63,N/A,N/A,N/A,4.2995,N/A,4.6632,10.3143,N/A,N/A,1.1341,141.2,9.729,7.4318,75.0963,N/A,6.0888,1.5725,4.3262,1.5144,7.9121,8.9361,16655.14,4.2603,81.352,1287.06,23.118,4.7735,1.6686,59.593,1.5663,37.593,15.902,
2018-11-20,1.1421,128.34,1.9558,N/A,26.032,7.4627,N/A,0.88908,321.25,N/A,N/A,N/A,4.3177,N/A,4.6673,10.3133,N/A,N/A,1.1328,140.8,9.7135,7.4277,75.0039,N/A,6.1203,1.5712,4.2919,1.5071,7.9299,8.9445,16672,4.2475,81.65,1287.96,23.3031,4.7803,1.6683,59.859,1.5675,37.655,16.0629,
2018-11-19,1.1427,128.89,1.9558,N/A,26.013,7.4625,N/A,0.89083,321.65,N/A,N/A,N/A,4.3293,N/A,4.6666,10.2815,N/A,N/A,1.1391,140.8,9.6493,7.4253,75.2885,N/A,6.0735,1.566,4.2907,1.5055,7.9349,8.9491,16672,4.2368,81.8825,1287.63,23.166,4.7848,1.674,60.02,1.5684,37.623,16.0122,
2018-11-16,1.1346,128.37,1.9558,N/A,25.985,7.4618,N/A,0.8835,321.93,N/A,N/A,N/A,4.3154,N/A,4.6648,10.262,N/A,N/A,1.1431,140.2,9.6118,7.428,74.9036,N/A,6.0754,1.5623,4.2666,1.4955,7.8859,8.8868,16578,4.207,81.5735,1283.8,23.0573,4.7562,1.6653,59.873,1.5612,37.385,16.1185,
2018-11-15,1.1305,128.16,1.9558,N/A,25.985,7.4622,N/A,0.8837,321.99,N/A,N/A,N/A,4.2933,N/A,4.665,10.2553,N/A,N/A,1.1365,140.4,9.6028,7.427,75.2446,N/A,6.1047,1.5564,4.2772,1.4949,7.8448,8.8558,16599.19,4.1776,81.37,1277.99,23.0659,4.7358,1.6601,59.614,1.557,37.278,16.1238,
2018-11-14,1.1296,128.64,1.9558,N/A,25.994,7.4621,N/A,0.87048,322.68,N/A,N/A,N/A,4.2911,N/A,4.6601,10.2685,N/A,N/A,1.1395,140.2,9.599,7.423,76.3414,N/A,6.1725,1.5657,4.2901,1.4937,7.8543,8.8473,16680.18,4.1731,81.674,1278.88,23.0803,4.7469,1.6651,59.989,1.5589,37.243,16.2025,
2018-11-13,1.1261,128.32,1.9558,N/A,25.939,7.4613,N/A,0.86945,322.89,N/A,N/A,N/A,4.2992,N/A,4.6612,10.2284,N/A,N/A,1.1368,139.4,9.5563,7.4238,76.199,N/A,6.1857,1.5628,4.2479,1.4888,7.8354,8.8161,16692.18,4.1593,81.839,1277.21,23.0152,4.7229,1.6684,59.885,1.5559,37.178,16.2504,
2018-11-12,1.1265,128.2,1.9558,N/A,25.942,7.4597,N/A,0.87563,321.72,N/A,N/A,N/A,4.2968,N/A,4.6575,10.2705,N/A,N/A,1.1368,138.5,9.5378,7.427,76.18,N/A,6.1282,1.5623,4.2217,1.4873,7.8447,8.8242,16680.1,4.1423,82.1106,1280.12,22.8373,4.7133,1.6699,59.973,1.556,37.298,16.1851,
2018-11-09,1.1346,129.26,1.9558,N/A,25.936,7.4594,N/A,0.87053,321.31,N/A,N/A,N/A,4.288,N/A,4.657,10.2648,N/A,N/A,1.1414,138.5,9.5418,7.43,76.4283,N/A,6.2261,1.5663,4.254,1.4969,7.8852,8.8843,16661.6,4.171,82.264,1278.77,23.0001,4.7399,1.6815,60.256,1.5627,37.453,16.1884,
2018-11-08,1.1424,129.9,1.9558,N/A,25.887,7.4597,N/A,0.87163,321.44,N/A,N/A,N/A,4.2915,N/A,4.6602,10.2528,N/A,N/A,1.1456,138.3,9.5078,7.4315,75.8313,N/A,6.1926,1.5668,4.2622,1.4972,7.9192,8.9414,16610.5,4.195,82.7195,1275.88,22.686,4.7563,1.6838,60.308,1.5663,37.596,15.959,
2018-11-07,1.1487,130.02,1.9558,N/A,25.88,7.4598,N/A,0.87403,321.76,N/A,N/A,N/A,4.294,N/A,4.6621,10.3313,N/A,N/A,1.1444,138.1,9.5328,7.4338,75.7709,N/A,6.1357,1.575,4.3061,1.5019,7.9426,8.9935,16748.05,4.2182,83.28,1286.25,22.6326,4.7734,1.6954,60.584,1.5729,37.66,16.0216,
2018-11-06,1.1428,129.31,1.9558,N/A,25.833,7.4593,N/A,0.87313,322.06,N/A,N/A,N/A,4.3088,N/A,4.6647,10.347,N/A,N/A,1.146,137.9,9.5448,7.4383,75.3169,N/A,6.1246,1.5789,4.2833,1.4996,7.9015,8.951,16916.3,4.2135,83.3785,1280.9,22.7736,4.7604,1.7105,60.482,1.5693,37.644,16.2351,
2018-11-05,1.137,128.81,1.9558,N/A,25.846,7.4596,N/A,0.87535,322.44,N/A,N/A,N/A,4.3126,N/A,4.6608,10.3268,N/A,N/A,1.1437,137.9,9.524,7.4383,75.4376,N/A,6.1783,1.5803,4.2253,1.4887,7.878,8.9047,17027.71,4.2089,83.092,1278.67,22.8514,4.7475,1.7085,60.515,1.5651,37.476,16.323,
2018-11-02,1.1417,128.89,1.9558,N/A,25.782,7.4603,N/A,0.8787,321.62,N/A,N/A,N/A,4.3202,N/A,4.6612,10.3123,N/A,N/A,1.1422,138.1,9.5143,7.4393,75.3127,N/A,6.2539,1.584,4.2205,1.4956,7.8712,8.9391,17031.88,4.216,82.7085,1276.25,22.8399,4.7483,1.7154,60.693,1.5686,37.539,16.372,
2018-11-01,1.1393,128.52,1.9558,N/A,25.879,7.4604,N/A,0.88173,322.96,N/A,N/A,N/A,4.3269,N/A,4.664,10.3158,N/A,N/A,1.143,137.9,9.515,7.436,74.8346,N/A,6.3245,1.5857,4.2078,1.4904,7.9046,8.9293,17192.3,4.2245,83.68,1285.7,22.9917,4.7674,1.719,60.642,1.5701,37.529,16.6021,
2018-10-31,1.1318,128.15,1.9558,N/A,25.922,7.4614,N/A,0.88873,325.1,N/A,N/A,N/A,4.3392,N/A,4.6643,10.4015,N/A,N/A,1.1399,137.7,9.5528,7.4325,74.4074,N/A,6.2255,1.5972,4.1943,1.4856,7.8935,8.8787,17206.19,4.2119,83.7305,1291.1,22.9029,4.736,1.7322,60.471,1.5696,37.535,16.7942,
2018-10-30,1.1372,128.28,1.9558,N/A,25.87,7.4614,N/A,0.89148,324.95,N/A,N/A,N/A,4.3307,N/A,4.667,10.42,N/A,N/A,1.1386,137.7,9.5435,7.4315,74.6963,N/A,6.2613,1.6025,4.2282,1.4941,7.9203,8.9229,17301.42,4.2159,83.728,1295.91,22.7513,4.7558,1.7349,60.862,1.5739,37.88,16.6291,
2018-10-29,1.1381,127.92,1.9558,N/A,25.849,7.4614,N/A,0.88788,324.4,N/A,N/A,N/A,4.3182,N/A,4.6647,10.391,N/A,N/A,1.1384,137.5,9.513,7.4316,74.6394,N/A,6.3105,1.6061,4.1231,1.4917,7.9195,8.927,17320.74,4.217,83.5595,1297.35,22.3632,4.7538,1.7401,61.101,1.5737,37.796,16.4761,
2018-10-26,1.1345,127.13,1.9558,N/A,25.86,7.4607,N/A,0.8868,324.41,N/A,N/A,N/A,4.3177,N/A,4.6606,10.4025,N/A,N/A,1.1367,137.1,9.516,7.4325,74.7073,N/A,6.3949,1.6142,4.2125,1.4916,7.8801,8.895,17252.4,4.2028,83.34,1298.16,22.1824,4.7498,1.7535,60.877,1.5705,37.569,16.6992,
2018-10-25,1.1416,128.27,1.9558,N/A,25.831,7.461,N/A,0.88533,323.91,N/A,N/A,N/A,4.3094,N/A,4.6647,10.393,N/A,N/A,1.1407,137.1,9.4898,7.4319,74.8575,N/A,6.4446,1.6095,4.2357,1.4893,7.9276,8.9502,17338.05,4.2083,83.6525,1296.4,22.255,4.7599,1.7473,61.283,1.5744,37.57,16.5315,
2018-10-24,1.1389,128.37,1.9558,N/A,25.833,7.4604,N/A,0.88233,323.22,N/A,N/A,N/A,4.3053,N/A,4.659,10.359,N/A,N/A,1.1373,137.3,9.4868,7.4273,74.369,N/A,6.4991,1.6067,4.2198,1.49,7.909,8.9308,17307.86,4.1927,83.3255,1291.15,22.0293,4.7452,1.7408,61.207,1.5724,37.481,16.3455,
2018-10-23,1.1478,128.76,1.9558,N/A,25.814,7.4603,N/A,0.88103,322.81,N/A,N/A,N/A,4.296,N/A,4.667,10.3606,N/A,N/A,1.1424,136.3,9.5053,7.4275,75.0301,N/A,6.6227,1.6243,4.2412,1.5047,7.9613,8.999,17435.02,4.2086,84.4435,1305.81,22.2469,4.7778,1.7514,61.716,1.5822,37.705,16.4759,
2018-10-22,1.1494,129.63,1.9558,N/A,25.848,7.4603,N/A,0.88425,323.12,N/A,N/A,N/A,4.2905,N/A,4.6669,10.331,N/A,N/A,1.1456,135.2,9.4688,7.4325,75.0427,N/A,6.509,1.6185,4.259,1.5044,7.9801,9.0107,17467.72,4.2038,84.546,1300.75,22.182,4.7797,1.7492,61.841,1.5855,37.672,16.425,
2018-10-19,1.147,129.05,1.9558,N/A,25.867,7.4606,N/A,0.8802,323.2,N/A,N/A,N/A,4.3017,N/A,4.6665,10.3358,N/A,N/A,1.1421,134.5,9.4518,7.4295,75.2418,N/A,6.4544,1.6065,4.2362,1.4947,7.9489,8.9915,17420.06,4.1957,84.123,1296.11,21.8911,4.7681,1.7379,61.605,1.58,37.358,16.4499,
2018-10-18,1.1505,129.44,1.9558,N/A,25.863,7.4606,N/A,0.87843,322.42,N/A,N/A,N/A,4.2989,N/A,4.6683,10.333,N/A,N/A,1.1451,136.8,9.4598,7.421,75.505,N/A,6.419,1.6119,4.2453,1.5009,7.9835,9.0192,17480.12,4.2009,84.685,1306.55,21.8143,4.7821,1.7522,62.137,1.5863,37.512,16.4104,
2018-10-17,1.153,129.43,1.9558,N/A,25.843,7.4604,N/A,0.87945,322.55,N/A,N/A,N/A,4.294,N/A,4.6658,10.3148,N/A,N/A,1.1453,137.2,9.4293,7.4165,75.6506,N/A,6.5818,1.619,4.309,1.4957,7.9887,9.0373,17489.57,4.2076,84.8915,1299.48,21.7267,4.7881,1.7563,62.181,1.5867,37.542,16.4471,
2018-10-16,1.1587,129.92,1.9558,N/A,25.821,7.4609,N/A,0.87593,322.06,N/A,N/A,N/A,4.289,N/A,4.668,10.3165,N/A,N/A,1.1444,135.8,9.4198,7.4168,75.8119,N/A,6.707,1.6243,4.3017,1.501,8.0095,9.0806,17570.93,4.2225,85.12,1301.92,21.7751,4.8083,1.7604,62.381,1.5925,37.733,16.5064,
2018-10-15,1.1581,129.53,1.9558,N/A,25.798,7.4609,N/A,0.88045,323.45,N/A,N/A,N/A,4.2942,N/A,4.6673,10.392,N/A,N/A,1.1428,134.6,9.4598,7.4135,75.924,N/A,6.686,1.6231,4.3498,1.5085,8.0135,9.0767,17614.7,4.2011,85.4735,1307.61,21.8192,4.8131,1.7723,62.649,1.5945,37.841,16.7129,
2018-10-12,1.1574,129.99,1.9558,N/A,25.777,7.4602,N/A,0.8764,324.15,N/A,N/A,N/A,4.2936,N/A,4.6613,10.3593,N/A,N/A,1.147,134.4,9.4675,7.4115,76.2999,N/A,6.802,1.6236,4.3784,1.5054,8.0043,9.0696,17598.27,4.2,85.1445,1309.22,21.8434,4.8084,1.7768,62.581,1.5932,37.882,16.7,
2018-10-11,1.1575,130,1.9558,N/A,25.848,7.4603,N/A,0.8749,324.97,N/A,N/A,N/A,4.3167,N/A,4.6673,10.412,N/A,N/A,1.143,134.4,9.5063,7.417,76.9207,N/A,6.9401,1.6314,4.327,1.5102,7.9982,9.0723,17634.51,4.2084,85.7615,1320.7,22.1014,4.814,1.7852,62.54,1.5969,37.914,16.8958,
2018-10-10,1.15,130.23,1.9558,N/A,25.807,7.4601,N/A,0.87448,325.05,N/A,N/A,N/A,4.3096,N/A,4.664,10.48,N/A,N/A,1.1412,133.6,9.4468,7.41,76.183,N/A,6.9886,1.6206,4.2893,1.4907,7.9621,9.0126,17483.45,4.1707,85.3605,1307.75,21.9436,4.776,1.7792,62.307,1.5904,37.864,16.8243,
2018-10-09,1.1435,129.45,1.9558,N/A,25.805,7.4592,N/A,0.8768,325.29,N/A,N/A,N/A,4.3155,N/A,4.6675,10.4445,N/A,N/A,1.1381,132,9.4915,7.42,76.3635,N/A,7.0183,1.6203,4.3112,1.4861,7.9185,8.959,17486,4.1617,85.084,1301.02,21.7228,4.7541,1.7784,62.027,1.5859,37.85,17.1823,
2018-10-08,1.1478,130.11,1.9558,N/A,25.737,7.4599,N/A,0.8801,324.94,N/A,N/A,N/A,4.3081,N/A,4.6675,10.4463,N/A,N/A,1.1396,131.6,9.5083,7.4225,76.7075,N/A,7.0434,1.6242,4.3093,1.4915,7.9502,8.9874,17466.65,4.1605,85.008,1304.77,21.636,4.7685,1.7795,62.051,1.5894,37.826,17.061,
2018-10-05,1.1506,131.03,1.9558,N/A,25.742,7.4589,N/A,0.88165,324.59,N/A,N/A,N/A,4.3045,N/A,4.6708,10.4438,N/A,N/A,1.1433,131.1,9.5133,7.4225,76.6706,N/A,7.0963,1.627,4.4216,1.4862,7.9033,9.0137,17466.11,4.1782,84.8835,1298.24,21.88,4.775,1.7784,62.455,1.589,37.745,16.9754,
2018-10-04,1.1502,131.31,1.9558,N/A,25.78,7.4567,N/A,0.8858,324.43,N/A,N/A,N/A,4.3071,N/A,4.6723,10.4015,N/A,N/A,1.1409,130.9,9.4643,7.424,76.6491,N/A,7.0525,1.6234,4.5116,1.48,7.9006,9.0114,17448.53,4.1862,84.628,1298.27,21.9097,4.7699,1.7706,62.482,1.587,37.537,16.8813,
2018-10-03,1.1548,131.47,1.9558,N/A,25.779,7.4567,N/A,0.88895,322.87,N/A,N/A,N/A,4.2956,N/A,4.6648,10.3795,N/A,N/A,1.1412,130.9,9.4443,7.427,75.7812,N/A,7.0058,1.6146,4.4737,1.482,7.9321,9.0498,17401.61,4.2007,84.717,1293.3,21.6818,4.7809,1.7617,62.677,1.589,37.398,16.6031,
2018-10-02,1.1543,131.46,1.9558,N/A,25.788,7.4561,N/A,0.89043,323.47,N/A,N/A,N/A,4.2907,N/A,4.6671,10.3815,N/A,N/A,1.1354,129.7,9.4393,7.4316,75.4537,N/A,6.9419,1.6081,4.6002,1.4795,7.9287,9.0442,17366.44,4.2098,84.7,1290.52,21.6631,4.7805,1.7523,62.68,1.5862,37.365,16.6012,
2018-10-01,1.1606,132.25,1.9558,N/A,25.765,7.4557,N/A,0.89078,323.04,N/A,N/A,N/A,4.2796,N/A,4.6605,10.33,N/A,N/A,1.1414,129.3,9.4465,7.433,76.1229,N/A,6.908,1.607,4.6869,1.4867,7.972,9.0848,17304.55,4.2251,84.6215,1290.16,21.5632,4.8049,1.7572,62.733,1.5903,37.418,16.4326,
2018-09-28,1.1576,131.23,1.9558,N/A,25.731,7.4564,N/A,0.8873,324.37,N/A,N/A,N/A,4.2774,N/A,4.6638,10.309,N/A,N/A,1.1316,128.7,9.4665,7.4346,76.1422,N/A,6.965,1.6048,4.6535,1.5064,7.9662,9.0579,17249.98,4.2118,83.916,1285.75,21.78,4.789,1.7505,62.648,1.5839,37.448,16.4447,
2018-09-27,1.1707,132.15,1.9558,N/A,25.715,7.4591,N/A,0.88973,323.7,N/A,N/A,N/A,4.2779,N/A,4.6701,10.3208,N/A,N/A,1.1371,128.7,9.5015,7.4318,76.9011,N/A,7.0415,1.62,4.729,1.5301,8.055,9.1478,17450.33,4.2188,84.983,1301.82,22.0889,4.8398,1.7638,63.357,1.5976,37.96,16.5152,
2018-09-26,1.1737,132.61,1.9558,N/A,25.605,7.4584,N/A,0.8908,323.85,N/A,N/A,N/A,4.2826,N/A,4.6611,10.3763,N/A,N/A,1.1369,128.9,9.5465,7.4275,77.4075,N/A,7.182,1.6202,4.7985,1.5214,8.0685,9.1676,17532.2,4.2117,85.219,1309.19,22.3375,4.8603,1.7668,63.728,1.6027,38.098,16.7827,
2018-09-25,1.1777,132.78,1.9558,N/A,25.613,7.4597,N/A,0.89425,324.08,N/A,N/A,N/A,4.293,N/A,4.6618,10.3515,N/A,N/A,1.1376,130.7,9.5713,7.4285,77.3603,N/A,7.2323,1.6234,4.8532,1.5262,8.0958,9.1974,17571,4.2159,85.6125,1316.95,22.3696,4.8672,1.7696,63.999,1.6083,38.193,16.9294,
2018-09-24,1.1773,132.56,1.9558,N/A,25.615,7.4597,N/A,0.89458,323.49,N/A,N/A,N/A,4.3009,N/A,4.6579,10.3563,N/A,N/A,1.129,129.8,9.5693,7.4265,77.5752,N/A,7.3093,1.6187,4.7822,1.5231,8.0729,9.1941,17512.34,4.2079,85.5665,1315.12,22.1852,4.8611,1.7651,63.84,1.6061,38.139,16.7591,
2018-09-21,1.1759,132.44,1.9558,N/A,25.585,7.4597,N/A,0.894,324.05,N/A,N/A,N/A,4.2946,N/A,4.6581,10.3315,N/A,N/A,1.1228,129.4,9.5793,7.4278,78.5108,N/A,7.3935,1.6154,4.792,1.5197,8.0503,9.184,17424.92,4.2043,84.8905,1312.42,22.2132,4.8565,1.7606,63.657,1.6042,38.14,16.8918,
2018-09-20,1.1769,131.98,1.9558,N/A,25.56,7.4592,N/A,0.8859,323.75,N/A,N/A,N/A,4.2925,N/A,4.6545,10.335,N/A,N/A,1.1312,129.6,9.5885,7.4265,78.067,N/A,7.432,1.6158,4.839,1.5174,8.0559,9.2313,17471,4.2052,84.751,1316.62,22.0233,4.8694,1.7643,63.436,1.6064,38.055,17.0297,
2018-09-19,1.1667,130.94,1.9558,N/A,25.434,7.4597,N/A,0.88813,323.39,N/A,N/A,N/A,4.2951,N/A,4.6523,10.3878,N/A,N/A,1.1304,128.4,9.547,7.4285,78.0688,N/A,7.3236,1.6109,4.8582,1.5136,7.9983,9.1515,17355,4.1775,84.4515,1308.76,21.8681,4.8336,1.7684,63.023,1.5993,37.871,17.1004,
2018-09-18,1.1697,131.21,1.9558,N/A,25.448,7.4602,N/A,0.88963,323.82,N/A,N/A,N/A,4.3008,N/A,4.6492,10.4179,N/A,N/A,1.1245,127.6,9.5473,7.4295,79.1659,N/A,7.5053,1.6244,4.8481,1.5237,8.0317,9.1755,17379.4,4.1891,85.361,1315.11,22.0671,4.8455,1.7752,63.311,1.6031,38.091,17.4579,
2018-09-17,1.1671,130.79,1.9558,N/A,25.457,7.4594,N/A,0.88875,324.5,N/A,N/A,N/A,4.2955,N/A,4.6431,10.4527,N/A,N/A,1.1236,127.8,9.562,7.4298,79.4113,N/A,7.3332,1.6258,4.8942,1.5193,8.0139,9.1579,17351.27,4.1866,84.6355,1312.95,21.971,4.83,1.7742,63.211,1.6017,38.071,17.4715,
2018-09-14,1.1689,130.75,1.9558,N/A,25.473,7.4596,N/A,0.89228,323.63,N/A,N/A,N/A,4.3049,N/A,4.6467,10.546,N/A,N/A,1.1274,128.6,9.6245,7.4333,79.2016,N/A,7.1474,1.626,4.8921,1.5206,8.012,9.1725,17305.56,4.1698,83.946,1307.93,21.9805,4.8375,1.7778,63.179,1.6012,38.071,17.3338,
2018-09-13,1.162,129.68,1.9558,N/A,25.52,7.4596,N/A,0.89,325.11,N/A,N/A,N/A,4.3098,N/A,4.6388,10.446,N/A,N/A,1.1265,131.1,9.573,7.436,79.4322,N/A,7.2068,1.6167,4.8214,1.5112,7.9542,9.1204,17199.92,4.1552,83.7,1302.88,22.0335,4.8159,1.7743,62.814,1.5938,37.904,17.1545,
2018-09-12,1.1585,129.13,1.9558,N/A,25.59,7.4594,N/A,0.89028,325.73,N/A,N/A,N/A,4.3099,N/A,4.638,10.474,N/A,N/A,1.1277,132.1,9.6328,7.435,80.1609,N/A,7.3781,1.6268,4.7859,1.5137,7.9588,9.0934,17174.76,4.1524,83.6705,1307.37,22.176,4.8037,1.7772,62.64,1.5945,37.981,17.4368,
2018-09-11,1.1574,128.82,1.9558,N/A,25.646,7.4595,N/A,0.89068,324.77,N/A,N/A,N/A,4.3094,N/A,4.6323,10.485,N/A,N/A,1.1276,131.5,9.679,7.4205,81.2488,N/A,7.4953,1.631,4.8011,1.5231,7.9499,9.085,17210.54,4.147,84.0965,1306.14,22.35,4.8044,1.7773,62.497,1.5945,38.009,17.4677,
2018-09-10,1.1571,128.54,1.9558,N/A,25.648,7.4579,N/A,0.8934,325.08,N/A,N/A,N/A,4.3169,N/A,4.6308,10.4683,N/A,N/A,1.1267,129.5,9.703,7.4203,81.2688,N/A,7.4763,1.6257,4.7135,1.5268,7.9413,9.0831,17187.56,4.15,83.8375,1306.49,22.3173,4.8021,1.7706,62.397,1.5966,38.017,17.5532,
2018-09-07,1.1615,128.74,1.9558,N/A,25.697,7.458,N/A,0.89275,324.65,N/A,N/A,N/A,4.3081,N/A,4.6413,10.5163,N/A,N/A,1.1217,129.5,9.7745,7.4253,80.6765,N/A,7.4772,1.6219,4.715,1.5238,7.9476,9.1175,17213.43,4.1637,83.32,1304.07,22.2326,4.8165,1.7647,62.453,1.5976,38.08,17.553,
2018-09-06,1.1634,129.55,1.9558,N/A,25.715,7.4567,N/A,0.89824,326.49,N/A,N/A,N/A,4.3183,N/A,4.6385,10.5908,N/A,N/A,1.1275,127.8,9.776,7.4341,79.5747,N/A,7.6282,1.6164,4.7918,1.5338,7.9451,9.1324,17323.54,4.1706,83.7175,1304.76,22.3653,4.812,1.7633,62.592,1.6,38.13,17.8233,
2018-09-05,1.1582,129.17,1.9558,N/A,25.746,7.4559,N/A,0.90328,327.81,N/A,N/A,N/A,4.3249,N/A,4.6378,10.5408,N/A,N/A,1.1288,127,9.7485,7.43,79.2265,N/A,7.724,1.6144,4.8364,1.5263,7.9128,9.0913,17297.72,4.1894,83.1035,1299.75,22.66,4.8088,1.7637,62.273,1.5965,38.035,17.9906,
2018-09-04,1.1562,128.6,1.9558,N/A,25.728,7.4546,N/A,0.90058,327.51,N/A,N/A,N/A,4.3046,N/A,4.6328,10.5645,N/A,N/A,1.1261,126.1,9.717,7.4303,79.0289,N/A,7.7188,1.6091,4.8358,1.5234,7.9079,9.0758,17268,4.189,82.7665,1292.13,22.4548,4.7861,1.7649,61.95,1.5911,37.952,17.6197,
2018-09-03,1.1609,129.03,1.9558,N/A,25.749,7.4536,N/A,0.90158,326.58,N/A,N/A,N/A,4.2952,N/A,4.6338,10.5806,N/A,N/A,1.1268,125.1,9.702,7.4328,79.083,N/A,7.7104,1.6109,4.7859,1.5175,7.9219,9.1129,17290.44,4.1992,82.6735,1291.04,22.3082,4.7908,1.7565,62.141,1.5925,38.014,17.2753,
2018-08-31,1.1651,129.05,1.9558,N/A,25.735,7.4558,N/A,0.8974,326.25,N/A,N/A,N/A,4.2913,N/A,4.6437,10.6205,N/A,N/A,1.1281,124.7,9.7148,7.438,79.0967,N/A,7.6386,1.6129,4.8591,1.5192,7.9664,9.1453,17230,4.1994,82.7245,1301.91,22.3628,4.7967,1.7559,62.318,1.5965,38.175,17.1728,
2018-08-30,1.1692,130.32,1.9558,N/A,25.749,7.4568,N/A,0.89758,326.32,N/A,N/A,N/A,4.2882,N/A,4.6437,10.644,N/A,N/A,1.1339,125.1,9.72,7.4405,79.2207,N/A,7.856,1.6015,4.8221,1.5117,7.9887,9.1773,17175.55,4.222,82.715,1297.53,22.2356,4.8048,1.7534,62.532,1.5968,38.239,17.01,
2018-08-29,1.166,129.73,1.9558,N/A,25.745,7.4571,N/A,0.905,324.63,N/A,N/A,N/A,4.2838,N/A,4.6417,10.6923,N/A,N/A,1.1385,124.9,9.7475,7.437,79.4075,N/A,7.5236,1.5989,4.8451,1.5093,7.9626,9.1524,17087.73,4.2432,82.3405,1299.27,22.3252,4.8076,1.7413,62.375,1.5941,38.14,16.8176,
2018-08-28,1.171,130.03,1.9558,N/A,25.713,7.4574,N/A,0.9068,323.79,N/A,N/A,N/A,4.2723,N/A,4.6464,10.6633,N/A,N/A,1.1427,124.7,9.7243,7.4325,79.0727,N/A,7.3316,1.5924,4.7909,1.5128,7.9641,9.1922,17122.36,4.2431,82.0965,1294.67,21.9495,4.797,1.7444,62.387,1.5945,38.098,16.5894,
2018-08-27,1.1633,129.16,1.9558,N/A,25.744,7.4582,N/A,0.90365,323.87,N/A,N/A,N/A,4.271,N/A,4.6423,10.6095,N/A,N/A,1.1428,124.6,9.6988,7.4375,78.2795,N/A,7.2082,1.5886,4.7606,1.5182,7.9396,9.1318,17015.88,4.2281,81.623,1294.41,21.8104,4.7777,1.7415,61.997,1.5884,37.929,16.6464,
2018-08-24,1.1588,128.97,1.9558,N/A,25.744,7.4592,N/A,0.902,324.3,N/A,N/A,N/A,4.2788,N/A,4.6393,10.5843,N/A,N/A,1.1398,125,9.6938,7.4385,78.239,N/A,7.0204,1.5868,4.7375,1.5143,7.9326,9.0965,16950.93,4.2086,81.0115,1292.41,21.9191,4.75,1.7384,61.882,1.5863,37.887,16.5129,
2018-08-23,1.1579,128.31,1.9558,N/A,25.713,7.459,N/A,0.89878,323.82,N/A,N/A,N/A,4.2782,N/A,4.638,10.5183,N/A,N/A,1.1383,125,9.6483,7.4373,78.5871,N/A,7.0273,1.5888,4.6976,1.5089,7.9643,9.0895,16940.08,4.2102,81.1815,1299.75,21.7438,4.7532,1.7352,61.928,1.5864,37.956,16.4705,
2018-08-22,1.1616,128.08,1.9558,N/A,25.725,7.4588,N/A,0.89928,322.94,N/A,N/A,N/A,4.2821,N/A,4.6485,10.5075,N/A,N/A,1.1401,124.8,9.6808,7.4295,78.9307,N/A,7.0071,1.5785,4.6912,1.5126,7.947,9.1184,16936.13,4.223,81.19,1298.95,21.8821,4.7655,1.7319,62.028,1.586,38.019,16.5803,
2018-08-21,1.1502,127.01,1.9558,N/A,25.737,7.4584,N/A,0.8974,323.43,N/A,N/A,N/A,4.3081,N/A,4.6415,10.5118,N/A,N/A,1.1372,124.2,9.705,7.4195,77.6921,N/A,7.0657,1.5657,4.5623,1.4978,7.8748,9.029,16787.17,4.2054,80.3015,1287.79,21.7805,4.7164,1.7281,61.471,1.5736,37.646,16.6146,
2018-08-20,1.142,126.25,1.9558,N/A,25.706,7.4588,N/A,0.89478,323.53,N/A,N/A,N/A,4.3037,N/A,4.649,10.4918,N/A,N/A,1.1366,123,9.672,7.417,76.7235,N/A,6.9863,1.5631,4.4818,1.4927,7.8351,8.9645,16661.78,4.1814,79.74,1281.69,21.63,4.6828,1.7255,60.953,1.5665,37.726,16.6561,
2018-08-17,1.1391,125.75,1.9558,N/A,25.729,7.4578,N/A,0.89575,323.88,N/A,N/A,N/A,4.3115,N/A,4.6558,10.4935,N/A,N/A,1.1338,122.8,9.6795,7.4225,76.8166,N/A,7.0282,1.567,4.5001,1.4976,7.842,8.9412,16674.15,4.1815,79.9195,1282.38,21.7831,4.6811,1.7254,60.876,1.5651,37.869,16.9966,
2018-08-16,1.137,126.02,1.9558,N/A,25.702,7.4573,N/A,0.89498,324.51,N/A,N/A,N/A,4.3142,N/A,4.6603,10.4663,N/A,N/A,1.1299,123.6,9.613,7.4225,76.2551,N/A,6.6368,1.5647,4.4228,1.4942,7.8396,8.925,16611.57,4.1953,79.807,1284.56,21.6972,4.659,1.7267,60.765,1.5648,37.822,16.5835,
2018-08-15,1.1321,125.67,1.9558,N/A,25.705,7.4574,N/A,0.8913,324.93,N/A,N/A,N/A,4.3284,N/A,4.6553,10.4033,N/A,N/A,1.1289,124.2,9.5508,7.4218,75.9875,N/A,6.9375,1.5669,4.4264,1.4833,7.8298,8.8869,16528.66,4.181,79.1635,1285.49,21.6735,4.6456,1.7267,60.692,1.5627,37.773,16.5709,
2018-08-14,1.1406,126.42,1.9558,N/A,25.692,7.4545,N/A,0.893,322.74,N/A,N/A,N/A,4.2993,N/A,4.6565,10.3718,N/A,N/A,1.1298,124,9.5275,7.4248,75.853,N/A,7.4283,1.5696,4.4144,1.4909,7.8488,8.9537,16629.95,4.2106,79.7315,1286.6,21.6516,4.6624,1.7277,61.011,1.5669,37.953,16.1844,
2018-08-13,1.1403,126.11,1.9558,N/A,25.656,7.4536,N/A,0.8933,323.9,N/A,N/A,N/A,4.2965,N/A,4.6588,10.4093,N/A,N/A,1.1338,124.2,9.5295,7.427,77.4814,N/A,7.8651,1.567,4.4554,1.4996,7.8537,8.9511,16642.68,4.2227,79.8405,1294.47,21.895,4.6667,1.7335,60.963,1.5689,38.069,16.3821,
2018-08-10,1.1456,127.07,1.9558,N/A,25.635,7.4544,N/A,0.89675,322.77,N/A,N/A,N/A,4.2911,N/A,4.6583,10.4258,N/A,N/A,1.1391,124.6,9.533,7.4333,76.8097,N/A,6.9309,1.5675,4.3904,1.5002,7.8468,8.9928,16583.56,4.2485,78.852,1293.54,21.6533,4.6809,1.7365,60.833,1.5708,38.114,15.9272,
2018-08-09,1.1593,128.84,1.9558,N/A,25.57,7.4566,N/A,0.8994,320.2,N/A,N/A,N/A,4.2739,N/A,4.6491,10.3875,N/A,N/A,1.1512,124.4,9.5443,7.4383,76.5157,N/A,6.2639,1.5626,4.3939,1.5111,7.9053,9.1003,16705.51,4.2714,79.5825,1298.03,21.5453,4.7247,1.7421,61.479,1.5805,38.46,15.645,
2018-08-08,1.1589,128.72,1.9558,N/A,25.578,7.4534,N/A,0.90085,319.26,N/A,N/A,N/A,4.2597,N/A,4.643,10.3878,N/A,N/A,1.1544,124,9.5303,7.432,75.0618,N/A,6.1257,1.5647,4.3533,1.5158,7.9231,9.0971,16728.72,4.2698,79.5295,1298.58,21.4471,4.7188,1.7202,61.466,1.5814,38.499,15.5607,
2018-08-07,1.1602,128.88,1.9558,N/A,25.606,7.452,N/A,0.89483,319.94,N/A,N/A,N/A,4.2523,N/A,4.6433,10.3245,N/A,N/A,1.153,123.8,9.5003,7.4176,73.5837,N/A,6.1448,1.5599,4.3051,1.5047,7.9171,9.1065,16741.69,4.2749,79.685,1299.37,21.3613,4.7296,1.7191,61.279,1.5822,38.519,15.4174,
2018-08-06,1.1543,128.68,1.9558,N/A,25.65,7.452,N/A,0.8928,320.54,N/A,N/A,N/A,4.2731,N/A,4.6272,10.304,N/A,N/A,1.1513,123.8,9.5325,7.418,73.4661,N/A,5.9627,1.5629,4.2788,1.5032,7.9066,9.0605,16703,4.2784,79.49,1299.27,21.4484,4.709,1.7154,61.036,1.5799,38.496,15.4967,
2018-08-03,1.1588,129.3,1.9558,N/A,25.657,7.4526,N/A,0.8905,320.75,N/A,N/A,N/A,4.2612,N/A,4.6202,10.3193,N/A,N/A,1.1528,123.6,9.541,7.4068,73.3448,N/A,5.8958,1.5689,4.3394,1.5085,7.9195,9.0955,16760.07,4.2798,79.512,1303.12,21.63,4.7164,1.717,61.503,1.5838,38.547,15.4869,
2018-08-02,1.1617,129.43,1.9558,N/A,25.589,7.4515,N/A,0.89145,321.83,N/A,N/A,N/A,4.282,N/A,4.6227,10.3003,N/A,N/A,1.155,124,9.546,7.4068,73.4819,N/A,5.872,1.5781,4.3906,1.5144,7.9518,9.1185,16815.61,4.285,79.7915,1312.72,21.7923,4.7351,1.7204,61.69,1.5877,38.69,15.6218,
2018-08-01,1.1696,130.81,1.9558,N/A,25.59,7.4514,N/A,0.8904,321.36,N/A,N/A,N/A,4.272,N/A,4.624,10.2995,N/A,N/A,1.1589,123.4,9.538,7.402,73.4672,N/A,5.7654,1.5767,4.4028,1.5231,7.9519,9.1807,16889.02,4.2968,79.9705,1307.4,21.804,4.7556,1.7187,61.94,1.5922,38.725,15.5145,
2018-07-31,1.1736,130.84,1.9558,N/A,25.598,7.4499,N/A,0.8922,320.43,N/A,N/A,N/A,4.277,N/A,4.6255,10.257,N/A,N/A,1.1592,122.8,9.5338,7.402,73.2097,N/A,5.7319,1.5804,4.3818,1.5298,8.0178,9.2114,16923.31,4.3022,80.4445,1312.79,21.782,4.7631,1.7213,62.318,1.5976,39.01,15.3676,
2018-07-30,1.1684,129.79,1.9558,N/A,25.624,7.4493,N/A,0.8907,322.02,N/A,N/A,N/A,4.2773,N/A,4.6238,10.2503,N/A,N/A,1.1598,122.8,9.529,7.4005,72.9792,N/A,5.7078,1.5795,4.3334,1.5245,7.9712,9.1696,16814.44,4.282,80.1965,1305.99,21.716,4.7408,1.7165,62.114,1.5914,38.908,15.4007,
2018-07-27,1.1625,129.25,1.9558,N/A,25.622,7.45,N/A,0.88823,323.15,N/A,N/A,N/A,4.2918,N/A,4.629,10.301,N/A,N/A,1.1597,122.8,9.5358,7.4008,73.2503,N/A,5.673,1.5765,4.3472,1.5193,7.9454,9.1241,16760.34,4.2661,79.8465,1300.18,21.6713,4.725,1.7179,61.979,1.586,38.897,15.3967,
2018-07-26,1.1716,129.91,1.9558,N/A,25.647,7.4517,N/A,0.8886,324.43,N/A,N/A,N/A,4.2835,N/A,4.6318,10.2738,N/A,N/A,1.1616,122.2,9.5455,7.4025,73.856,N/A,5.6454,1.5792,4.3523,1.5287,7.9464,9.1949,16935.48,4.2593,80.448,1311.82,21.902,4.76,1.7186,62.559,1.5943,39.038,15.4559,
2018-07-25,1.169,129.8,1.9558,N/A,25.675,7.4513,N/A,0.88855,325.92,N/A,N/A,N/A,4.2996,N/A,4.6275,10.2925,N/A,N/A,1.1598,124.2,9.5485,7.402,73.5813,N/A,5.6563,1.5766,4.3539,1.5341,7.9047,9.1714,16884.57,4.2545,80.364,1312.47,21.9426,4.7409,1.7173,62.291,1.5931,38.893,15.4426,
2018-07-24,1.1706,130.06,1.9558,N/A,25.761,7.4504,N/A,0.89178,326.64,N/A,N/A,N/A,4.3179,N/A,4.6398,10.3278,N/A,N/A,1.1626,124.6,9.5605,7.3975,73.4444,N/A,5.7054,1.5797,4.4184,1.5393,7.9561,9.1846,16972.88,4.2709,80.71,1320.85,22.0446,4.755,1.7192,62.366,1.5967,39.051,15.6041,
2018-07-23,1.1716,130.18,1.9558,N/A,25.848,7.4509,N/A,0.8917,326.02,N/A,N/A,N/A,4.32,N/A,4.6464,10.3488,N/A,N/A,1.1614,124.6,9.5533,7.3978,73.9197,N/A,5.5624,1.5821,4.4322,1.5387,7.9508,9.1948,16976.63,4.2618,80.673,1328.95,22.3736,4.7602,1.7204,62.593,1.5979,39.167,15.8205,
2018-07-20,1.167,130.94,1.9558,N/A,25.875,7.452,N/A,0.89445,325.63,N/A,N/A,N/A,4.3229,N/A,4.6523,10.3908,N/A,N/A,1.1633,124,9.5905,7.3956,74.0532,N/A,5.5879,1.5818,4.4364,1.5443,7.921,9.1597,16941.92,4.2458,80.321,1322.71,22.1573,4.7453,1.7251,62.292,1.596,39.013,15.7066,
2018-07-19,1.1588,130.98,1.9558,N/A,25.92,7.4537,N/A,0.89298,325.77,N/A,N/A,N/A,4.328,N/A,4.6575,10.3565,N/A,N/A,1.1622,124.4,9.5763,7.3938,73.5585,N/A,5.5957,1.5804,4.4874,1.5351,7.8553,9.0963,16773.63,4.2393,80.0155,1320.68,22.1067,4.7231,1.7229,62.18,1.5909,38.797,15.6003,
2018-07-18,1.1611,130.92,1.9558,N/A,25.853,7.4544,N/A,0.89118,323.94,N/A,N/A,N/A,4.3103,N/A,4.656,10.312,N/A,N/A,1.1611,124.4,9.5023,7.3928,73.3067,N/A,5.6121,1.5794,4.4804,1.5389,7.8042,9.1141,16725.65,4.2315,79.684,1316.94,22.0778,4.7071,1.7175,62.163,1.5883,38.734,15.506,
2018-07-17,1.1707,131.81,1.9558,N/A,25.875,7.454,N/A,0.88725,323.35,N/A,N/A,N/A,4.3007,N/A,4.6617,10.3003,N/A,N/A,1.1648,124.6,9.4875,7.3915,73.1793,N/A,5.6613,1.581,4.5281,1.5403,7.8324,9.1888,16822.96,4.2514,80.1405,1319.73,22.1732,4.7267,1.7191,62.495,1.5941,38.949,15.5376,
2018-07-16,1.172,131.65,1.9558,N/A,25.883,7.4549,N/A,0.8827,322.14,N/A,N/A,N/A,4.3013,N/A,4.6558,10.3333,N/A,N/A,1.1696,125.2,9.479,7.3945,72.922,N/A,5.6893,1.5773,4.509,1.5399,7.8273,9.1989,16847.5,4.265,80.3515,1320.93,22.034,4.7382,1.7262,62.691,1.5954,38.981,15.4493,
2018-07-13,1.1643,131.04,1.9558,N/A,25.924,7.4555,N/A,0.88488,324.06,N/A,N/A,N/A,4.321,N/A,4.6578,10.376,N/A,N/A,1.1704,125.2,9.483,7.3963,72.4844,N/A,5.6467,1.5764,4.5373,1.5358,7.8012,9.1387,16787.23,4.2441,79.732,1319.7,22.1768,4.7106,1.728,62.291,1.5919,38.841,15.5187,
2018-07-12,1.1658,131.13,1.9558,N/A,25.938,7.4554,N/A,0.88263,325.28,N/A,N/A,N/A,4.3272,N/A,4.6588,10.335,N/A,N/A,1.1642,125.4,9.4443,7.3975,72.4169,N/A,5.6364,1.5778,4.5049,1.5369,7.778,9.1494,16766.54,4.2559,79.8805,1312.52,22.0857,4.7089,1.724,62.378,1.5889,38.775,15.6488,
2018-07-11,1.1735,130.53,1.9558,N/A,25.929,7.4541,N/A,0.88482,324.66,N/A,N/A,N/A,4.3214,N/A,4.6602,10.2745,N/A,N/A,1.1653,125.4,9.4458,7.396,72.7507,N/A,5.6103,1.5869,4.4923,1.5421,7.8359,9.2111,16857.33,4.2664,80.7045,1318.67,22.3622,4.7374,1.7266,62.893,1.5968,39.042,15.821,
2018-07-10,1.1713,130.3,1.9558,N/A,25.898,7.4536,N/A,0.88338,324.84,N/A,N/A,N/A,4.3208,N/A,4.6585,10.2438,N/A,N/A,1.1649,125.4,9.4145,7.398,73.2605,N/A,5.5065,1.5739,4.5513,1.5382,7.7767,9.1926,16799.96,4.2668,80.617,1308.63,22.4121,4.7099,1.7188,62.647,1.5893,38.875,15.7331,
2018-07-09,1.1789,130.21,1.9558,N/A,25.858,7.4534,N/A,0.88345,322.74,N/A,N/A,N/A,4.3204,N/A,4.6585,10.2548,N/A,N/A,1.1646,125.2,9.4218,7.4113,73.8901,N/A,5.3262,1.5755,4.5564,1.5415,7.7967,9.2526,16887.74,4.2656,80.9585,1309.88,22.4356,4.7504,1.7198,62.89,1.5949,39.022,15.6915,
2018-07-06,1.1724,129.65,1.9558,N/A,25.942,7.4528,N/A,0.88595,324.35,N/A,N/A,N/A,4.3675,N/A,4.6608,10.291,N/A,N/A,1.1634,125.2,9.4425,7.4065,74.0505,N/A,5.4038,1.5809,4.6279,1.5397,7.7937,9.2013,16847.39,4.2625,80.746,1310.92,22.466,4.7424,1.7186,62.519,1.5948,38.9,15.9388,
2018-07-05,1.1709,129.53,1.9558,N/A,25.938,7.4507,N/A,0.8831,322.95,N/A,N/A,N/A,4.3577,N/A,4.6625,10.2363,N/A,N/A,1.1613,124.8,9.441,7.397,73.7787,N/A,5.4002,1.5821,4.5521,1.5374,7.7672,9.1887,16843.4,4.2492,80.73,1309.08,22.5827,4.7339,1.7256,62.468,1.5965,38.874,15.8715,
2018-07-04,1.1642,128.64,1.9558,N/A,26.028,7.4507,N/A,0.88108,325.65,N/A,N/A,N/A,4.379,N/A,4.6656,10.251,N/A,N/A,1.1557,125.25,9.4433,7.394,73.6646,N/A,5.4692,1.5763,4.5346,1.5306,7.7207,9.1307,16709,4.2524,80.027,1301.2,22.6786,4.7104,1.7217,62.158,1.5891,38.622,15.9628,
2018-07-03,1.1665,129.09,1.9558,N/A,26.073,7.4506,N/A,0.8835,327.35,N/A,N/A,N/A,4.3915,N/A,4.6615,10.3123,N/A,N/A,1.1573,124.6,9.4655,7.3845,73.6468,N/A,5.4444,1.5761,4.5429,1.5344,7.7481,9.1506,16766.1,4.2521,79.931,1298.07,22.9451,4.7208,1.7281,62.249,1.5921,38.681,15.9718,
2018-07-02,1.1639,128.86,1.9558,N/A,25.998,7.4504,N/A,0.8865,329.81,N/A,N/A,N/A,4.3893,N/A,4.6578,10.449,N/A,N/A,1.1563,124,9.5015,7.3846,73.4691,N/A,5.3743,1.5825,4.5227,1.5342,7.7586,9.1325,16760.16,4.265,80.0705,1303.87,23.332,4.7093,1.7315,62.137,1.5925,38.589,16.071,
2018-06-29,1.1658,129.04,1.9558,N/A,26.02,7.4525,N/A,0.88605,329.77,N/A,N/A,N/A,4.3732,N/A,4.6631,10.453,N/A,N/A,1.1569,123.4,9.5115,7.386,73.1582,N/A,5.3385,1.5787,4.4876,1.5442,7.717,9.1468,16654.04,4.2627,79.813,1296.72,22.8817,4.708,1.7247,62.174,1.5896,38.565,16.0484,
2018-06-28,1.1583,127.63,1.9558,N/A,26.001,7.4509,N/A,0.8852,328.07,N/A,N/A,N/A,4.3631,N/A,4.6584,10.4191,N/A,N/A,1.1556,124.2,9.474,7.382,73.0951,N/A,5.3305,1.5778,4.4822,1.5398,7.6728,9.0906,16598.44,4.2271,79.683,1300.27,23.2921,4.6824,1.7135,61.96,1.5831,38.363,16.0621,
2018-06-27,1.1616,128.08,1.9558,N/A,25.777,7.4507,N/A,0.88173,326.8,N/A,N/A,N/A,4.3363,N/A,4.6553,10.3503,N/A,N/A,1.1536,124.4,9.4785,7.3806,73.359,N/A,5.37,1.5725,4.4152,1.5443,7.6649,9.1158,16484.27,4.2353,79.694,1298.88,23.1817,4.6795,1.7046,62.157,1.5834,38.333,15.8948,
2018-06-26,1.1672,127.95,1.9558,N/A,25.9,7.451,N/A,0.8816,326,N/A,N/A,N/A,4.341,N/A,4.6669,10.3383,N/A,N/A,1.1543,125.2,9.4718,7.381,73.5257,N/A,5.4053,1.5778,4.4051,1.5549,7.6749,9.1608,16548.56,4.2356,79.7095,1306.32,23.237,4.6956,1.6998,62.714,1.5892,38.523,15.8232,
2018-06-25,1.17,128.21,1.9558,N/A,25.935,7.4517,N/A,0.8804,325.42,N/A,N/A,N/A,4.337,N/A,4.669,10.3623,N/A,N/A,1.1549,126.2,9.4703,7.3825,73.3376,N/A,5.4557,1.5742,4.4042,1.5542,7.6468,9.181,16561.35,4.2243,79.645,1303.95,23.4457,4.6959,1.6947,62.535,1.593,38.563,15.8282,
2018-06-22,1.1648,128.3,1.9558,N/A,25.792,7.4526,N/A,0.87663,324.05,N/A,N/A,N/A,4.3148,N/A,4.6663,10.295,N/A,N/A,1.1534,126.6,9.4328,7.3788,73.5314,N/A,5.4639,1.5681,4.3617,1.5459,7.5689,9.1393,16429.21,4.2134,79.03,1293.76,23.5466,4.6621,1.688,62.079,1.5822,38.369,15.7165,
2018-06-21,1.1538,127.59,1.9558,N/A,25.863,7.452,N/A,0.8737,326.15,N/A,N/A,N/A,4.3256,N/A,4.6723,10.3248,N/A,N/A,1.1496,126.6,9.4253,7.379,73.5577,N/A,5.4754,1.5664,4.3567,1.5381,7.4977,9.0528,16261.4,4.1816,78.4145,1280.79,23.5286,4.6331,1.6846,61.637,1.5714,37.995,15.758,
2018-06-20,1.1578,127.39,1.9558,N/A,25.835,7.4525,N/A,0.87878,324.15,N/A,N/A,N/A,4.3152,N/A,4.6695,10.2755,N/A,N/A,1.1537,125.8,9.4693,7.3836,73.6225,N/A,5.4943,1.5688,4.3273,1.5398,7.4953,9.0847,16320.23,4.2085,78.86,1281.98,23.6794,4.6318,1.6853,61.864,1.5718,37.987,15.8367,
2018-06-19,1.1534,126.78,1.9558,N/A,25.811,7.4529,N/A,0.87693,324.33,N/A,N/A,N/A,4.3143,N/A,4.668,10.3227,N/A,N/A,1.1501,126.2,9.4895,7.386,73.805,N/A,5.4971,1.5695,4.3536,1.5319,7.4765,9.0534,16337.37,4.2054,78.867,1287.91,23.8447,4.6176,1.6747,61.521,1.5685,37.878,15.9903,
2018-06-18,1.1613,128.27,1.9558,N/A,25.739,7.45,N/A,0.87655,323.02,N/A,N/A,N/A,4.2876,N/A,4.6658,10.2223,N/A,N/A,1.1554,125.7,9.434,7.3795,73.4609,N/A,5.4821,1.561,4.3472,1.5307,7.478,9.1156,16348.9,4.2146,79.0145,1282.56,23.9739,4.6423,1.6712,62.013,1.568,37.951,15.6275,
2018-06-15,1.1596,128.31,1.9558,N/A,25.714,7.4503,N/A,0.8732,323.04,N/A,N/A,N/A,4.2807,N/A,4.6628,10.1713,N/A,N/A,1.1575,124.7,9.432,7.3801,72.5401,N/A,5.4671,1.5518,4.3761,1.5223,7.4463,9.102,16221.59,4.1977,78.8705,1272.93,24.0902,4.6382,1.6676,61.881,1.5619,37.606,15.5659,
2018-06-14,1.173,129.15,1.9558,N/A,25.651,7.4499,N/A,0.87683,321.09,N/A,N/A,N/A,4.2671,N/A,4.6655,10.16,N/A,N/A,1.1585,124.64,9.4268,7.3843,72.7553,N/A,5.4251,1.5514,4.3312,1.5222,7.5009,9.2058,16343.04,4.2229,79.2925,1269.54,24.0641,4.675,1.6656,62.354,1.5665,37.712,15.3722,
2018-06-13,1.1764,130.03,1.9558,N/A,25.711,7.4503,N/A,0.8821,320.35,N/A,N/A,N/A,4.2766,N/A,4.665,10.136,N/A,N/A,1.1616,125.5,9.4373,7.38,73.8286,N/A,5.4603,1.5506,4.3587,1.5313,7.5293,9.2325,16426.44,4.2179,79.534,1275.88,24.3141,4.6985,1.6713,62.616,1.5711,37.798,15.5908,
2018-06-12,1.1788,130.03,1.9558,N/A,25.652,7.4503,N/A,0.88175,319.89,N/A,N/A,N/A,4.2754,N/A,4.6605,10.155,N/A,N/A,1.1615,125.1,9.4435,7.3815,73.9972,N/A,5.3762,1.5506,4.3608,1.5335,7.5496,9.2499,16465.01,4.2213,79.5015,1272.14,24.2869,4.7121,1.6781,62.551,1.5738,37.839,15.5183,
2018-06-11,1.179,129.62,1.9558,N/A,25.682,7.4492,N/A,0.8818,321.65,N/A,N/A,N/A,4.2669,N/A,4.659,10.253,N/A,N/A,1.1631,124.9,9.5013,7.3788,73.7903,N/A,5.3296,1.5501,4.3902,1.5348,7.5518,9.2508,16477.11,4.2125,79.498,1268.16,24.0675,4.7019,1.6764,62.558,1.5737,37.822,15.4991,
2018-06-08,1.1754,128.64,1.9558,N/A,25.795,7.4476,N/A,0.87733,319.7,N/A,N/A,N/A,4.2793,N/A,4.6593,10.287,N/A,N/A,1.1572,124.7,9.5085,7.383,73.4773,N/A,5.2798,1.5496,4.5149,1.5274,7.5333,9.2222,16373.32,4.2009,79.342,1263.46,24.0774,4.6867,1.6734,62.068,1.5702,37.683,15.3821,
2018-06-07,1.1836,130.26,1.9558,N/A,25.64,7.4483,N/A,0.88123,317.36,N/A,N/A,N/A,4.2603,N/A,4.6555,10.2515,N/A,N/A,1.1613,124.3,9.5013,7.3848,73.3086,N/A,5.291,1.5457,4.5872,1.5313,7.566,9.2868,16425.02,4.2236,79.438,1266.42,24.0536,4.7036,1.6789,62.175,1.5757,37.792,15.1353,
2018-06-06,1.1765,129.57,1.9558,N/A,25.648,7.4436,N/A,0.87683,318.64,N/A,N/A,N/A,4.2753,N/A,4.6534,10.276,N/A,N/A,1.1629,123.7,9.5238,7.3878,72.9345,N/A,5.4078,1.5365,4.4924,1.515,7.523,9.2328,16300.41,4.1957,78.731,1255.45,23.9686,4.6704,1.6702,61.697,1.5685,37.53,15.0421,
2018-06-05,1.1675,128.08,1.9558,N/A,25.653,7.4425,N/A,0.8739,318.68,N/A,N/A,N/A,4.2886,N/A,4.6526,10.2498,N/A,N/A,1.1515,123.5,9.5008,7.383,72.816,N/A,5.3857,1.5335,4.3926,1.5158,7.477,9.1611,16208.4,4.1743,78.3975,1250.33,23.7975,4.6524,1.6636,61.223,1.5593,37.337,14.8229,
2018-06-04,1.1737,128.44,1.9558,N/A,25.696,7.4434,N/A,0.87673,318.64,N/A,N/A,N/A,4.2848,N/A,4.6548,10.2583,N/A,N/A,1.1546,122.5,9.503,7.379,72.6626,N/A,5.4193,1.5311,4.3893,1.5148,7.5166,9.2091,16281.57,4.1836,78.712,1254.88,23.3661,4.6655,1.6654,61.647,1.5655,37.511,14.7053,
2018-06-01,1.1669,127.74,1.9558,N/A,25.827,7.4441,N/A,0.8768,319.84,N/A,N/A,N/A,4.3162,N/A,4.665,10.2943,N/A,N/A,1.1531,122.1,9.5323,7.385,72.5972,N/A,5.3991,1.5494,4.3681,1.5142,7.4883,9.1547,16195.41,4.1437,78.314,1254.17,23.2834,4.6536,1.6737,61.375,1.5617,37.376,14.8313,
2018-05-31,1.1699,127.33,1.9558,N/A,25.797,7.4436,N/A,0.8768,318.89,N/A,N/A,N/A,4.3058,N/A,4.6508,10.2683,N/A,N/A,1.1526,122.9,9.5375,7.387,72.5759,N/A,5.2628,1.5414,4.3626,1.5038,7.4951,9.1818,16269.8,4.181,78.802,1261.25,23.2461,4.6562,1.6681,61.507,1.5656,37.472,14.7031,
2018-05-30,1.1632,126.76,1.9558,N/A,25.835,7.4432,N/A,0.875,319.57,N/A,N/A,N/A,4.3135,N/A,4.6443,10.2783,N/A,N/A,1.1513,122.9,9.5463,7.3893,72.3836,N/A,5.1818,1.5409,4.3112,1.5093,7.4673,9.1268,16223.91,4.1631,78.388,1255.41,22.8815,4.6359,1.6686,61.208,1.5588,37.292,14.6156,
2018-05-29,1.1558,125.88,1.9558,N/A,25.907,7.4429,N/A,0.87143,320.05,N/A,N/A,N/A,4.311,N/A,4.647,10.3173,N/A,N/A,1.1517,122.94,9.5618,7.3903,72.3479,N/A,5.334,1.5366,4.3415,1.5058,7.4174,9.0681,16205.24,4.1615,78.406,1248.51,22.8237,4.606,1.6711,60.836,1.5565,37.067,14.6465,
2018-05-28,1.1644,127.33,1.9558,N/A,25.731,7.4474,N/A,0.87465,319.42,N/A,N/A,N/A,4.3053,N/A,4.636,10.2373,N/A,N/A,1.1577,123.2,9.5113,7.395,72.6316,N/A,5.3482,1.541,4.2953,1.5114,7.4508,9.1354,16324.88,4.1573,78.528,1250.83,22.765,4.6316,1.6756,61.112,1.5615,37.272,14.4979,
2018-05-25,1.1675,127.72,1.9558,N/A,25.765,7.4485,N/A,0.8754,319.9,N/A,N/A,N/A,4.309,N/A,4.6297,10.1922,N/A,N/A,1.1593,123.8,9.4888,7.3905,72.4935,N/A,5.5153,1.5424,4.2554,1.5126,7.4611,9.1589,16475.1,4.1552,79.1505,1259.55,22.8883,4.6467,1.6882,61.441,1.5652,37.29,14.5938,
2018-05-24,1.1728,128.46,1.9558,N/A,25.809,7.4496,N/A,0.87475,319.27,N/A,N/A,N/A,4.3031,N/A,4.627,10.2518,N/A,N/A,1.1607,123.8,9.481,7.3946,72.1879,N/A,5.5804,1.5519,4.2794,1.5111,7.4868,9.2043,16583.53,4.1922,80.193,1264.77,23.0952,4.6648,1.6946,61.628,1.5726,37.577,14.6043,
2018-05-23,1.1708,128.61,1.9558,N/A,25.813,7.4495,N/A,0.87953,319.53,N/A,N/A,N/A,4.3088,N/A,4.6294,10.2906,N/A,N/A,1.1598,123.8,9.5063,7.3913,72.2643,N/A,5.7086,1.5544,4.304,1.5109,7.4797,9.1904,16642.92,4.1882,80.1055,1266.75,23.355,4.6627,1.6977,61.432,1.5754,37.641,14.8062,
2018-05-22,1.1794,130.7,1.9558,N/A,25.702,7.4478,N/A,0.87688,317.45,N/A,N/A,N/A,4.2862,N/A,4.6265,10.2158,N/A,N/A,1.1738,123.6,9.49,7.3868,72.3491,N/A,5.4704,1.5543,4.317,1.5066,7.5112,9.2565,16674.36,4.2061,80.2105,1267.93,23.2842,4.679,1.6991,61.645,1.5772,37.758,14.8008,
2018-05-21,1.1759,130.84,1.9558,N/A,25.68,7.4471,N/A,0.8764,319.4,N/A,N/A,N/A,4.3138,N/A,4.6217,10.2555,N/A,N/A,1.1753,123.4,9.5285,7.3815,73.3644,N/A,5.4012,1.5619,4.3714,1.5139,7.5097,9.23,16670.14,4.2163,80.128,1274.86,23.522,4.6801,1.703,61.604,1.5803,37.899,15.1352,
2018-05-18,1.1781,130.69,1.9558,N/A,25.59,7.4483,N/A,0.87325,317.68,N/A,N/A,N/A,4.295,N/A,4.6323,10.3073,N/A,N/A,1.1773,123.4,9.5773,7.384,73.215,N/A,5.2714,1.5673,4.3831,1.5074,7.5147,9.248,16666.58,4.2313,80.1115,1273.37,23.2982,4.6794,1.7049,61.742,1.5828,37.929,14.943,
2018-05-17,1.1805,130.66,1.9558,N/A,25.557,7.4481,N/A,0.8735,316.58,N/A,N/A,N/A,4.2899,N/A,4.6319,10.295,N/A,N/A,1.1819,123.2,9.5565,7.3803,73.1549,N/A,5.2497,1.5681,4.3286,1.5077,7.5174,9.2666,16588.39,4.2382,79.9645,1275.6,23.168,4.6854,1.7125,61.711,1.5845,37.859,14.8009,
2018-05-16,1.1784,129.83,1.9558,N/A,25.545,7.4487,N/A,0.87418,317.27,N/A,N/A,N/A,4.2889,N/A,4.635,10.2903,N/A,N/A,1.1792,123,9.5715,7.383,73.5977,N/A,5.2178,1.5741,4.3294,1.5161,7.5137,9.2504,16582.15,4.2351,79.8925,1274.5,23.2843,4.6712,1.7115,61.715,1.5824,37.874,14.7584,
2018-05-15,1.1883,130.77,1.9558,N/A,25.551,7.4492,N/A,0.879,316.93,N/A,N/A,N/A,4.2837,N/A,4.6331,10.2928,N/A,N/A,1.191,122.6,9.5673,7.3833,73.822,N/A,5.2719,1.5857,4.3439,1.5253,7.5606,9.328,16715.82,4.281,80.872,1279.12,23.4398,4.7009,1.7222,62.424,1.5908,38.049,14.8389,
2018-05-14,1.1988,131.27,1.9558,N/A,25.488,7.4505,N/A,0.8824,315.37,N/A,N/A,N/A,4.2629,N/A,4.629,10.2958,N/A,N/A,1.1965,122.2,9.5653,7.3835,73.8057,N/A,5.1748,1.5861,4.2927,1.5301,7.5973,9.4103,16747.24,4.2881,80.9545,1280.74,23.1847,4.7359,1.7246,62.861,1.598,38.17,14.6926,
2018-05-11,1.1934,130.44,1.9558,N/A,25.506,7.4498,N/A,0.88,314.97,N/A,N/A,N/A,4.2584,N/A,4.6345,10.2635,N/A,N/A,1.1933,122.4,9.5425,7.3893,73.5704,N/A,5.1025,1.5801,4.2486,1.5197,7.5572,9.3681,16672.69,4.256,80.36,1273.07,22.9796,4.7713,1.711,62.551,1.5917,38.028,14.6515,
2018-05-10,1.1878,130.22,1.9558,N/A,25.498,7.4496,N/A,0.8781,313.85,N/A,N/A,N/A,4.2443,N/A,4.6388,10.315,N/A,N/A,1.1908,122.4,9.547,7.3885,73.707,N/A,5.0429,1.5865,4.2464,1.5172,7.5419,9.3241,16664.83,4.2529,79.8905,1270.74,23.0556,4.77,1.7144,61.768,1.5925,38.081,14.7041,
2018-05-09,1.1879,130.24,1.9558,N/A,25.564,7.4495,N/A,0.87445,315.12,N/A,N/A,N/A,4.2656,N/A,4.6448,10.3473,N/A,N/A,1.1895,122.4,9.6045,7.3875,74.9194,N/A,5.0824,1.5923,4.2451,1.5299,7.5628,9.3248,16713.75,4.266,79.901,1279.55,23.2043,4.7332,1.6995,61.694,1.5921,38.078,14.9351,
2018-05-08,1.187,129.45,1.9558,N/A,25.526,7.4503,N/A,0.8793,314.91,N/A,N/A,N/A,4.2792,N/A,4.6495,10.476,N/A,N/A,1.1906,122,9.6233,7.392,75.1187,N/A,5.0904,1.5929,4.2233,1.5398,7.5586,9.3178,16718.9,4.2699,79.63,1278.9,23.1788,4.7106,1.7019,61.616,1.5883,37.877,14.9131,
2018-05-07,1.1902,130.15,1.9558,N/A,25.518,7.4486,N/A,0.8801,314.34,N/A,N/A,N/A,4.2537,N/A,4.6563,10.5383,N/A,N/A,1.1964,121.8,9.619,7.3985,74.8299,N/A,5.0827,1.5882,4.2162,1.5338,7.5778,9.3428,16735.4,4.3121,79.904,1288.09,23.0215,4.6947,1.7013,61.763,1.5917,37.944,14.973,
2018-05-04,1.1969,130.37,1.9558,N/A,25.503,7.4492,N/A,0.88235,313.87,N/A,N/A,N/A,4.2543,N/A,4.662,10.5715,N/A,N/A,1.195,122.2,9.644,7.404,75.4816,N/A,5.0963,1.5915,4.2446,1.541,7.6113,9.3952,16729.91,4.3342,80.027,1288.32,22.9276,4.7134,1.7067,61.847,1.5962,38.008,15.1135,
2018-05-03,1.1992,131.03,1.9558,N/A,25.585,7.4497,N/A,0.8818,314.06,N/A,N/A,N/A,4.2628,N/A,4.6658,10.6045,N/A,N/A,1.1958,122.2,9.6465,7.4153,76.0875,N/A,5.036,1.5926,4.2367,1.5404,7.6135,9.4131,16708.75,4.3519,79.8965,1288.96,22.8159,4.7094,1.7041,61.995,1.5962,37.931,15.1399,
2018-05-02,1.2007,131.84,1.9558,N/A,25.601,7.4488,N/A,0.8804,314.04,N/A,N/A,N/A,4.2755,N/A,4.6635,10.6174,N/A,N/A,1.1957,122.2,9.6958,7.411,76.4,N/A,4.9813,1.5987,4.2293,1.5401,7.6353,9.425,16762.27,4.3354,80.0455,1291.54,22.7479,4.7223,1.7103,62.301,1.6025,38.092,15.1336,
2018-04-30,1.2079,132.12,1.9558,N/A,25.542,7.4501,N/A,0.8796,313.55,N/A,N/A,N/A,4.2264,N/A,4.6614,10.4993,N/A,N/A,1.1968,122.2,9.662,7.41,75.9587,N/A,4.8896,1.6013,4.1932,1.5542,7.6574,9.4801,16796.15,4.3378,80.1685,1292.04,22.5977,4.7409,1.7145,62.452,1.6016,38.145,15.0121,
2018-04-27,1.207,131.95,1.9558,N/A,25.471,7.4501,N/A,0.877,312.84,N/A,N/A,N/A,4.2161,N/A,4.6615,10.5178,N/A,N/A,1.196,122.6,9.659,7.4195,75.4175,N/A,4.8882,1.5975,4.1992,1.5549,7.6517,9.4731,16723.29,4.3376,80.4645,1291.82,22.6929,4.7231,1.7116,62.392,1.6005,38.117,14.9637,
2018-04-26,1.2168,132.87,1.9558,N/A,25.472,7.4509,N/A,0.871,312.8,N/A,N/A,N/A,4.236,N/A,4.6538,10.4478,N/A,N/A,1.1976,123,9.6735,7.4226,76.5029,N/A,4.9531,1.607,4.2322,1.5618,7.6962,9.5493,16886.75,4.3507,81.224,1310.55,22.8454,4.7652,1.7194,63.269,1.6141,38.396,15.0737,
2018-04-25,1.2185,133.03,1.9558,N/A,25.466,7.4489,N/A,0.8738,313.2,N/A,N/A,N/A,4.2241,N/A,4.6453,10.422,N/A,N/A,1.1986,123,9.705,7.4185,75.7073,N/A,5.0008,1.6118,4.2705,1.5704,7.7048,9.5625,16961.52,4.3776,81.6095,1320.61,23.2194,4.7712,1.7232,63.773,1.6199,38.486,15.2415,
2018-04-24,1.2213,132.92,1.9558,N/A,25.437,7.4478,N/A,0.87468,312.83,N/A,N/A,N/A,4.1996,N/A,4.653,10.3775,N/A,N/A,1.1944,123.25,9.629,7.4194,75.2566,N/A,4.9985,1.6038,4.2085,1.5662,7.7012,9.5829,16941.1,4.345,81.0765,1314.66,22.9992,4.7698,1.7134,63.747,1.6154,38.41,15.0663,
2018-04-23,1.2238,132.38,1.9558,N/A,25.408,7.4477,N/A,0.8764,311.38,N/A,N/A,N/A,4.1893,N/A,4.6577,10.3763,N/A,N/A,1.1941,123.2,9.6258,7.4153,75.6527,N/A,5.0079,1.601,4.1981,1.5649,7.7208,9.5974,17059.77,4.3308,81.2845,1318.33,22.9,4.7636,1.7052,64.073,1.6188,38.537,14.96,
2018-04-20,1.2309,132.41,1.9558,N/A,25.34,7.4477,N/A,0.87608,310.52,N/A,N/A,N/A,4.1677,N/A,4.6586,10.3703,N/A,N/A,1.197,123.3,9.605,7.411,75.7375,N/A,4.9803,1.5983,4.1892,1.5557,7.7449,9.6568,17142.74,4.3435,81.39,1316.26,22.7424,4.7924,1.7032,64.179,1.6172,38.552,14.8008,
2018-04-19,1.2382,132.88,1.9558,N/A,25.327,7.4478,N/A,0.86975,310.37,N/A,N/A,N/A,4.1664,N/A,4.657,10.3778,N/A,N/A,1.1976,123.3,9.5825,7.412,75.2875,N/A,4.9838,1.5892,4.1925,1.5606,7.7717,9.7182,17070.75,4.3437,81.458,1314.38,22.4668,4.8085,1.6938,64.432,1.6208,38.644,14.7813,
2018-04-18,1.2388,132.82,1.9558,N/A,25.303,7.4478,N/A,0.87105,310.16,N/A,N/A,N/A,4.1697,N/A,4.6539,10.4033,N/A,N/A,1.1979,123.3,9.6095,7.4178,76.1846,N/A,5.071,1.5953,4.2047,1.5572,7.7826,9.7245,17055.8,4.3566,81.346,1319.56,22.2671,4.8171,1.6912,64.458,1.6236,38.688,14.8175,
2018-04-17,1.2357,132.35,1.9558,N/A,25.254,7.4474,N/A,0.8628,310.84,N/A,N/A,N/A,4.1602,N/A,4.6468,10.3913,N/A,N/A,1.1908,122.6,9.598,7.4135,76.3214,N/A,5.0734,1.591,4.2158,1.5511,7.7639,9.7001,17021.77,4.3548,81.108,1320.61,22.2075,4.8058,1.6837,64.594,1.6192,38.566,14.8492,
2018-04-16,1.237,132.77,1.9558,N/A,25.265,7.4473,N/A,0.86465,310.3,N/A,N/A,N/A,4.1627,N/A,4.6508,10.4045,N/A,N/A,1.1878,122,9.595,7.4128,76.942,N/A,5.0816,1.5928,4.23,1.5596,7.7726,9.7104,17039.98,4.3327,81.0175,1328.33,22.3399,4.8057,1.6853,64.387,1.6221,38.644,14.9467,
2018-04-13,1.2317,132.64,1.9558,N/A,25.307,7.4467,N/A,0.864,311.13,N/A,N/A,N/A,4.1763,N/A,4.6603,10.3798,N/A,N/A,1.1854,121.6,9.5643,7.4165,76.2186,N/A,5.0411,1.5801,4.1979,1.5482,7.7363,9.6687,16939.57,4.3316,80.316,1316.26,22.3162,4.7714,1.6703,63.969,1.6158,38.367,14.8457,
2018-04-12,1.2323,132.04,1.9558,N/A,25.316,7.4451,N/A,0.86745,311.4,N/A,N/A,N/A,4.1844,N/A,4.6615,10.3723,N/A,N/A,1.1876,122,9.5973,7.4213,75.8954,N/A,5.0473,1.5893,4.1482,1.5517,7.7452,9.6734,16968.15,4.3322,80.417,1319.86,22.3815,4.777,1.67,64.102,1.6155,38.448,14.7838,
2018-04-11,1.2384,132.26,1.9558,N/A,25.323,7.4449,N/A,0.8736,311.74,N/A,N/A,N/A,4.1915,N/A,4.6627,10.2863,N/A,N/A,1.1855,121.6,9.6213,7.426,80.0075,N/A,5.1832,1.598,4.2333,1.5625,7.7815,9.7212,17046.58,4.3549,80.8735,1324.61,22.6527,4.7982,1.6812,64.379,1.6204,38.601,14.9678,
2018-04-10,1.2361,132.28,1.9558,N/A,25.335,7.4468,N/A,0.87183,311.82,N/A,N/A,N/A,4.193,N/A,4.662,10.2855,N/A,N/A,1.1792,121.9,9.647,7.4295,77.4609,N/A,5.0622,1.5976,4.206,1.5645,7.7741,9.703,16997.61,4.3312,80.3375,1319.5,22.5778,4.7831,1.6806,64.236,1.6202,38.603,14.9028,
2018-04-09,1.2304,131.66,1.9558,N/A,25.357,7.4469,N/A,0.87088,312.1,N/A,N/A,N/A,4.1952,N/A,4.6634,10.296,N/A,N/A,1.179,121.3,9.5883,7.432,74.113,N/A,5.0018,1.605,4.149,1.5726,7.7686,9.6576,16958.23,4.3397,79.9545,1316.69,22.5884,4.7641,1.6871,63.999,1.6158,38.475,14.9162,
2018-04-06,1.2234,131.32,1.9558,N/A,25.339,7.4474,N/A,0.87295,312.56,N/A,N/A,N/A,4.1983,N/A,4.6636,10.2983,N/A,N/A,1.1798,121.3,9.586,7.424,70.827,N/A,4.9644,1.5934,4.1111,1.565,7.7138,9.6014,16850.5,4.3262,79.481,1310.95,22.3317,4.7363,1.6884,63.69,1.6138,38.28,14.7757,
2018-04-05,1.226,131.26,1.9558,N/A,25.327,7.4472,N/A,0.87395,310.96,N/A,N/A,N/A,4.2041,N/A,4.6623,10.314,N/A,N/A,1.1796,121.5,9.5875,7.432,70.6251,N/A,4.9543,1.594,4.0452,1.5659,7.7302,9.6232,16884.17,4.3349,79.601,1299.41,22.179,4.7431,1.6799,63.83,1.6113,38.331,14.6219,
2018-04-04,1.2276,130.43,1.9558,N/A,25.34,7.4499,N/A,0.87573,311.67,N/A,N/A,N/A,4.2035,N/A,4.66,10.3175,N/A,N/A,1.1776,121.5,9.6345,7.4324,70.9668,N/A,4.9262,1.5978,4.1316,1.5756,7.7409,9.6355,16899.76,4.3493,79.954,1306.45,22.52,4.7609,1.685,64.022,1.6136,38.363,14.6328,
2018-04-03,1.2308,130.76,1.9558,N/A,25.367,7.4492,N/A,0.87523,312.24,N/A,N/A,N/A,4.2087,N/A,4.661,10.2968,N/A,N/A,1.1775,121.5,9.6338,7.432,70.8835,N/A,4.8967,1.5994,4.0742,1.5818,7.7351,9.6602,16935.95,4.34,80.014,1297.87,22.3936,4.7702,1.6964,64.034,1.6114,38.376,14.5517,
2018-03-29,1.2321,131.15,1.9558,N/A,25.425,7.453,N/A,0.8749,312.13,N/A,N/A,N/A,4.2106,N/A,4.6565,10.2843,N/A,N/A,1.1779,121.5,9.677,7.4323,70.8897,N/A,4.8976,1.6036,4.0938,1.5895,7.7468,9.6696,16933.98,4.3262,80.296,1310.89,22.5249,4.7658,1.7098,64.374,1.6158,38.478,14.621,
2018-03-28,1.2398,131.6,1.9558,N/A,25.462,7.4513,N/A,0.87605,312.51,N/A,N/A,N/A,4.2072,N/A,4.6525,10.28,N/A,N/A,1.1801,121.5,9.6423,7.4428,71.3252,N/A,4.9561,1.6132,4.1264,1.5974,7.7971,9.7295,17057.99,4.3353,80.8005,1321.47,22.7725,4.782,1.7075,64.873,1.6214,38.744,14.5029,
2018-03-27,1.2376,131.04,1.9558,N/A,25.473,7.4489,N/A,0.8794,312.85,N/A,N/A,N/A,4.2196,N/A,4.6558,10.2156,N/A,N/A,1.1764,121.7,9.5603,7.4408,70.82,N/A,4.9429,1.607,4.1051,1.5949,7.773,9.7113,17004.62,4.3212,80.413,1328.86,22.7905,4.7971,1.7041,64.955,1.6208,38.65,14.4598,
2018-03-26,1.2411,130.47,1.9558,N/A,25.446,7.4482,N/A,0.87248,312.73,N/A,N/A,N/A,4.23,N/A,4.6593,10.1868,N/A,N/A,1.1739,121.9,9.5613,7.442,70.6897,N/A,4.9464,1.6048,4.0932,1.5997,7.7924,9.7384,17045.27,4.3317,80.5105,1336.99,22.8777,4.8425,1.7029,64.82,1.6274,38.66,14.4937,
2018-03-23,1.2346,129.74,1.9558,N/A,25.405,7.4478,N/A,0.87285,312.9,N/A,N/A,N/A,4.2262,N/A,4.663,10.1943,N/A,N/A,1.1703,122.1,9.5715,7.4398,70.5388,N/A,4.888,1.5978,4.0726,1.5868,7.7975,9.6889,16993.03,4.2984,80.255,1330.3,22.8804,4.8365,1.7024,64.64,1.6216,38.495,14.5204,
2018-03-22,1.2316,129.75,1.9558,N/A,25.399,7.4484,N/A,0.872,311.66,N/A,N/A,N/A,4.2217,N/A,4.6675,10.12,N/A,N/A,1.1671,122.7,9.5308,7.4435,70.32,N/A,4.8372,1.5974,4.0666,1.5889,7.8016,9.6641,16937.58,4.2959,80.183,1330.52,22.7765,4.819,1.7031,64.544,1.6207,38.512,14.5724,
2018-03-21,1.2286,130.5,1.9558,N/A,25.422,7.4486,N/A,0.87403,311.43,N/A,N/A,N/A,4.2364,N/A,4.6678,10.0883,N/A,N/A,1.1709,122.7,9.5028,7.44,70.6217,N/A,4.8352,1.5994,4.0552,1.5947,7.777,9.6397,16909.37,4.2931,80.117,1317.22,22.7879,4.8153,1.7158,64.037,1.6197,38.345,14.7273,
2018-03-20,1.2276,130.72,1.9558,N/A,25.423,7.4485,N/A,0.87715,311.13,N/A,N/A,N/A,4.2277,N/A,4.6663,10.0563,N/A,N/A,1.1721,122.5,9.4863,7.4423,70.8466,N/A,4.8238,1.5934,4.041,1.604,7.7744,9.6295,16893.01,4.2741,80.037,1314.93,23.0086,4.8091,1.7039,63.926,1.6174,38.301,14.6788,
2018-03-19,1.2309,130.65,1.9558,N/A,25.432,7.4484,N/A,0.87593,310.98,N/A,N/A,N/A,4.2171,N/A,4.6677,10.0838,N/A,N/A,1.1717,122.5,9.5205,7.4295,71.3661,N/A,4.8584,1.5994,4.0567,1.6105,7.7944,9.6537,16958.11,4.268,80.2455,1321.16,23.1871,4.8184,1.7066,64.174,1.6223,38.416,14.8916,
2018-03-16,1.2301,130.21,1.9558,N/A,25.415,7.4486,N/A,0.88253,311.04,N/A,N/A,N/A,4.2173,N/A,4.6655,10.0795,N/A,N/A,1.1702,122.7,9.491,7.4308,70.8949,N/A,4.8147,1.586,4.0464,1.6087,7.781,9.6476,16926.64,4.2491,79.867,1313.43,23.0385,4.8079,1.7002,63.909,1.6182,38.379,14.6899,
2018-03-15,1.2341,130.9,1.9558,N/A,25.416,7.4487,N/A,0.8848,311.07,N/A,N/A,N/A,4.2122,N/A,4.6653,10.0943,N/A,N/A,1.1689,123.1,9.5078,7.4438,70.6343,N/A,4.8097,1.5735,4.0579,1.6025,7.7966,9.6773,16977.51,4.2412,80.155,1314.61,23.0643,4.8321,1.6915,64.226,1.6182,38.461,14.6322,
2018-03-14,1.2369,131.77,1.9558,N/A,25.447,7.4493,N/A,0.8863,311.63,N/A,N/A,N/A,4.2023,N/A,4.6625,10.1255,N/A,N/A,1.1704,123.1,9.5728,7.4428,70.4935,N/A,4.7924,1.5644,4.0244,1.5993,7.8089,9.6978,16981.4,4.2434,80.1975,1313.97,22.9785,4.8202,1.6853,64.33,1.6193,38.505,14.5494,
2018-03-13,1.2378,132.31,1.9558,N/A,25.471,7.4486,N/A,0.8865,311.91,N/A,N/A,N/A,4.2119,N/A,4.6619,10.1568,N/A,N/A,1.169,123.1,9.5808,7.4412,70.3046,N/A,4.7822,1.5683,4.0142,1.589,7.8265,9.7031,16973.95,4.2554,80.284,1316.84,22.918,4.8192,1.6842,64.291,1.6224,38.632,14.5787,
2018-03-12,1.2302,131.04,1.9558,N/A,25.448,7.4496,N/A,0.8859,311.89,N/A,N/A,N/A,4.2013,N/A,4.6618,10.1563,N/A,N/A,1.1681,123.1,9.5645,7.445,70.0482,N/A,4.7212,1.5641,4.0087,1.5782,7.7886,9.6447,16937.39,4.2372,79.9785,1312.16,22.9816,4.8033,1.6854,64.07,1.6172,38.542,14.5763,
2018-03-09,1.2291,131.31,1.9558,N/A,25.454,7.4494,N/A,0.88893,311.93,N/A,N/A,N/A,4.2018,N/A,4.657,10.1648,N/A,N/A,1.1695,122.9,9.5948,7.4355,70.1112,N/A,4.6939,1.5772,4.01,1.5848,7.7895,9.637,16976.78,4.2345,80.1315,1315.51,22.881,4.8105,1.6931,64.102,1.6204,38.538,14.6257,
2018-03-08,1.2421,131.83,1.9558,N/A,25.427,7.4505,N/A,0.89465,312.02,N/A,N/A,N/A,4.2042,N/A,4.6588,10.2173,N/A,N/A,1.1731,123.5,9.7135,7.4365,70.6686,N/A,4.7326,1.5912,4.0261,1.6044,7.8696,9.7356,17114.9,4.2852,80.898,1331.33,23.2184,4.8523,1.7102,64.646,1.6339,38.921,14.767,
2018-03-07,1.2417,131.41,1.9558,N/A,25.421,7.4502,N/A,0.89513,311.74,N/A,N/A,N/A,4.1939,N/A,4.6605,10.2383,N/A,N/A,1.1673,123.7,9.6775,7.428,70.6046,N/A,4.7152,1.5909,4.0094,1.6056,7.8484,9.7295,17082.07,4.2978,80.578,1327.71,23.4057,4.8472,1.7063,64.571,1.6323,38.878,14.7815,
2018-03-06,1.2411,131.84,1.9558,N/A,25.38,7.4494,N/A,0.89165,313.11,N/A,N/A,N/A,4.1815,N/A,4.6598,10.1835,N/A,N/A,1.1626,123.7,9.613,7.4275,69.8699,N/A,4.7013,1.584,3.9927,1.5993,7.8538,9.7218,17030.37,4.2905,80.5845,1316.92,23.166,4.8322,1.6985,64.36,1.6325,38.871,14.5449,
2018-03-05,1.2307,130.02,1.9558,N/A,25.404,7.4468,N/A,0.8907,313.76,N/A,N/A,N/A,4.1909,N/A,4.6618,10.1683,N/A,N/A,1.1549,123.7,9.6335,7.4303,70.298,N/A,4.6939,1.5887,4.0096,1.5914,7.803,9.6398,16937.51,4.258,80.1275,1328.69,23.2587,4.8059,1.7026,63.953,1.6238,38.669,14.6176,
2018-03-02,1.2312,129.77,1.9558,N/A,25.409,7.4479,N/A,0.8932,313.88,N/A,N/A,N/A,4.1944,N/A,4.6595,10.1643,N/A,N/A,1.1512,123.9,9.6178,7.4445,70.3851,N/A,4.6998,1.5885,4.0096,1.5858,7.8121,9.6397,16963.47,4.2508,80.3205,1334.84,23.3041,4.8267,1.7014,64.033,1.6261,38.77,14.7068,
2018-03-01,1.2171,129.98,1.9558,N/A,25.434,7.447,N/A,0.8852,313.78,N/A,N/A,N/A,4.1853,N/A,4.6573,10.1185,N/A,N/A,1.1519,123.7,9.66,7.448,69.1788,N/A,4.6435,1.5746,3.974,1.5654,7.729,9.5263,16800.16,4.2397,79.3245,1323.49,23.0364,4.7814,1.6866,63.239,1.615,38.424,14.52,
2018-02-28,1.2214,130.72,1.9558,N/A,25.418,7.4465,N/A,0.88415,313.93,N/A,N/A,N/A,4.1781,N/A,4.663,10.0923,N/A,N/A,1.152,123.7,9.6153,7.4505,68.754,N/A,4.6451,1.5637,3.9615,1.5608,7.7285,9.5595,16793.03,4.2508,79.623,1320.25,22.9437,4.793,1.6905,63.641,1.6162,38.389,14.3677,
2018-02-27,1.2301,131.77,1.9558,N/A,25.398,7.446,N/A,0.884,313.97,N/A,N/A,N/A,4.167,N/A,4.6575,10.08,N/A,N/A,1.1539,123.9,9.629,7.4452,68.7975,N/A,4.6629,1.5698,3.9831,1.5647,7.7665,9.6272,16818.89,4.2822,79.803,1318.51,23.0305,4.8072,1.6918,64.286,1.6235,38.613,14.338,
2018-02-26,1.232,131.6,1.9558,N/A,25.391,7.4459,N/A,0.8782,313.59,N/A,N/A,N/A,4.1697,N/A,4.6625,10.0435,N/A,N/A,1.153,123.7,9.6303,7.4435,68.9399,N/A,4.6579,1.571,3.9857,1.5617,7.7723,9.6387,16834.05,4.3034,79.803,1320.16,22.9176,4.8165,1.6847,63.936,1.6227,38.586,14.2826,
2018-02-23,1.2299,131.28,1.9558,N/A,25.337,7.4469,N/A,0.8794,312.88,N/A,N/A,N/A,4.1698,N/A,4.655,10.0583,N/A,N/A,1.1505,123.9,9.677,7.4365,69.448,N/A,4.6575,1.572,3.9875,1.5614,7.7914,9.6219,16820.11,4.2918,79.6515,1324.37,22.8385,4.8135,1.6864,63.719,1.6254,38.668,14.2239,
2018-02-22,1.2276,131.47,1.9558,N/A,25.316,7.4462,N/A,0.88343,312.69,N/A,N/A,N/A,4.1819,N/A,4.6555,9.9963,N/A,N/A,1.1508,123.9,9.6893,7.4445,69.6731,N/A,4.6648,1.5699,4.0149,1.5589,7.8085,9.6059,16831.62,4.2935,79.8895,1331.26,23.0731,4.8112,1.6761,63.911,1.6232,38.761,14.3835,
2018-02-21,1.2312,132.41,1.9558,N/A,25.361,7.4465,N/A,0.88463,312.15,N/A,N/A,N/A,4.1589,N/A,4.6615,9.9648,N/A,N/A,1.1551,123.9,9.642,7.4415,69.6656,N/A,4.665,1.5684,4.008,1.5601,7.8112,9.6341,16757.86,4.3072,79.7295,1322.02,23.0516,4.8174,1.6754,64.229,1.6267,38.783,14.3373,
2018-02-20,1.234,132.25,1.9558,N/A,25.318,7.4473,N/A,0.88168,311.78,N/A,N/A,N/A,4.1467,N/A,4.6636,9.9688,N/A,N/A,1.1537,124.3,9.6683,7.4385,69.9071,N/A,4.6566,1.5648,4.0114,1.5553,7.829,9.6549,16819.73,4.322,80.003,1323.7,23.0002,4.8101,1.6782,64.56,1.6272,38.883,14.4916,
2018-02-19,1.241,132.24,1.9558,N/A,25.327,7.448,N/A,0.8859,311.15,N/A,N/A,N/A,4.146,N/A,4.6613,9.9155,N/A,N/A,1.1513,124.7,9.6575,7.4385,70.0709,N/A,4.6575,1.5676,4.0126,1.5592,7.8734,9.7075,16818.58,4.3673,79.7375,1323.97,23.0128,4.8281,1.682,65.1,1.6295,38.943,14.4614,
2018-02-16,1.2464,132.34,1.9558,N/A,25.34,7.4481,N/A,0.88803,311.28,N/A,N/A,N/A,4.1597,N/A,4.6625,9.914,N/A,N/A,1.1521,125.2,9.681,7.438,70.2884,N/A,4.6784,1.5695,4.0314,1.5587,7.9077,9.7479,16848.21,4.4211,80.044,1327.26,23.0626,4.8541,1.6853,65.121,1.6336,39,14.5331,
2018-02-15,1.2493,133.11,1.9558,N/A,25.37,7.4493,N/A,0.8866,311.68,N/A,N/A,N/A,4.1532,N/A,4.662,9.918,N/A,N/A,1.1545,125,9.735,7.4383,70.8097,N/A,4.7046,1.5757,4.0254,1.5604,7.9261,9.7723,16896.85,4.4028,79.849,1330.75,23.126,4.8654,1.6909,65.145,1.6385,39.128,14.5607,
2018-02-14,1.2348,132.4,1.9558,N/A,25.37,7.4488,N/A,0.8904,312.82,N/A,N/A,N/A,4.1719,N/A,4.6606,9.9305,N/A,N/A,1.1519,125.2,9.7148,7.434,70.8493,N/A,4.6929,1.5707,4.0525,1.5528,7.8341,9.6585,16812.73,4.3676,79.1165,1331.19,22.9932,4.8198,1.6873,64.392,1.629,38.797,14.5938,
2018-02-13,1.2333,132.82,1.9558,N/A,25.386,7.4488,N/A,0.88935,312.16,N/A,N/A,N/A,4.1781,N/A,4.6586,9.9388,N/A,N/A,1.1522,125.4,9.7418,7.4357,71.2558,N/A,4.6865,1.5715,4.0642,1.5544,7.8244,9.6467,16822.21,4.3573,79.273,1338.24,22.9778,4.8678,1.6941,64.285,1.6314,38.861,14.778,
2018-02-12,1.2263,133.23,1.9558,N/A,25.358,7.4458,N/A,0.886,311.97,N/A,N/A,N/A,4.1748,N/A,4.6524,9.9195,N/A,N/A,1.1503,125.4,9.7475,7.4525,71.0851,N/A,4.6648,1.5645,4.0415,1.5427,7.7604,9.5892,16722.75,4.3219,78.894,1328.3,22.8364,4.8368,1.6918,63.73,1.6256,38.874,14.6721,
2018-02-09,1.2273,133.59,1.9558,N/A,25.335,7.4437,N/A,0.8874,312.08,N/A,N/A,N/A,4.1903,N/A,4.6563,9.9448,N/A,N/A,1.15,125.2,9.7983,7.4435,71.5055,N/A,4.697,1.5721,4.0244,1.5475,7.7362,9.5985,16763.69,4.3273,79.0045,1336.19,23.0932,4.86,1.6952,63.324,1.6321,39.028,14.8761,
2018-02-08,1.2252,134.31,1.9558,N/A,25.247,7.4422,N/A,0.87513,310.96,N/A,N/A,N/A,4.1695,N/A,4.652,9.8968,N/A,N/A,1.1555,125.2,9.686,7.4398,70.8858,N/A,4.6701,1.5694,4.0034,1.5402,7.7549,9.5795,16721.53,4.2823,78.7715,1335.37,22.9938,4.8183,1.6966,63.308,1.6288,39.01,14.8007,
2018-02-07,1.2338,134.84,1.9558,N/A,25.23,7.443,N/A,0.88675,309.81,N/A,N/A,N/A,4.1595,N/A,4.6555,9.8585,N/A,N/A,1.161,125,9.6618,7.4413,70.5211,N/A,4.6681,1.5684,4.007,1.5445,7.7416,9.6463,16729.4,4.3076,79.2655,1335.72,23.0468,4.8155,1.6897,63.236,1.6291,38.976,14.764,
2018-02-06,1.2329,134.97,1.9558,N/A,25.233,7.4429,N/A,0.88885,310.65,N/A,N/A,N/A,4.1644,N/A,4.6445,9.8685,N/A,N/A,1.1571,125,9.7005,7.4358,70.7106,N/A,4.6647,1.5728,4.0381,1.5488,7.7446,9.6403,16736.62,4.297,79.2415,1339.89,23.192,4.8268,1.6955,63.544,1.6314,38.941,14.8719,
2018-02-05,1.244,136.67,1.9558,N/A,25.196,7.4433,N/A,0.88568,309.6,N/A,N/A,N/A,4.1585,N/A,4.6333,9.8338,N/A,N/A,1.1599,125,9.6108,7.433,70.4985,N/A,4.6774,1.5664,4.0174,1.5468,7.8248,9.7288,16787.78,4.2812,79.7435,1352.64,23.1245,4.8557,1.7025,64.169,1.6387,39.223,14.9635,
2018-02-02,1.2492,137.22,1.9558,N/A,25.192,7.4429,N/A,0.8785,309.49,N/A,N/A,N/A,4.1541,N/A,4.6458,9.8223,N/A,N/A,1.1596,125.2,9.5663,7.4349,70.2938,N/A,4.6795,1.563,3.9993,1.5387,7.855,9.7692,16821.79,4.2897,80.0205,1355.17,23.056,4.8556,1.696,64.49,1.6409,39.225,14.958,
2018-02-01,1.2459,136.62,1.9558,N/A,25.267,7.4428,N/A,0.8752,310.06,N/A,N/A,N/A,4.1543,N/A,4.6548,9.803,N/A,N/A,1.1603,125.01,9.5705,7.4325,70.122,N/A,4.6677,1.5567,3.9488,1.5348,7.8451,9.7429,16717.3,4.2715,79.766,1334.46,23.131,4.864,1.6944,64.33,1.6352,39.071,14.8245,
2018-01-31,1.2457,135.6,1.9558,N/A,25.272,7.4419,N/A,0.8791,310.65,N/A,N/A,N/A,4.1503,N/A,4.6545,9.7645,N/A,N/A,1.1631,N/A,9.562,7.4325,70.0723,N/A,4.6732,1.5357,3.9368,1.529,7.834,9.7413,16662.48,4.2423,79.18,1327.03,23.2262,4.8578,1.6803,63.872,1.6288,39.003,14.782,
2018-01-30,1.2421,134.98,1.9558,N/A,25.33,7.4415,N/A,0.8793,310.38,N/A,N/A,N/A,4.1449,N/A,4.6513,9.7825,N/A,N/A,1.1589,N/A,9.5628,7.4188,69.5888,N/A,4.6833,1.5345,3.928,1.5304,7.8566,9.7117,16630.48,4.2226,79.057,1329.25,23.1289,4.8448,1.6937,63.753,1.628,39.014,14.7979,
2018-01-29,1.2379,134.75,1.9558,N/A,25.297,7.4427,N/A,0.8794,309.34,N/A,N/A,N/A,4.1436,N/A,4.653,9.7823,N/A,N/A,1.1563,N/A,9.5548,7.4218,69.8633,N/A,4.6755,1.5302,3.9209,1.5269,7.8383,9.6783,16586.62,4.2131,78.7055,1324.74,23.0316,4.8116,1.6881,63.642,1.622,38.92,14.8255,
2018-01-26,1.2436,135.95,1.9558,N/A,25.357,7.4428,N/A,0.87335,309.8,N/A,N/A,N/A,4.1422,N/A,4.6663,9.8005,N/A,N/A,1.1632,N/A,9.5655,7.419,69.5246,N/A,4.6635,1.538,3.9149,1.5325,7.8693,9.7222,16558.53,4.215,79.1055,1323.68,23.067,4.8179,1.6943,63.492,1.6259,39.037,14.7883,
2018-01-25,1.2407,135.12,1.9558,N/A,25.381,7.4444,N/A,0.87038,309.35,N/A,N/A,N/A,4.1469,N/A,4.6693,9.8188,N/A,N/A,1.168,N/A,9.5858,7.4245,69.2815,N/A,4.641,1.5358,3.9063,1.5289,7.8549,9.6996,16492.63,4.2229,78.865,1314.41,22.881,4.8207,1.6823,63.189,1.6202,38.983,14.7614,
2018-01-24,1.2352,135.13,1.9558,N/A,25.374,7.4451,N/A,0.87183,309.01,N/A,N/A,N/A,4.1563,N/A,4.6648,9.8323,N/A,N/A,1.1735,N/A,9.6275,7.4325,69.5725,N/A,4.6263,1.531,3.9437,1.5229,7.8719,9.6556,16450.39,4.2117,78.673,1315.33,22.9045,4.8289,1.6677,62.79,1.6181,39.032,14.7803,
2018-01-23,1.2249,135.35,1.9558,N/A,25.403,7.4435,N/A,0.8783,310.13,N/A,N/A,N/A,4.1696,N/A,4.671,9.8443,N/A,N/A,1.1779,N/A,9.638,7.4306,69.2007,N/A,4.6295,1.5365,3.9453,1.5289,7.8466,9.576,16345.06,4.1878,78.118,1317.85,23.0622,4.8153,1.6722,62.501,1.6162,38.989,14.8551,
2018-01-22,1.2239,135.66,1.9558,N/A,25.399,7.4442,N/A,0.88085,309.65,N/A,N/A,N/A,4.1707,N/A,4.667,9.834,N/A,N/A,1.1764,N/A,9.6223,7.4355,69.2819,N/A,4.6552,1.5287,3.9083,1.527,7.8374,9.5689,16341.51,4.1856,78.2225,1309.98,22.8062,4.816,1.6758,62.288,1.6151,38.993,14.8092,
2018-01-19,1.2255,135.54,1.9558,N/A,25.433,7.4454,N/A,0.88365,309.2,N/A,N/A,N/A,4.1716,N/A,4.6594,9.8333,N/A,N/A,1.1758,N/A,9.6243,7.4352,69.3324,N/A,4.6557,1.5302,3.9312,1.5246,7.8481,9.5814,16315.69,4.1837,78.239,1306.92,22.8157,4.826,1.6831,62.138,1.6178,39.069,14.9553,
2018-01-18,1.2235,136.07,1.9558,N/A,25.365,7.4475,N/A,0.88208,308.51,N/A,N/A,N/A,4.1665,N/A,4.648,9.8305,N/A,N/A,1.1748,N/A,9.6013,7.4409,69.2126,N/A,4.6374,1.5311,3.9321,1.5229,7.8582,9.5648,16325.38,4.195,78.121,1306.61,22.8174,4.8396,1.6759,62.068,1.6175,39.054,15.0035,
2018-01-17,1.2203,135.21,1.9558,N/A,25.447,7.4469,N/A,0.88568,308.77,N/A,N/A,N/A,4.1713,N/A,4.6571,9.8425,N/A,N/A,1.1774,N/A,9.622,7.4266,69.3859,N/A,4.6654,1.5314,3.9497,1.5185,7.8528,9.5415,16302.02,4.2171,78.011,1303.65,22.9386,4.834,1.68,62.017,1.6153,39.001,15.0524,
2018-01-16,1.223,135.4,1.9558,N/A,25.516,7.4492,N/A,0.8886,308.75,N/A,N/A,N/A,4.1713,N/A,4.6483,9.8228,N/A,N/A,1.1795,N/A,9.6308,7.4235,69.0251,N/A,4.6437,1.5379,3.9303,1.5194,7.878,9.568,16311.76,4.1766,78.33,1302.4,22.9588,4.8491,1.6808,61.939,1.6185,39.112,14.997,
2018-01-15,1.2277,135.81,1.9558,N/A,25.531,7.4496,N/A,0.89043,308.9,N/A,N/A,N/A,4.1686,N/A,4.6278,9.8335,N/A,N/A,1.1799,N/A,9.6708,7.434,69.2832,N/A,4.6442,1.5434,3.9237,1.5263,7.904,9.605,16337.05,4.1737,77.9805,1305.74,23.1195,4.8568,1.6828,61.753,1.6223,39.194,15.1034,
2018-01-12,1.2137,134.88,1.9558,N/A,25.521,7.4487,N/A,0.88983,308.74,N/A,N/A,N/A,4.1722,N/A,4.6363,9.835,N/A,N/A,1.1787,N/A,9.659,7.4454,68.7074,N/A,4.5587,1.5417,3.8959,1.5194,7.8417,9.4962,16179.71,4.1272,77.1915,1289.54,23.1956,4.8255,1.6726,61.144,1.6103,38.802,15.0481,
2018-01-11,1.2017,134.19,1.9558,N/A,25.547,7.4474,N/A,0.89075,309.43,N/A,N/A,N/A,4.1785,N/A,4.6413,9.8203,N/A,N/A,1.1736,N/A,9.6735,7.4538,68.465,N/A,4.5648,1.5281,3.8858,1.5093,7.8127,9.4002,16102.18,4.1134,76.5335,1282.33,23.305,4.7905,1.6653,60.589,1.6006,38.46,14.9744,
2018-01-10,1.1992,133.62,1.9558,N/A,25.57,7.4469,N/A,0.8867,309.92,N/A,N/A,N/A,4.1814,N/A,4.6395,9.811,N/A,N/A,1.1725,N/A,9.6448,7.4493,68.3985,N/A,4.5548,1.5289,3.8952,1.4931,7.7996,9.3809,16105.86,4.1129,76.263,1280.95,23.13,4.8004,1.6654,60.624,1.5981,38.506,14.9214,
2018-01-09,1.1932,134.31,1.9558,N/A,25.535,7.4469,N/A,0.8827,309.36,N/A,N/A,N/A,4.1795,N/A,4.653,9.8288,N/A,N/A,1.1727,N/A,9.6715,7.4475,68.0535,N/A,4.4843,1.5242,3.8571,1.4826,7.7865,9.3323,16038.99,4.1096,76.0215,1274.81,22.9311,4.7841,1.6601,59.994,1.5932,38.481,14.734,
2018-01-08,1.1973,135.34,1.9558,N/A,25.524,7.4467,N/A,0.88413,308.84,N/A,N/A,N/A,4.1663,N/A,4.6206,9.8165,N/A,N/A,1.1709,N/A,9.6783,7.442,68.3774,N/A,4.4887,1.5289,3.8825,1.488,7.7816,9.3656,16084.83,4.1207,76.0375,1277.87,23.0819,4.7929,1.6702,60.095,1.5956,38.565,14.8924,
2018-01-05,1.2045,136.45,1.9558,N/A,25.594,7.4459,N/A,0.88883,308.77,N/A,N/A,N/A,4.1554,N/A,4.6351,9.8318,N/A,N/A,1.1757,N/A,9.7418,7.435,68.7724,N/A,4.5127,1.5361,3.9057,1.5068,7.8151,9.4188,16164.39,4.1402,76.329,1281.2,23.3267,4.818,1.6837,60.065,1.5993,38.773,14.8886,
2018-01-04,1.2065,135.92,1.9558,N/A,25.515,7.4449,N/A,0.89103,308.53,N/A,N/A,N/A,4.1555,N/A,4.629,9.822,N/A,N/A,1.1763,N/A,9.7655,7.4355,68.9312,N/A,4.5367,1.5398,3.906,1.5114,7.838,9.4323,16191.23,4.1578,76.498,1283.14,23.3216,4.8405,1.6957,60.062,1.6043,38.873,14.8475,
2018-01-03,1.2023,134.97,1.9558,N/A,25.545,7.4442,N/A,0.8864,309.29,N/A,N/A,N/A,4.1652,N/A,4.6355,9.825,N/A,N/A,1.1736,N/A,9.744,7.441,69.0962,N/A,4.5303,1.5339,3.9236,1.5047,7.8168,9.3985,16176.95,4.1588,76.3455,1281.39,23.3835,4.8272,1.6942,59.988,1.5988,39.11,14.8845,
2018-01-02,1.2065,135.35,1.9558,N/A,25.494,7.4437,N/A,0.88953,308.59,N/A,N/A,N/A,4.1633,N/A,4.6525,9.8283,N/A,N/A,1.1718,N/A,9.7748,7.464,69.1176,N/A,4.534,1.5413,3.9504,1.5128,7.8338,9.4283,16266.03,4.1693,76.6005,1281.59,23.5534,4.8495,1.6955,60.132,1.6031,39.115,14.9,
2017-12-29,1.1993,135.01,1.9558,N/A,25.535,7.4449,N/A,0.88723,310.33,N/A,N/A,N/A,4.177,N/A,4.6585,9.8438,N/A,N/A,1.1702,N/A,9.8403,7.44,69.392,N/A,4.5464,1.5346,3.9729,1.5039,7.8044,9.372,16239.12,4.1635,76.6055,1279.61,23.6612,4.8536,1.685,59.795,1.6024,39.121,14.8054,
2017-12-28,1.1934,134.74,1.9558,N/A,25.645,7.4455,N/A,0.88768,310.3,N/A,N/A,N/A,4.1808,N/A,4.652,9.8452,N/A,N/A,1.1704,N/A,9.867,7.5115,68.7979,N/A,4.5459,1.533,3.9496,1.5049,7.8001,9.3274,16184.89,4.1512,76.473,1276.37,23.4672,4.853,1.6856,59.561,1.5968,38.929,14.7325,
2017-12-27,1.1895,134.7,1.9558,N/A,25.84,7.445,N/A,0.88593,310.99,N/A,N/A,N/A,4.1884,N/A,4.6499,9.8727,N/A,N/A,1.1772,N/A,9.8605,7.5398,68.5974,N/A,4.5475,1.5316,3.9196,1.5028,7.7975,9.2953,16123.38,4.1432,76.3125,1277.73,23.5221,4.8481,1.6825,59.43,1.5937,39.027,14.8108,
2017-12-22,1.1853,134.37,1.9558,N/A,25.75,7.4443,N/A,0.88568,311.82,N/A,N/A,N/A,4.1975,N/A,4.642,9.9327,N/A,N/A,1.1735,N/A,9.8963,7.542,69.095,N/A,4.525,1.5358,3.9349,1.5057,7.7945,9.2648,16070.5,4.1305,75.9065,1276.34,23.1255,4.8354,1.6904,59.382,1.5929,38.83,15.0586,
2017-12-21,1.1859,134.59,1.9558,N/A,25.715,7.4447,N/A,0.88763,312.36,N/A,N/A,N/A,4.1998,N/A,4.6363,9.9844,N/A,N/A,1.1725,N/A,9.9738,7.5468,69.3462,N/A,4.5313,1.5451,3.9214,1.5184,7.8092,9.2758,16067.76,4.1395,75.9275,1281.82,22.9004,4.8373,1.6931,59.525,1.5952,38.838,15.0858,
2017-12-20,1.1845,134.16,1.9558,N/A,25.674,7.4443,N/A,0.8832,312.75,N/A,N/A,N/A,4.2041,N/A,4.6284,9.9128,N/A,N/A,1.1702,N/A,9.8683,7.547,69.5139,N/A,4.5366,1.5427,3.8953,1.5221,7.7926,9.2677,16083.14,4.1398,75.9475,1281.59,22.7971,4.8257,1.697,59.502,1.594,38.792,15.0112,
2017-12-19,1.1823,133.23,1.9558,N/A,25.662,7.4435,N/A,0.885,313.1,N/A,N/A,N/A,4.1993,N/A,4.6198,9.9508,N/A,N/A,1.1643,N/A,9.8875,7.545,69.3065,N/A,4.5294,1.5406,3.8862,1.5207,7.8068,9.2446,16057.76,4.1364,75.7025,1281.28,22.5125,4.825,1.6866,59.409,1.592,38.655,15.0558,
2017-12-18,1.1795,132.66,1.9558,N/A,25.685,7.444,N/A,0.88208,313.67,N/A,N/A,N/A,4.207,N/A,4.6228,9.9588,N/A,N/A,1.1652,N/A,9.8573,7.543,69.1462,N/A,4.5253,1.5392,3.8734,1.5185,7.8055,9.2194,16027.64,4.1434,75.7645,1282.23,22.4718,4.8141,1.6836,59.551,1.5904,38.499,15.1661,
2017-12-15,1.1806,132.45,1.9558,N/A,25.678,7.4443,N/A,0.88253,313.43,N/A,N/A,N/A,4.2167,N/A,4.6332,9.9583,N/A,N/A,1.1669,N/A,9.7828,7.5465,69.5043,N/A,4.5603,1.5382,3.9171,1.507,7.8022,9.2223,16029.01,4.1634,75.6085,1284.73,22.6281,4.8163,1.6803,59.528,1.5897,38.375,15.7809,
2017-12-14,1.1845,133.39,1.9558,N/A,25.695,7.4433,N/A,0.88163,314.07,N/A,N/A,N/A,4.222,N/A,4.633,9.9488,N/A,N/A,1.1686,N/A,9.7783,7.5478,69.619,N/A,4.5855,1.5452,3.9529,1.5196,7.8278,9.2499,16077.22,4.1777,76.2465,1288.74,22.6237,4.8377,1.6934,59.902,1.595,38.505,15.954,
2017-12-13,1.1736,132.99,1.9558,N/A,25.65,7.4431,N/A,0.87905,314.36,N/A,N/A,N/A,4.2146,N/A,4.6325,9.906,N/A,N/A,1.1647,N/A,9.8253,7.5505,69.1283,N/A,4.5242,1.5503,3.8907,1.5092,7.7692,9.1612,15969.18,4.1607,75.617,1280.07,22.5424,4.7959,1.6886,59.252,1.5874,38.236,15.9868,
2017-12-12,1.1766,133.54,1.9558,N/A,25.596,7.4423,N/A,0.88068,314.33,N/A,N/A,N/A,4.2044,N/A,4.6335,9.9328,N/A,N/A,1.1671,N/A,9.8245,7.5395,69.2925,N/A,4.504,1.5541,3.9051,1.5098,7.7875,9.1848,16004.41,4.1648,75.77,1281.27,22.4566,4.786,1.6956,59.377,1.5901,38.369,16.0156,
2017-12-11,1.1796,133.66,1.9558,N/A,25.601,7.4433,N/A,0.8825,313.95,N/A,N/A,N/A,4.2033,N/A,4.6323,10.016,N/A,N/A,1.1679,N/A,9.8825,7.542,69.7954,N/A,4.5084,1.5674,3.8654,1.5168,7.8069,9.2093,15978.86,4.1609,75.9805,1285.61,22.3042,4.8004,1.7049,59.392,1.5936,38.49,16.0618,
2017-12-08,1.1742,133.26,1.9558,N/A,25.555,7.4417,N/A,0.87525,314.5,N/A,N/A,N/A,4.202,N/A,4.6336,9.977,N/A,N/A,1.1704,N/A,9.7665,7.5493,69.6511,N/A,4.5165,1.562,3.8435,1.5072,7.7729,9.1661,15910.41,4.1343,75.6775,1285.33,22.2205,4.8001,1.7157,59.336,1.5889,38.361,16.0391,
2017-12-07,1.1786,132.88,1.9558,N/A,25.611,7.4415,N/A,0.88068,314.84,N/A,N/A,N/A,4.2129,N/A,4.6354,9.9558,N/A,N/A,1.17,N/A,9.7503,7.545,69.7763,N/A,4.5553,1.5682,3.8824,1.5131,7.8013,9.204,15967.83,4.1478,76.111,1287.95,22.3177,4.8184,1.7252,59.646,1.5916,38.458,16.0897,
2017-12-06,1.1817,132.52,1.9558,N/A,25.636,7.4421,N/A,0.88335,314.45,N/A,N/A,N/A,4.2142,N/A,4.632,9.9265,N/A,N/A,1.1678,N/A,9.7575,7.5463,69.7909,N/A,4.5489,1.5565,3.8193,1.4963,7.8169,9.2323,16007.31,4.1519,76.243,1291.5,22.203,4.816,1.7141,59.891,1.5925,38.559,15.9847,
2017-12-05,1.1847,133.37,1.9558,N/A,25.653,7.4415,N/A,0.88183,313.96,N/A,N/A,N/A,4.202,N/A,4.6337,9.968,N/A,N/A,1.1673,N/A,9.8228,7.5543,69.5478,N/A,4.5823,1.5512,3.8192,1.4966,7.8356,9.2563,16008.85,4.1392,76.3015,1286.86,22.08,4.8057,1.7193,59.978,1.5953,38.626,16.0077,
2017-12-04,1.1865,133.91,1.9558,N/A,25.557,7.4418,N/A,0.87725,313.08,N/A,N/A,N/A,4.2026,N/A,4.6215,9.9635,N/A,N/A,1.1665,N/A,9.8668,7.555,69.7763,N/A,4.6262,1.5585,3.8558,1.5034,7.8532,9.2721,16036.73,4.1434,76.409,1287.92,22.1016,4.821,1.7281,60.103,1.5992,38.692,16.172,
2017-12-01,1.1885,133.7,1.9558,N/A,25.524,7.442,N/A,0.88115,313.8,N/A,N/A,N/A,4.2129,N/A,4.6305,9.9487,N/A,N/A,1.1691,N/A,9.8753,7.5553,69.6973,N/A,4.6718,1.5693,3.8824,1.5301,7.8551,9.2853,16082.95,4.1497,76.655,1287.47,22.1942,4.862,1.7349,59.873,1.6014,38.781,16.2907,
2017-11-30,1.1849,133.08,1.9558,N/A,25.491,7.4417,N/A,0.87985,312.77,N/A,N/A,N/A,4.1955,N/A,4.6475,9.9208,N/A,N/A,1.1699,N/A,9.8398,7.555,69.194,N/A,4.6638,1.5659,3.8668,1.5267,7.8377,9.2524,16035.25,4.1449,76.3875,1287.26,22.0035,4.8466,1.7319,59.629,1.5986,38.643,16.1263,
2017-11-29,1.1827,132.24,1.9558,N/A,25.474,7.4423,N/A,0.88293,311.59,N/A,N/A,N/A,4.2006,N/A,4.644,9.915,N/A,N/A,1.1664,N/A,9.741,7.547,69.0103,N/A,4.6794,1.5627,3.7936,1.5176,7.8106,9.233,15971.18,4.1447,76.062,1274.87,21.9085,4.8361,1.7141,59.393,1.5925,38.485,16.1757,
2017-11-28,1.1888,132.24,1.9558,N/A,25.463,7.4423,N/A,0.89538,310.99,N/A,N/A,N/A,4.2069,N/A,4.6413,9.906,N/A,N/A,1.168,N/A,9.745,7.5435,69.2929,N/A,4.6684,1.5619,3.8287,1.5208,7.8431,9.2745,16053.39,4.1633,76.5795,1284.43,22.037,4.8786,1.7157,59.813,1.5983,38.719,16.3342,
2017-11-27,1.1952,132.69,1.9558,N/A,25.431,7.4424,N/A,0.89375,311.24,N/A,N/A,N/A,4.2087,N/A,4.6418,9.926,N/A,N/A,1.1718,N/A,9.7533,7.5588,69.4793,N/A,4.6756,1.5656,3.8564,1.5156,7.8905,9.3249,16137.59,4.1852,77.093,1299.46,22.1272,4.9093,1.7305,60.056,1.6063,38.987,16.4083,
2017-11-24,1.1877,132.24,1.9558,N/A,25.413,7.4421,N/A,0.8912,311.83,N/A,N/A,N/A,4.2109,N/A,4.6434,9.8638,N/A,N/A,1.165,N/A,9.6608,7.5635,69.4559,N/A,4.6826,1.5585,3.8379,1.5093,7.8447,9.2744,16056.52,4.1753,76.8205,1287.36,22.1096,4.8921,1.7256,60.145,1.5987,38.802,16.6203,
2017-11-23,1.1848,131.79,1.9558,N/A,25.462,7.442,N/A,0.89005,313.05,N/A,N/A,N/A,4.2124,N/A,4.6522,9.844,N/A,N/A,1.1613,N/A,9.6393,7.5778,69.2337,N/A,4.642,1.5532,3.8403,1.5024,7.7881,9.2528,15973.47,4.1606,76.512,1284.55,22.0927,4.8674,1.7198,59.869,1.5947,38.713,16.4406,
2017-11-22,1.1749,131.61,1.9558,N/A,25.469,7.442,N/A,0.8881,313.54,N/A,N/A,N/A,4.2155,N/A,4.6525,9.8818,N/A,N/A,1.1609,N/A,9.6723,7.577,68.9476,N/A,4.6557,1.5503,3.8288,1.4969,7.7755,9.1775,15879.95,4.1392,76.251,1280.17,22.0985,4.8292,1.7183,59.499,1.5885,38.466,16.309,
2017-11-21,1.1718,131.87,1.9558,N/A,25.533,7.4414,N/A,0.88498,312.93,N/A,N/A,N/A,4.229,N/A,4.6568,9.9473,N/A,N/A,1.1641,N/A,9.689,7.565,69.5585,N/A,4.6304,1.5466,3.8207,1.5006,7.7725,9.1545,15850.94,4.135,76.0705,1276.68,22.2026,4.8421,1.7181,59.335,1.5878,38.406,16.4989,
2017-11-20,1.1781,132.1,1.9558,N/A,25.568,7.4414,N/A,0.8894,312.44,N/A,N/A,N/A,4.2311,N/A,4.6514,9.9585,N/A,N/A,1.1676,N/A,9.7298,7.5648,70.147,N/A,4.6211,1.5592,3.8388,1.5066,7.8155,9.2036,15932.62,4.1397,76.6975,1291.1,22.3489,4.8869,1.7243,59.761,1.5972,38.606,16.5582,
2017-11-17,1.1795,132.82,1.9558,N/A,25.588,7.441,N/A,0.89385,311.58,N/A,N/A,N/A,4.2342,N/A,4.647,9.9443,N/A,N/A,1.1696,N/A,9.7163,7.5663,70.0461,N/A,4.5846,1.5632,3.8658,1.5053,7.8239,9.2144,15955.69,4.1463,76.682,1293.09,22.4603,4.9079,1.7372,59.952,1.5998,38.723,16.5285,
2017-11-16,1.1771,133.12,1.9558,N/A,25.559,7.4418,N/A,0.89183,312.52,N/A,N/A,N/A,4.234,N/A,4.639,9.8868,N/A,N/A,1.1686,N/A,9.6553,7.5663,70.446,N/A,4.5465,1.5507,3.8579,1.5025,7.8065,9.1919,15919.1,4.1443,76.891,1291.59,22.5323,4.9148,1.7204,59.786,1.5971,38.797,16.805,
2017-11-15,1.184,133.45,1.9558,N/A,25.669,7.4426,N/A,0.8991,312.11,N/A,N/A,N/A,4.2473,N/A,4.6351,9.9728,N/A,N/A,1.1675,N/A,9.751,7.5553,71.257,N/A,4.5979,1.5582,3.849,1.5103,7.8404,9.2435,16025.44,4.1847,77.215,1306.21,22.6887,4.9374,1.7145,60.177,1.6053,39.096,17.0212,
2017-11-14,1.1745,133.29,1.9558,N/A,25.566,7.4414,N/A,0.89585,311.97,N/A,N/A,N/A,4.2381,N/A,4.6493,9.8905,N/A,N/A,1.1643,N/A,9.5923,7.552,70.1633,N/A,4.5477,1.5361,3.8488,1.4933,7.795,9.1645,15918.59,4.161,76.815,1309.46,22.4266,4.9259,1.7092,60.07,1.5978,38.829,16.8932,
2017-11-13,1.1656,132.07,1.9558,N/A,25.567,7.4416,N/A,0.89018,312.04,N/A,N/A,N/A,4.2349,N/A,4.6562,9.7705,N/A,N/A,1.1591,N/A,9.4913,7.55,69.3309,N/A,4.5318,1.5256,3.8362,1.4809,7.741,9.0906,15810.86,4.1297,76.291,1305.01,22.3482,4.8856,1.6877,59.724,1.5867,38.535,16.9688,
2017-11-10,1.1654,132.08,1.9558,N/A,25.543,7.442,N/A,0.8837,312,N/A,N/A,N/A,4.2308,N/A,4.6533,9.743,N/A,N/A,1.1591,N/A,9.456,7.5435,69.0375,N/A,4.5097,1.5197,3.8084,1.4766,7.7412,9.093,15785.34,4.123,75.94,1304.46,22.2242,4.8848,1.678,59.713,1.5854,38.61,16.7585,
2017-11-09,1.163,131.75,1.9558,N/A,25.528,7.4422,N/A,0.88633,312.08,N/A,N/A,N/A,4.2346,N/A,4.64,9.7355,N/A,N/A,1.1589,N/A,9.4535,7.5385,69.0726,N/A,4.4962,1.5144,3.7762,1.4779,7.7193,9.0701,15729.57,4.0877,75.56,1299.91,22.2416,4.879,1.6715,59.597,1.5819,38.495,16.5306,
2017-11-08,1.159,131.54,1.9558,N/A,25.56,7.4434,N/A,0.88405,311.85,N/A,N/A,N/A,4.2341,N/A,4.628,9.7288,N/A,N/A,1.1581,N/A,9.473,7.539,68.7166,N/A,4.505,1.5094,3.7662,1.4753,7.6838,9.0363,15667.36,4.0704,75.3205,1290.33,22.1015,4.896,1.6724,59.388,1.5786,38.374,16.4417,
2017-11-07,1.1562,132.03,1.9558,N/A,25.591,7.4423,N/A,0.88038,310.99,N/A,N/A,N/A,4.2396,N/A,4.5945,9.7443,N/A,N/A,1.1557,N/A,9.4543,7.5416,68.0443,N/A,4.4673,1.5112,3.7822,1.4761,7.675,9.0221,15640.75,4.0634,75.147,1285.17,22.0712,4.8828,1.6717,59.426,1.5772,38.305,16.3857,
2017-11-06,1.159,132.29,1.9558,N/A,25.612,7.4419,N/A,0.8839,311.15,N/A,N/A,N/A,4.2408,N/A,4.5895,9.7683,N/A,N/A,1.1593,N/A,9.438,7.5375,68.3327,N/A,4.4815,1.512,3.8174,1.4787,7.6889,9.0436,15665.04,4.0721,74.9555,1288.85,22.1399,4.909,1.6797,59.22,1.5816,38.438,16.4598,
2017-11-03,1.1657,132.82,1.9558,N/A,25.652,7.4421,N/A,0.88923,310.29,N/A,N/A,N/A,4.2383,N/A,4.5978,9.7912,N/A,N/A,1.1635,N/A,9.4843,7.5335,68.2952,N/A,4.4927,1.5184,3.8012,1.483,7.72,9.0953,15729.04,4.0839,75.214,1298.74,22.142,4.9332,1.6797,59.624,1.5854,38.608,16.4676,
2017-11-02,1.1645,132.9,1.9558,N/A,25.535,7.4418,N/A,0.8869,310.9,N/A,N/A,N/A,4.2376,N/A,4.5992,9.7615,N/A,N/A,1.1647,N/A,9.4838,7.5302,68.0327,N/A,4.4519,1.5117,3.8047,1.496,7.7011,9.0851,15753.36,4.0845,75.229,1294.94,22.2318,4.9264,1.6867,59.936,1.5843,38.568,16.2879,
2017-11-01,1.1612,132.6,1.9558,N/A,25.557,7.4415,N/A,0.87385,311.75,N/A,N/A,N/A,4.2338,N/A,4.6033,9.7535,N/A,N/A,1.164,N/A,9.461,7.52,67.51,N/A,4.4394,1.5136,3.815,1.4986,7.6767,9.0593,15773.74,4.0845,75.013,1291.51,22.2765,4.9136,1.6866,60.007,1.5808,38.505,16.3914,
2017-10-31,1.1638,132,1.9558,N/A,25.669,7.4412,N/A,0.87853,311.64,N/A,N/A,N/A,4.244,N/A,4.6005,9.7415,N/A,N/A,1.1622,N/A,9.5238,7.5225,67.8738,N/A,4.4164,1.521,3.8059,1.5004,7.7177,9.0769,15786.95,4.0992,75.356,1301.5,22.2962,4.9252,1.7005,60.045,1.586,38.65,16.4342,
2017-10-30,1.1612,131.83,1.9558,N/A,25.645,7.441,N/A,0.8798,311.01,N/A,N/A,N/A,4.2432,N/A,4.599,9.709,N/A,N/A,1.1603,N/A,9.484,7.522,67.1203,N/A,4.3851,1.5148,3.779,1.4918,7.7165,9.0581,15762.75,4.0974,75.356,1306.01,22.1764,4.9206,1.6944,60.079,1.5836,38.598,16.3361,
2017-10-27,1.1605,132.52,1.9558,N/A,25.673,7.4407,N/A,0.88633,311.23,N/A,N/A,N/A,4.2462,N/A,4.601,9.739,N/A,N/A,1.1632,N/A,9.5348,7.5123,67.8368,N/A,4.4361,1.5196,3.8292,1.4961,7.7225,9.0561,15818.76,4.1116,75.502,1309.39,22.3514,4.9228,1.6975,60.174,1.5899,38.645,16.4855,
2017-10-26,1.1753,133.75,1.9558,N/A,25.589,7.4432,N/A,0.8901,310.32,N/A,N/A,N/A,4.235,N/A,4.5983,9.7218,N/A,N/A,1.1678,N/A,9.4865,7.5155,67.7597,N/A,4.4338,1.5248,3.803,1.5041,7.8003,9.1701,15981.73,4.1343,76.23,1320.41,22.3684,4.9762,1.7118,60.939,1.601,38.973,16.739,
2017-10-25,1.1785,134.41,1.9558,N/A,25.589,7.4429,N/A,0.88883,310.16,N/A,N/A,N/A,4.2355,N/A,4.5975,9.6858,N/A,N/A,1.169,N/A,9.4383,7.5148,67.864,N/A,4.397,1.5282,3.8134,1.4963,7.8317,9.1971,15994.6,4.1328,76.514,1325.38,22.6028,4.9915,1.7123,61.039,1.6047,39.103,16.297,
2017-10-24,1.1761,133.95,1.9558,N/A,25.583,7.4433,N/A,0.89303,308.53,N/A,N/A,N/A,4.2403,N/A,4.6013,9.6475,N/A,N/A,1.1613,N/A,9.3883,7.513,67.609,N/A,4.3751,1.5117,3.8022,1.4875,7.8022,9.1803,15937.33,4.1184,76.579,1327.81,22.4841,4.9849,1.7008,60.801,1.6023,39.035,16.1396,
2017-10-23,1.174,133.59,1.9558,N/A,25.641,7.4437,N/A,0.8909,308.06,N/A,N/A,N/A,4.2266,N/A,4.6,9.644,N/A,N/A,1.1581,N/A,9.3883,7.507,67.4375,N/A,4.3386,1.5018,3.7493,1.4835,7.7957,9.1607,15888.92,4.1,76.3365,1326.4,22.2922,4.9718,1.6838,60.458,1.5996,38.965,16.0711,
2017-10-20,1.1818,133.75,1.9558,N/A,25.69,7.4438,N/A,0.89623,308.13,N/A,N/A,N/A,4.2363,N/A,4.5971,9.6445,N/A,N/A,1.1597,N/A,9.4145,7.5065,67.8679,N/A,4.3289,1.5055,3.7519,1.4765,7.8217,9.2216,15966.12,4.1217,76.8288,1336.07,22.3278,4.9931,1.6885,60.865,1.6054,39.188,16.1719,
2017-10-19,1.1834,133.18,1.9558,N/A,25.725,7.444,N/A,0.89815,308.51,N/A,N/A,N/A,4.2392,N/A,4.5958,9.6445,N/A,N/A,1.1541,N/A,9.419,7.5088,68.1785,N/A,4.3324,1.5033,3.7561,1.4743,7.831,9.2334,15993.65,4.1362,76.954,1339.16,22.2721,4.9981,1.6861,60.863,1.6056,39.2,16.0282,
2017-10-18,1.1749,132.62,1.9558,N/A,25.705,7.4438,N/A,0.89283,308.27,N/A,N/A,N/A,4.2277,N/A,4.588,9.5945,N/A,N/A,1.1551,N/A,9.3575,7.5075,67.4559,N/A,4.3225,1.5009,3.7199,1.472,7.7867,9.1737,15879.95,4.1283,76.4305,1329.28,22.1311,4.9622,1.6488,60.479,1.5962,38.96,15.8999,
2017-10-17,1.1759,131.94,1.9558,N/A,25.733,7.4439,N/A,0.89148,307.35,N/A,N/A,N/A,4.2298,N/A,4.58,9.5813,N/A,N/A,1.1504,N/A,9.326,7.508,67.4711,N/A,4.3051,1.4994,3.7358,1.4741,7.7846,9.1811,15880.12,4.1274,76.4695,1328.14,22.4334,4.9664,1.6375,60.368,1.5952,38.946,15.7977,
2017-10-16,1.1803,131.99,1.9558,N/A,25.77,7.4439,N/A,0.88753,307.53,N/A,N/A,N/A,4.2378,N/A,4.5838,9.5885,N/A,N/A,1.1514,N/A,9.3133,7.5038,67.478,N/A,4.2975,1.4996,3.7304,1.48,7.7782,9.217,15913.39,4.1272,76.4155,1330.09,22.4931,4.9773,1.642,60.499,1.5956,39.021,15.7169,
2017-10-13,1.181,132.49,1.9558,N/A,25.813,7.444,N/A,0.8898,308.64,N/A,N/A,N/A,4.2555,N/A,4.5865,9.605,N/A,N/A,1.1533,N/A,9.339,7.5085,68.1201,N/A,4.3225,1.508,3.7517,1.4761,7.7831,9.221,15938.78,4.1328,76.7125,1333.88,22.3881,4.9832,1.6541,60.731,1.6013,39.115,15.8047,
2017-10-12,1.1856,133.12,1.9558,N/A,25.891,7.4438,N/A,0.90235,309.18,N/A,N/A,N/A,4.273,N/A,4.5919,9.5883,N/A,N/A,1.1552,N/A,9.3601,7.509,68.404,N/A,4.3428,1.5175,3.7654,1.4785,7.8111,9.2573,16016.27,4.1387,77.0996,1341.86,22.2105,5.0036,1.6675,61.101,1.6055,39.256,16.0091,
2017-10-11,1.183,132.72,1.9558,N/A,25.879,7.443,N/A,0.8971,309.93,N/A,N/A,N/A,4.2851,N/A,4.5865,9.5313,N/A,N/A,1.1524,N/A,9.379,7.5115,68.4492,N/A,4.3337,1.5186,3.7515,1.4798,7.7989,9.2344,15997.95,4.1364,77.066,1339.1,22.2167,4.9911,1.6723,60.863,1.6044,39.258,16.0525,
2017-10-10,1.1797,132.55,1.9558,N/A,25.9,7.4428,N/A,0.8941,310.65,N/A,N/A,N/A,4.2931,N/A,4.5753,9.5265,N/A,N/A,1.1522,N/A,9.3745,7.5035,68.2832,N/A,4.3385,1.5155,3.7378,1.4745,7.7609,9.2067,15912.97,4.1268,76.972,1336.25,21.909,4.9783,1.6688,60.728,1.6001,39.237,16.1484,
2017-10-09,1.1746,132.36,1.9558,N/A,25.893,7.443,N/A,0.89195,312.32,N/A,N/A,N/A,4.3077,N/A,4.5754,9.5348,N/A,N/A,1.1497,N/A,9.3788,7.5025,68.5379,N/A,4.3636,1.5142,3.7168,1.4731,7.7788,9.1685,15897.04,4.1206,76.7625,1343.11,21.884,4.9709,1.6588,60.189,1.6013,39.214,16.199,
2017-10-06,1.1707,132.23,1.9558,N/A,25.816,7.4427,N/A,0.89535,311.36,N/A,N/A,N/A,4.3039,N/A,4.5766,9.5418,N/A,N/A,1.1473,N/A,9.372,7.5055,67.7275,N/A,4.2345,1.506,3.7,1.4721,7.7891,9.1387,15819.67,4.1176,76.544,1337.12,21.655,4.9608,1.6512,59.977,1.5997,39.172,16.0695,
2017-10-05,1.1742,132.05,1.9558,N/A,25.837,7.4424,N/A,0.89153,311.42,N/A,N/A,N/A,4.3,N/A,4.575,9.5195,N/A,N/A,1.1472,N/A,9.35,7.5055,67.5273,N/A,4.1905,1.5015,3.6772,1.4655,7.8108,9.1701,15803.15,4.1229,76.4965,1337.65,21.4107,4.9651,1.6413,59.949,1.5998,39.16,16.002,
2017-10-04,1.1787,132.47,1.9558,N/A,25.886,7.4427,N/A,0.88768,311.2,N/A,N/A,N/A,4.2971,N/A,4.5808,9.5425,N/A,N/A,1.1456,N/A,9.3533,7.5051,67.8176,N/A,4.2016,1.4986,3.6929,1.4678,7.8163,9.2007,15857.61,4.1378,76.641,1342.67,21.387,4.983,1.6403,60.071,1.6023,39.274,15.9832,
2017-10-03,1.1753,132.77,1.9558,N/A,25.932,7.4424,N/A,0.88793,312.05,N/A,N/A,N/A,4.3102,N/A,4.591,9.5675,N/A,N/A,1.1449,N/A,9.3885,7.4975,68.1636,N/A,4.2117,1.5039,3.7093,1.4692,7.8073,9.1809,15916.5,4.1519,76.987,1344.94,21.4688,4.9766,1.6374,60.117,1.6016,39.279,16.1203,
2017-10-02,1.1744,132.5,1.9558,N/A,25.995,7.4418,N/A,0.88418,311.44,N/A,N/A,N/A,4.3132,N/A,4.5878,9.6055,N/A,N/A,1.1399,N/A,9.377,7.497,68.0395,N/A,4.2067,1.5036,3.7274,1.4693,7.8138,9.1739,15933.08,4.1621,76.6965,1345.92,21.5128,4.9718,1.6336,60.028,1.6003,39.272,16.0141,
2017-09-29,1.1806,132.82,1.9558,N/A,25.981,7.4423,N/A,0.88178,310.67,N/A,N/A,N/A,4.3042,N/A,4.5993,9.649,N/A,N/A,1.1457,N/A,9.4125,7.495,68.2519,N/A,4.2013,1.5075,3.7635,1.4687,7.8534,9.2214,15888.51,4.1591,77.069,1351.83,21.4614,4.9827,1.6354,60.05,1.6031,39.338,15.944,
2017-09-28,1.1778,132.56,1.9558,N/A,26.041,7.4402,N/A,0.87635,311.06,N/A,N/A,N/A,4.3122,N/A,4.6003,9.58,N/A,N/A,1.146,N/A,9.3575,7.4975,68.3855,N/A,4.1994,1.5054,3.7484,1.4684,7.8436,9.1977,15892.06,4.1477,77.115,1350.15,21.3956,4.9839,1.6363,59.998,1.601,39.327,15.9189,
2017-09-27,1.1741,132.6,1.9558,N/A,26.045,7.4414,N/A,0.87565,311.15,N/A,N/A,N/A,4.3027,N/A,4.5986,9.5885,N/A,N/A,1.1451,N/A,9.3355,7.4994,68.267,N/A,4.1902,1.4954,3.7357,1.4554,7.7984,9.1714,15779.9,4.1659,77.153,1341.1,21.2435,4.9565,1.6305,59.89,1.5964,39.109,15.9062,
2017-09-26,1.1787,131.99,1.9558,N/A,26.056,7.4404,N/A,0.87775,310.77,N/A,N/A,N/A,4.2824,N/A,4.6013,9.5473,N/A,N/A,1.1452,N/A,9.2843,7.493,67.987,N/A,4.1739,1.4944,3.7299,1.4605,7.8189,9.2083,15785.15,4.1579,77.1935,1341.55,21.1825,4.9662,1.6369,60.018,1.5968,39.139,15.7329,
2017-09-25,1.1867,133.19,1.9558,N/A,26.033,7.4402,N/A,0.87938,310.25,N/A,N/A,N/A,4.2681,N/A,4.5988,9.5325,N/A,N/A,1.1562,N/A,9.2725,7.4902,68.0714,N/A,4.1803,1.4917,3.7128,1.463,7.8599,9.2738,15803.37,4.1666,77.2635,1343.33,21.1283,4.9817,1.6302,60.154,1.6031,39.292,15.7539,
2017-09-22,1.1961,134.01,1.9558,N/A,26.046,7.4407,N/A,0.88155,309.73,N/A,N/A,N/A,4.2672,N/A,4.5967,9.5358,N/A,N/A,1.1588,N/A,9.3193,7.4843,68.8885,N/A,4.1804,1.5011,3.7459,1.4675,7.8805,9.3414,15908.13,4.1755,77.501,1352.78,21.2905,5.0117,1.6336,60.532,1.6093,39.579,15.8359,
2017-09-21,1.1905,133.86,1.9558,N/A,26.083,7.4407,N/A,0.8824,310.61,N/A,N/A,N/A,4.2805,N/A,4.5988,9.5135,N/A,N/A,1.1585,N/A,9.3025,7.4828,69.022,N/A,4.1776,1.5002,3.7353,1.4712,7.848,9.291,15889.6,4.1933,77.1495,1349.47,21.225,4.9977,1.6268,60.739,1.61,39.441,15.8889,
2017-09-20,1.2007,133.63,1.9558,N/A,26.091,7.4412,N/A,0.8868,308.34,N/A,N/A,N/A,4.2774,N/A,4.5993,9.5335,N/A,N/A,1.1532,N/A,9.344,7.4828,69.438,N/A,4.1642,1.4891,3.7579,1.4701,7.8948,9.3668,15945.9,4.2067,77.1965,1353.44,21.3147,5.0339,1.6277,61.117,1.6128,39.707,15.9058,
2017-09-19,1.1972,133.44,1.9558,N/A,26.103,7.4414,N/A,0.88622,308.85,N/A,N/A,N/A,4.2785,N/A,4.6004,9.5261,N/A,N/A,1.1535,N/A,9.342,7.4745,69.5066,N/A,4.1764,1.4969,3.7429,1.4714,7.8832,9.3432,15886.84,4.2103,77.0174,1351.57,21.2495,5.02,1.6398,61.038,1.6151,39.603,15.9446,
2017-09-18,1.1948,133.09,1.9558,N/A,26.091,7.4416,N/A,0.88253,309.87,N/A,N/A,N/A,4.2884,N/A,4.5993,9.5145,N/A,N/A,1.1464,N/A,9.341,7.4845,68.9576,N/A,4.134,1.4947,3.7204,1.4581,7.852,9.339,15837.07,4.2084,76.6315,1346.87,21.127,5.0006,1.6401,61.118,1.6083,39.536,15.7893,
2017-09-15,1.1963,132.92,1.9558,N/A,26.081,7.4409,N/A,0.88043,308.91,N/A,N/A,N/A,4.2761,N/A,4.5999,9.5058,N/A,N/A,1.148,N/A,9.3348,7.4805,68.8226,N/A,4.114,1.4911,3.7357,1.452,7.8299,9.3506,15859.01,4.209,76.6625,1353.03,21.1361,5.0119,1.6407,61.305,1.607,39.574,15.7613,
2017-09-14,1.1885,131.55,1.9558,N/A,26.103,7.4399,N/A,0.89123,308.28,N/A,N/A,N/A,4.2843,N/A,4.6017,9.5345,N/A,N/A,1.1496,N/A,9.395,7.4835,68.648,N/A,4.1134,1.4877,3.7295,1.4501,7.7918,9.2843,15767.83,4.2094,76.2095,1345.47,21.1227,4.9905,1.6474,60.99,1.6053,39.363,15.6609,
2017-09-13,1.1979,131.79,1.9558,N/A,26.101,7.4404,N/A,0.90243,308.02,N/A,N/A,N/A,4.2798,N/A,4.6013,9.5475,N/A,N/A,1.1496,N/A,9.3983,7.468,69.0768,N/A,4.1232,1.4909,3.7521,1.4542,7.8249,9.3586,15815.27,4.2339,76.6655,1349.96,21.2826,5.0198,1.6451,61.057,1.6118,39.639,15.7095,
2017-09-12,1.1933,130.93,1.9558,N/A,26.105,7.44,N/A,0.89878,307.11,N/A,N/A,N/A,4.2549,N/A,4.6018,9.5355,N/A,N/A,1.1444,N/A,9.3593,7.4513,68.3844,N/A,4.0948,1.4847,3.7117,1.4477,7.8024,9.3235,15751.56,4.2197,76.4385,1346.05,21.1297,5.012,1.6343,60.765,1.6074,39.522,15.48,
2017-09-11,1.1997,130.38,1.9558,N/A,26.077,7.4397,N/A,0.90775,306.28,N/A,N/A,N/A,4.244,N/A,4.5987,9.5705,N/A,N/A,1.1404,N/A,9.371,7.4282,68.6188,N/A,4.0779,1.4915,3.7057,1.4541,7.8329,9.3731,15791.05,4.2255,76.674,1357.76,21.2143,5.0357,1.6502,60.99,1.6129,39.746,15.5137,
2017-09-08,1.206,129.5,1.9558,N/A,26.099,7.4402,N/A,0.91268,306.46,N/A,N/A,N/A,4.2534,N/A,4.6008,9.5388,N/A,N/A,1.1405,N/A,9.3093,7.4315,68.965,N/A,4.1191,1.4881,3.7256,1.4577,7.7926,9.416,15874.85,4.2406,76.9245,1363.52,21.3382,5.0586,1.6502,61.276,1.6124,39.919,15.5124,
2017-09-07,1.1971,130.34,1.9558,N/A,26.113,7.4392,N/A,0.91403,305.69,N/A,N/A,N/A,4.2433,N/A,4.598,9.5263,N/A,N/A,1.1412,N/A,9.2938,7.4324,68.267,N/A,4.0893,1.4926,3.7098,1.4587,7.7698,9.3553,15922.83,4.2236,76.6325,1350.87,21.2308,5.0392,1.6616,60.774,1.6091,39.582,15.3363,
2017-09-06,1.1931,129.92,1.9558,N/A,26.112,7.4393,N/A,0.91428,306.17,N/A,N/A,N/A,4.2415,N/A,4.5986,9.501,N/A,N/A,1.1399,N/A,9.2765,7.4277,68.4889,N/A,4.1045,1.4961,3.7145,1.4787,7.785,9.3362,15902.83,4.248,76.4925,1353.94,21.2936,5.057,1.6528,60.908,1.6133,39.563,15.3965,
2017-09-05,1.189,129.99,1.9558,N/A,26.077,7.4381,N/A,0.9174,306.39,N/A,N/A,N/A,4.2361,N/A,4.5965,9.469,N/A,N/A,1.1407,N/A,9.2788,7.4173,68.9138,N/A,4.0954,1.4902,3.707,1.4732,7.7865,9.3043,15854.13,4.2425,76.2475,1343.64,21.2185,5.0668,1.6531,60.804,1.6115,39.451,15.3896,
2017-09-04,1.1905,130.6,1.9558,N/A,26.062,7.4371,N/A,0.91855,306.02,N/A,N/A,N/A,4.2406,N/A,4.5962,9.4733,N/A,N/A,1.1399,N/A,9.2933,7.415,68.8889,N/A,4.0826,1.496,3.7379,1.4774,7.7728,9.315,15869.55,4.2644,76.2395,1345.07,21.2598,5.084,1.6588,60.953,1.615,39.465,15.4097,
2017-09-01,1.192,131.29,1.9558,N/A,26.077,7.4378,N/A,0.92075,305.09,N/A,N/A,N/A,4.2406,N/A,4.5963,9.4778,N/A,N/A,1.1441,N/A,9.2555,7.4215,68.8223,N/A,4.0981,1.5021,3.7423,1.483,7.8185,9.3272,15875.38,4.2599,76.3275,1335.36,21.2608,5.0904,1.6638,60.9,1.6146,39.539,15.4185,
2017-08-31,1.1825,130.81,1.9558,N/A,26.101,7.4384,N/A,0.91973,306.63,N/A,N/A,N/A,4.2582,N/A,4.5924,9.4818,N/A,N/A,1.1446,N/A,9.279,7.4148,69.1235,N/A,4.1063,1.5016,3.741,1.497,7.8059,9.2526,15782.1,4.2552,75.5995,1331.22,21.0843,5.0506,1.6571,60.587,1.6094,39.247,15.4568,
2017-08-30,1.1916,131.25,1.9558,N/A,26.045,7.4391,N/A,0.92246,305.68,N/A,N/A,N/A,4.2598,N/A,4.5915,9.5095,N/A,N/A,1.1422,N/A,9.2845,7.4135,69.8224,N/A,4.1235,1.5016,3.7768,1.4961,7.8559,9.3259,15903.69,4.2705,76.2925,1338.36,21.2869,5.0887,1.6477,61.04,1.6167,39.597,15.5563,
2017-08-29,1.2048,130.86,1.9558,N/A,26.142,7.4393,N/A,0.92965,305.32,N/A,N/A,N/A,4.2676,N/A,4.5968,9.5363,N/A,N/A,1.1386,N/A,9.2915,7.4155,70.7954,N/A,4.147,1.5111,3.8106,1.5037,7.9467,9.4268,16085.28,4.3135,77.134,1353.8,21.5204,5.1409,1.6535,61.485,1.6283,39.963,15.6323,
2017-08-28,1.1925,130.34,1.9558,N/A,26.102,7.4393,N/A,0.92328,304.01,N/A,N/A,N/A,4.2581,N/A,4.5977,9.5155,N/A,N/A,1.1389,N/A,9.262,7.4145,69.659,N/A,4.1063,1.5008,3.7568,1.4866,7.8979,9.3292,15903.18,4.2719,76.2065,1335.56,21.0584,5.0889,1.6458,60.841,1.6156,39.591,15.5562,
2017-08-25,1.1808,129.59,1.9558,N/A,26.084,7.4391,N/A,0.92083,304.68,N/A,N/A,N/A,4.2598,N/A,4.5983,9.5053,N/A,N/A,1.139,N/A,9.2278,7.414,69.8312,N/A,4.108,1.4919,3.7045,1.4769,7.8596,9.2372,15758.37,4.2453,75.5975,1327.05,20.8445,5.0456,1.6363,60.327,1.6055,39.332,15.5488,
2017-08-24,1.1806,129.06,1.9558,N/A,26.098,7.4379,N/A,0.92,304.17,N/A,N/A,N/A,4.2754,N/A,4.583,9.5118,N/A,N/A,1.1375,N/A,9.2585,7.414,69.8033,N/A,4.1081,1.4951,3.7113,1.4784,7.8646,9.2386,15749.2,4.2493,75.5965,1331.39,20.8501,5.0524,1.6354,60.305,1.607,39.361,15.5936,
2017-08-23,1.1799,128.71,1.9558,N/A,26.124,7.4373,N/A,0.92133,303.35,N/A,N/A,N/A,4.2848,N/A,4.5853,9.5455,N/A,N/A,1.1392,N/A,9.313,7.4068,69.7924,N/A,4.1338,1.4936,3.7314,1.4848,7.8584,9.2343,15751.67,4.2695,75.6075,1335.19,21.009,5.0488,1.6334,60.445,1.6071,39.361,15.6514,
2017-08-22,1.1771,128.73,1.9558,N/A,26.083,7.4377,N/A,0.91713,303.7,N/A,N/A,N/A,4.2818,N/A,4.5868,9.539,N/A,N/A,1.1364,N/A,9.3023,7.4045,69.484,N/A,4.117,1.4887,3.7102,1.4806,7.843,9.2129,15706.05,4.2595,75.4515,1335.14,20.7907,5.0392,1.6165,60.33,1.6032,39.127,15.5407,
2017-08-21,1.1761,128.17,1.9558,N/A,26.086,7.4373,N/A,0.91318,303.43,N/A,N/A,N/A,4.2738,N/A,4.5849,9.5173,N/A,N/A,1.1362,N/A,9.2903,7.4053,69.4996,N/A,4.1243,1.4831,3.7042,1.4815,7.8462,9.2015,15703.29,4.2598,75.4385,1339.54,20.8321,5.0449,1.6072,60.474,1.6024,39.111,15.5304,
2017-08-18,1.174,128.02,1.9558,N/A,26.108,7.4363,N/A,0.91188,303.56,N/A,N/A,N/A,4.2807,N/A,4.59,9.537,N/A,N/A,1.1287,N/A,9.3183,7.402,69.7304,N/A,4.1376,1.483,3.7185,1.4859,7.8332,9.1831,15689.33,4.2535,75.3065,1339.99,20.9958,5.0412,1.6035,60.531,1.6014,38.989,15.5257,
2017-08-17,1.1697,128.81,1.9558,N/A,26.012,7.4354,N/A,0.90895,304.05,N/A,N/A,N/A,4.2575,N/A,4.5848,9.5088,N/A,N/A,1.1311,N/A,9.3243,7.4042,69.473,N/A,4.1197,1.4756,3.6986,1.4767,7.811,9.1517,15620.17,4.2425,75.0595,1331.95,20.7198,5.0244,1.6013,60.048,1.5978,38.893,15.4425,
2017-08-16,1.171,129.79,1.9558,N/A,26.044,7.4367,N/A,0.90993,304.05,N/A,N/A,N/A,4.2749,N/A,4.5821,9.482,N/A,N/A,1.1406,N/A,9.3115,7.3935,69.6423,N/A,4.1319,1.4903,3.7129,1.4908,7.8393,9.1597,15656.22,4.2479,75.1665,1334.97,20.8174,5.0335,1.6151,60.146,1.6022,38.971,15.4975,
2017-08-15,1.1744,129.67,1.9558,N/A,26.142,7.4371,N/A,0.91145,304.15,N/A,N/A,N/A,4.2791,N/A,4.5725,9.4835,N/A,N/A,1.1417,N/A,9.3538,7.3933,70.4414,N/A,4.1457,1.498,3.754,1.496,7.8488,9.1874,15694.68,4.2155,75.3025,1336.43,20.9441,5.0452,1.6121,60.359,1.6042,39.09,15.6499,
2017-08-14,1.1797,129.28,1.9558,N/A,26.118,7.4366,N/A,0.90935,304.4,N/A,N/A,N/A,4.2816,N/A,4.5716,9.5665,N/A,N/A,1.1422,N/A,9.3478,7.3945,70.396,N/A,4.1568,1.4986,3.7517,1.4975,7.8713,9.2266,15754.7,4.2274,75.639,1344.45,20.9475,5.065,1.6167,60.358,1.6063,39.237,15.6561,
2017-08-11,1.1765,128.41,1.9558,N/A,26.155,7.437,N/A,0.90645,305.41,N/A,N/A,N/A,4.2888,N/A,4.5778,9.6083,N/A,N/A,1.132,N/A,9.3975,7.3982,70.6275,N/A,4.1765,1.4962,3.7378,1.4956,7.8414,9.1992,15722.96,4.2171,75.496,1346.47,21.1711,5.0531,1.6149,60.033,1.6052,39.107,15.8741,
2017-08-10,1.1732,128.76,1.9558,N/A,26.157,7.4381,N/A,0.90303,305.37,N/A,N/A,N/A,4.2717,N/A,4.5743,9.568,N/A,N/A,1.1341,N/A,9.3355,7.4008,70.2875,N/A,4.1462,1.4888,3.7024,1.4923,7.8068,9.168,15670.45,4.2182,75.208,1341.21,21.0547,5.0348,1.6142,59.567,1.6,39.021,15.674,
2017-08-09,1.1731,128.74,1.9558,N/A,26.16,7.4392,N/A,0.90338,304.6,N/A,N/A,N/A,4.267,N/A,4.5691,9.621,N/A,N/A,1.1293,N/A,9.3398,7.4028,70.3937,N/A,4.1518,1.4879,3.6793,1.4875,7.8316,9.1692,15640.36,4.2207,74.914,1335.79,21.065,5.0314,1.6011,59.437,1.5988,39.006,15.8151,
2017-08-08,1.1814,130.31,1.9558,N/A,26.15,7.4386,N/A,0.90678,304.49,N/A,N/A,N/A,4.2554,N/A,4.5638,9.598,N/A,N/A,1.1478,N/A,9.3225,7.4005,70.8912,N/A,4.1686,1.4882,3.6918,1.4959,7.9163,9.2424,15727.98,4.2566,75.1865,1329.82,21.1534,5.0629,1.6036,59.632,1.6072,39.276,15.5533,
2017-08-07,1.1797,130.78,1.9558,N/A,26.116,7.4384,N/A,0.90435,303.8,N/A,N/A,N/A,4.2518,N/A,4.564,9.6175,N/A,N/A,1.148,N/A,9.38,7.4035,70.8515,N/A,4.1662,1.4909,3.6878,1.4959,7.9281,9.2289,15714.78,4.2727,75.3005,1332.55,21.1536,5.0532,1.6033,59.526,1.6083,39.302,15.7661,
2017-08-04,1.1868,130.67,1.9558,N/A,26.068,7.4388,N/A,0.9028,304.36,N/A,N/A,N/A,4.241,N/A,4.5635,9.6053,N/A,N/A,1.1494,N/A,9.3618,7.407,71.4691,N/A,4.1903,1.4888,3.6911,1.492,7.9757,9.2782,15791.56,4.2939,75.5035,1334.12,21.1344,5.0777,1.5928,59.588,1.6097,39.455,15.8267,
2017-08-03,1.186,130.91,1.9558,N/A,25.965,7.4381,N/A,0.90318,303.74,N/A,N/A,N/A,4.2526,N/A,4.5655,9.6093,N/A,N/A,1.1501,N/A,9.3768,7.4063,71.6789,N/A,4.1992,1.4943,3.7017,1.4951,7.9726,9.2724,15804.04,4.2501,75.521,1336.54,21.1435,5.078,1.5986,59.625,1.613,39.429,15.7628,
2017-08-02,1.1829,130.98,1.9558,N/A,26.128,7.4384,N/A,0.89425,303.86,N/A,N/A,N/A,4.254,N/A,4.5593,9.5918,N/A,N/A,1.1459,N/A,9.3505,7.4063,71.8059,N/A,4.1786,1.4847,3.6995,1.4841,7.9559,9.2461,15752.68,4.2334,75.3272,1329.43,21.1874,5.0693,1.5927,59.521,1.6064,39.355,15.7101,
2017-08-01,1.1812,130.53,1.9558,N/A,26.132,7.4369,N/A,0.8944,303.6,N/A,N/A,N/A,4.2563,N/A,4.5596,9.5563,N/A,N/A,1.1414,N/A,9.3343,7.409,71.175,N/A,4.1602,1.4813,3.688,1.4737,7.9371,9.2284,15738.31,4.2141,75.7145,1325.5,21.0023,5.062,1.5813,59.508,1.6042,39.322,15.6922,
2017-07-31,1.1727,129.7,1.9558,N/A,26.079,7.4364,N/A,0.8942,304.62,N/A,N/A,N/A,4.2493,N/A,4.559,9.5423,N/A,N/A,1.1359,N/A,9.305,7.411,70.4643,N/A,4.1314,1.4713,3.6764,1.4625,7.8896,9.1598,15625.05,4.1771,75.2708,1315.97,20.862,5.0209,1.5672,59.197,1.5918,39.051,15.3716,
2017-07-28,1.1729,130.37,1.9558,N/A,26.048,7.4364,N/A,0.89568,304.93,N/A,N/A,N/A,4.2493,N/A,4.558,9.5355,N/A,N/A,1.1357,N/A,9.3195,7.412,69.8319,N/A,4.1462,1.4732,3.7015,1.4712,7.9087,9.1613,15639.45,4.1765,75.2555,1317.62,20.8089,5.0229,1.5694,59.207,1.5947,39.146,15.2811,
2017-07-27,1.1694,130.32,1.9558,N/A,26.045,7.4362,N/A,0.88978,304.75,N/A,N/A,N/A,4.2541,N/A,4.565,9.582,N/A,N/A,1.1232,N/A,9.2978,7.4148,69.6779,N/A,4.1303,1.4617,3.6836,1.4603,7.8811,9.133,15576.4,4.1604,75.023,1303.38,20.6146,5.0033,1.5553,59.104,1.589,38.953,15.16,
2017-07-26,1.1644,130.26,1.9558,N/A,26.047,7.4368,N/A,0.89275,305.57,N/A,N/A,N/A,4.2613,N/A,4.5632,9.5705,N/A,N/A,1.1152,N/A,9.2893,7.4128,69.705,N/A,4.1406,1.4717,3.6806,1.4576,7.8646,9.0959,15507.48,4.1569,74.9375,1303.91,20.6644,4.9889,1.5678,58.948,1.585,38.996,15.1998,
2017-07-25,1.1694,130.28,1.9558,N/A,26.013,7.4361,N/A,0.89395,305.49,N/A,N/A,N/A,4.2571,N/A,4.5635,9.5545,N/A,N/A,1.1063,N/A,9.3035,7.4128,69.9831,N/A,4.1647,1.4693,3.6755,1.4608,7.8949,9.131,15574.07,4.1677,75.292,1305.86,20.7211,5.0074,1.5712,59.189,1.59,39.093,15.2161,
2017-07-24,1.1648,129.09,1.9558,N/A,26.024,7.4361,N/A,0.8935,305.15,N/A,N/A,N/A,4.2408,N/A,4.5638,9.5883,N/A,N/A,1.102,N/A,9.3525,7.4098,69.8567,N/A,4.1378,1.4661,3.6543,1.4584,7.8622,9.0931,15516.3,4.1811,75.0105,1299.12,20.5982,4.9848,1.5657,59.001,1.5859,38.893,15.0916,
2017-07-21,1.1642,129.72,1.9558,N/A,26.017,7.4368,N/A,0.8961,305.37,N/A,N/A,N/A,4.2364,N/A,4.5703,9.6193,N/A,N/A,1.1051,N/A,9.3315,7.411,68.6175,N/A,4.1138,1.4699,3.6225,1.4664,7.8798,9.0902,15498.41,4.1483,74.9045,1302.31,20.3761,4.9869,1.565,59.026,1.5872,38.942,15.0579,
2017-07-20,1.1485,128.92,1.9558,N/A,26.04,7.4367,N/A,0.88718,305.77,N/A,N/A,N/A,4.21,N/A,4.5655,9.5678,N/A,N/A,1.1039,N/A,9.3,7.4103,67.854,N/A,4.0652,1.451,3.6166,1.4487,7.776,8.97,15314.67,4.1033,74.01,1291.52,20.2035,4.9288,1.5631,58.428,1.5738,38.653,14.902,
2017-07-19,1.1533,129.03,1.9558,N/A,26.035,7.4369,N/A,0.88485,306.42,N/A,N/A,N/A,4.2127,N/A,4.567,9.5598,N/A,N/A,1.0994,N/A,9.3018,7.4143,68.0915,N/A,4.0576,1.4532,3.6432,1.454,7.7889,9.0059,15359.65,4.1279,74.1515,1294.27,20.175,4.9436,1.564,58.633,1.5773,38.751,14.8896,
2017-07-18,1.1555,129.46,1.9558,N/A,26.08,7.4371,N/A,0.8878,306.2,N/A,N/A,N/A,4.2029,N/A,4.56,9.5658,N/A,N/A,1.1025,N/A,9.3065,7.4138,68.1676,N/A,4.075,1.4565,3.6623,1.4548,7.8001,9.0176,15368.15,4.1244,74.337,1298.89,20.2288,4.9513,1.5713,58.597,1.5793,38.831,14.9464,
2017-07-17,1.1462,128.86,1.9558,N/A,26.09,7.4365,N/A,0.87755,306.05,N/A,N/A,N/A,4.208,N/A,4.5598,9.54,N/A,N/A,1.1012,N/A,9.3558,7.4111,67.926,N/A,4.0511,1.4637,3.6437,1.4502,7.7591,8.946,15259.36,4.0675,73.7525,1292.35,20.12,4.9143,1.5624,58.087,1.5672,38.581,14.8359,
2017-07-14,1.1415,129.1,1.9558,N/A,26.075,7.4365,N/A,0.87983,306.51,N/A,N/A,N/A,4.2172,N/A,4.5627,9.5333,N/A,N/A,1.1051,N/A,9.3843,7.408,67.9547,N/A,4.0663,1.471,3.6599,1.4524,7.7419,8.9132,15225.9,4.0598,73.495,1295.1,20.1393,4.8999,1.5625,57.772,1.5684,38.645,15.0313,
2017-07-13,1.1417,129.17,1.9558,N/A,26.12,7.4367,N/A,0.88215,307.27,N/A,N/A,N/A,4.2332,N/A,4.5635,9.543,N/A,N/A,1.1011,N/A,9.4518,7.405,68.475,N/A,4.0763,1.477,3.6733,1.4564,7.7443,8.9167,15238.84,4.043,73.5825,1298.7,20.3212,4.9093,1.5578,57.72,1.5722,38.761,15.0961,
2017-07-12,1.1449,130.02,1.9558,N/A,26.11,7.4369,N/A,0.88925,307.33,N/A,N/A,N/A,4.2444,N/A,4.5675,9.635,N/A,N/A,1.1027,N/A,9.4688,7.409,69.3499,N/A,4.1182,1.4966,3.6997,1.4808,7.7716,8.9429,15307.31,4.068,73.8865,1311.87,20.4629,4.921,1.5827,57.949,1.5815,38.967,15.3359,
2017-07-11,1.1405,130.36,1.9558,N/A,26.124,7.4365,N/A,0.88318,308.13,N/A,N/A,N/A,4.246,N/A,4.5685,9.639,N/A,N/A,1.104,N/A,9.512,7.411,69.33,N/A,4.1431,1.4988,3.7258,1.4718,7.7577,8.9084,15272.44,4.077,73.665,1312.25,20.546,4.9013,1.5788,57.813,1.5783,38.891,15.4595,
2017-07-10,1.1387,129.98,1.9558,N/A,26.096,7.4366,N/A,0.88443,307.99,N/A,N/A,N/A,4.234,N/A,4.5698,9.6175,N/A,N/A,1.1007,N/A,9.5165,7.4043,68.8648,N/A,4.1122,1.4999,3.7292,1.4703,7.7484,8.8973,15257.44,4.0397,73.4405,1309.36,20.4881,4.89,1.5663,57.93,1.5783,38.852,15.213,
2017-07-07,1.1412,129.8,1.9558,N/A,26.079,7.4371,N/A,0.88488,308.38,N/A,N/A,N/A,4.2322,N/A,4.5862,9.6155,N/A,N/A,1.0983,N/A,9.5613,7.4153,68.9193,N/A,4.1465,1.5006,3.7587,1.4806,7.759,8.914,15300.6,4.0273,73.6955,1318.1,20.7488,4.9054,1.5669,57.786,1.5761,38.892,15.2646,
2017-07-06,1.1385,129.01,1.9558,N/A,26.147,7.4369,N/A,0.88013,309.37,N/A,N/A,N/A,4.2478,N/A,4.5933,9.631,N/A,N/A,1.0975,N/A,9.5298,7.4055,68.4881,N/A,4.1367,1.5008,3.7639,1.4728,7.7443,8.8918,15242.24,4.0258,73.7325,1317.44,20.925,4.8938,1.5697,57.733,1.5749,38.8,15.347,
2017-07-05,1.1329,128.64,1.9558,N/A,26.109,7.4369,N/A,0.87735,308.16,N/A,N/A,N/A,4.2463,N/A,4.5881,9.6243,N/A,N/A,1.095,N/A,9.4965,7.4143,67.82,N/A,4.0611,1.4916,3.7545,1.4682,7.706,8.8442,15159.27,3.9872,73.4075,1307.79,20.7053,4.8697,1.5575,57.419,1.5672,38.57,15.1267,
2017-07-04,1.1353,128.57,1.9558,N/A,26.132,7.4367,N/A,0.87805,308.3,N/A,N/A,N/A,4.2426,N/A,4.5884,9.6735,N/A,N/A,1.0954,N/A,9.485,7.4165,67.34,N/A,4.0377,1.4922,3.7503,1.473,7.722,8.8646,15174.42,3.9917,73.497,1307.61,20.6761,4.879,1.5594,57.343,1.5701,38.617,15.0182,
2017-07-03,1.1369,128.46,1.9558,N/A,26.14,7.4366,N/A,0.87705,309.25,N/A,N/A,N/A,4.2355,N/A,4.5634,9.6358,N/A,N/A,1.0943,N/A,9.5065,7.4215,67.4684,N/A,4.0322,1.4848,3.7737,1.4755,7.7253,8.8778,15223.09,3.9768,73.737,1305.91,20.7257,4.8942,1.5584,57.553,1.5709,38.632,14.9926,
2017-06-30,1.1412,127.75,1.9558,N/A,26.197,7.4366,N/A,0.87933,308.97,N/A,N/A,N/A,4.2259,N/A,4.5523,9.6398,N/A,N/A,1.093,N/A,9.5713,7.4103,67.5449,N/A,4.0134,1.4851,3.76,1.4785,7.7385,8.9068,15209.34,3.9888,73.7445,1304.56,20.5839,4.8986,1.5554,57.575,1.571,38.744,14.92,
2017-06-29,1.1413,128.59,1.9558,N/A,26.3,7.4367,N/A,0.8799,310.06,N/A,N/A,N/A,4.2489,N/A,4.5744,9.7215,N/A,N/A,1.0935,N/A,9.57,7.4125,67.3005,N/A,4.0143,1.4868,3.7476,1.4867,7.7412,8.9107,15216.95,3.9894,73.713,1304.08,20.47,4.9002,1.5651,57.706,1.5751,38.787,14.8261,
2017-06-28,1.1375,127.53,1.9558,N/A,26.326,7.4366,N/A,0.88525,309.54,N/A,N/A,N/A,4.2375,N/A,4.551,9.778,N/A,N/A,1.0913,N/A,9.602,7.4128,67.9014,N/A,4.0079,1.4986,3.7632,1.4888,7.7348,8.8759,15160.03,4.004,73.4345,1300.61,20.4344,4.8922,1.5648,57.518,1.5752,38.675,14.808,
2017-06-27,1.1278,126.16,1.9558,N/A,26.27,7.4357,N/A,0.8837,309.4,N/A,N/A,N/A,4.2151,N/A,4.5635,9.7678,N/A,N/A,1.0883,N/A,9.52,7.407,66.553,N/A,3.9525,1.4819,3.7216,1.4895,7.6853,8.7972,15007.64,3.9663,72.7545,1283.79,20.1288,4.836,1.5431,56.653,1.5626,38.289,14.5572,
2017-06-26,1.1187,124.93,1.9558,N/A,26.243,7.4364,N/A,0.8783,309.48,N/A,N/A,N/A,4.2108,N/A,4.5749,9.7618,N/A,N/A,1.0881,N/A,9.4788,7.4126,66.039,N/A,3.9244,1.4771,3.7259,1.4812,7.6541,8.7254,14882.47,3.9501,72.098,1271.44,20.0412,4.797,1.5371,56.151,1.5533,38.008,14.4089,
2017-06-23,1.1173,124.36,1.9558,N/A,26.297,7.4372,N/A,0.87805,309.13,N/A,N/A,N/A,4.232,N/A,4.5715,9.77,N/A,N/A,1.0851,N/A,9.4613,7.403,66.6677,N/A,3.9235,1.4764,3.7293,1.4783,7.6413,8.7147,14865.68,3.9572,72.1025,1271.16,20.162,4.791,1.5345,56.117,1.5496,37.927,14.4531,
2017-06-22,1.1169,124.27,1.9558,N/A,26.27,7.4388,N/A,0.88168,309.22,N/A,N/A,N/A,4.2402,N/A,4.5823,9.7683,N/A,N/A,1.0867,N/A,9.4855,7.4215,66.7825,N/A,3.9277,1.4812,3.7164,1.4853,7.6323,8.7127,14885.48,3.9584,72.1515,1275.96,20.2844,4.8021,1.5395,56.234,1.5529,37.975,14.5204,
2017-06-21,1.1147,124.21,1.9558,N/A,26.266,7.4403,N/A,0.8781,309.13,N/A,N/A,N/A,4.2368,N/A,4.59,9.7808,N/A,N/A,1.0857,N/A,9.5158,7.4165,66.2425,N/A,3.9311,1.4738,3.7028,1.4803,7.6091,8.6954,14833.9,3.947,71.9005,1273.11,20.2564,4.7793,1.5402,56.053,1.5487,37.9,14.5255,
2017-06-20,1.1156,124.25,1.9558,N/A,26.293,7.4378,N/A,0.88143,309.13,N/A,N/A,N/A,4.2306,N/A,4.5988,9.7575,N/A,N/A,1.0854,N/A,9.493,7.4175,66.2746,N/A,3.945,1.4674,3.6845,1.4812,7.6159,8.7015,14830.34,3.9482,71.9705,1271.75,20.2098,4.785,1.5414,55.902,1.5482,37.919,14.6166,
2017-06-19,1.1199,124.26,1.9558,N/A,26.172,7.4371,N/A,0.87518,307.09,N/A,N/A,N/A,4.2125,N/A,4.5901,9.7443,N/A,N/A,1.087,N/A,9.4518,7.4148,65.1757,N/A,3.9297,1.4705,3.6957,1.4827,7.6342,8.735,14872.95,3.9448,72.1465,1269.76,20.1198,4.7904,1.5411,56.012,1.5483,38.009,14.5349,
2017-06-16,1.1167,124.33,1.9558,N/A,26.233,7.4361,N/A,0.87453,307.91,N/A,N/A,N/A,4.2184,N/A,4.5835,9.737,N/A,N/A,1.0885,N/A,9.4615,7.3995,64.23,N/A,3.9225,1.4683,3.6681,1.4766,7.6089,8.7108,14849.32,3.939,71.9515,1265.35,20.0887,4.7756,1.5441,55.614,1.5457,37.923,14.3831,
2017-06-15,1.1166,122.95,1.9558,N/A,26.213,7.436,N/A,0.8764,307.79,N/A,N/A,N/A,4.2122,N/A,4.5893,9.7278,N/A,N/A,1.0874,N/A,9.4718,7.405,64.3175,N/A,3.9266,1.4722,3.6559,1.4826,7.5985,8.7118,14871.15,3.9332,72.142,1263.07,20.1825,4.7651,1.5505,55.657,1.5444,37.953,14.3723,
2017-06-14,1.1203,123.58,1.9558,N/A,26.163,7.4363,N/A,0.8796,306.39,N/A,N/A,N/A,4.1967,N/A,4.5664,9.7448,N/A,N/A,1.0874,N/A,9.414,7.3995,63.945,N/A,3.9362,1.4778,3.7027,1.4796,7.6147,8.7392,14880.38,3.9541,72.035,1260.45,20.2078,4.7702,1.5453,55.465,1.5457,38.023,14.2697,
2017-06-13,1.1217,123.43,1.9558,N/A,26.147,7.4365,N/A,0.88075,306.97,N/A,N/A,N/A,4.1936,N/A,4.5662,9.7443,N/A,N/A,1.085,N/A,9.454,7.4085,63.8205,N/A,3.9519,1.488,3.7045,1.4892,7.6245,8.7489,14904.08,3.9549,72.193,1265.98,20.3188,4.7812,1.5528,55.51,1.5501,38.048,14.3297,
2017-06-12,1.1221,123.3,1.9558,N/A,26.198,7.4367,N/A,0.88545,307.18,N/A,N/A,N/A,4.1899,N/A,4.562,9.7803,N/A,N/A,1.0857,N/A,9.4985,7.4115,63.9585,N/A,3.9459,1.4875,3.684,1.5078,7.6284,8.751,14921.69,3.9644,72.308,1270.17,20.3762,4.7858,1.5583,55.624,1.5531,38.219,14.3757,
2017-06-09,1.1176,123.44,1.9558,N/A,26.223,7.4378,N/A,0.87638,307.32,N/A,N/A,N/A,4.1903,N/A,4.5628,9.7615,N/A,N/A,1.0863,N/A,9.5218,7.415,63.6657,N/A,3.9444,1.4837,3.6476,1.5098,7.5962,8.7136,14862.96,3.9387,71.8,1256.54,20.3526,4.7666,1.552,55.332,1.5469,38.077,14.4002,
2017-06-08,1.1229,123.77,1.9558,N/A,26.268,7.4383,N/A,0.86755,308.01,N/A,N/A,N/A,4.2065,N/A,4.5665,9.7885,N/A,N/A,1.0856,N/A,9.5233,7.4228,64.0135,N/A,3.9865,1.4894,3.6852,1.5175,7.6332,8.7551,14932.32,3.9704,72.1365,1261.42,20.47,4.7931,1.5575,55.624,1.5525,38.22,14.4476,
2017-06-07,1.1217,122.78,1.9558,N/A,26.316,7.4387,N/A,0.86908,308.66,N/A,N/A,N/A,4.1913,N/A,4.5703,9.7953,N/A,N/A,1.0843,N/A,9.5023,7.4058,63.5152,N/A,3.9747,1.4845,3.6694,1.5085,7.6253,8.7422,14919.73,3.9772,72.178,1261.41,20.4388,4.779,1.5599,55.573,1.5499,38.166,14.4307,
2017-06-06,1.1258,123.12,1.9558,N/A,26.336,7.4384,N/A,0.8723,307.66,N/A,N/A,N/A,4.1992,N/A,4.566,9.7503,N/A,N/A,1.0851,N/A,9.5158,7.4065,63.8407,N/A,3.9736,1.504,3.7117,1.517,7.6491,8.7751,14967.28,3.9922,72.5835,1261.08,20.6935,4.8032,1.5694,55.745,1.5553,38.221,14.4651,
2017-06-05,1.1249,124.3,1.9558,N/A,26.327,7.4398,N/A,0.8713,307.22,N/A,N/A,N/A,4.1838,N/A,4.5698,9.7448,N/A,N/A,1.0856,N/A,9.489,7.4008,63.715,N/A,3.9562,1.504,3.666,1.5174,7.6553,8.7651,14945.42,3.9923,72.402,1258.29,20.6918,4.796,1.5769,55.585,1.5541,38.28,14.3317,
2017-06-02,1.1217,125.02,1.9558,N/A,26.36,7.4392,N/A,0.87268,308.45,N/A,N/A,N/A,4.1925,N/A,4.5653,9.7433,N/A,N/A,1.0893,N/A,9.4918,7.4113,63.4621,N/A,3.9601,1.5173,3.6308,1.5169,7.6507,8.7413,14930.95,3.9938,72.2855,1259.95,20.8982,4.8014,1.5811,55.553,1.5552,38.306,14.4367,
2017-06-01,1.1219,124.53,1.9558,N/A,26.397,7.4394,N/A,0.8723,307.55,N/A,N/A,N/A,4.183,N/A,4.5685,9.776,N/A,N/A,1.0883,N/A,9.4895,7.413,63.5329,N/A,3.9715,1.5182,3.6135,1.5155,7.6389,8.7419,14932.49,3.984,72.3235,1258.4,20.9199,4.8107,1.587,55.776,1.5525,38.313,14.6408,
2017-05-31,1.1221,124.4,1.9558,N/A,26.422,7.4398,N/A,0.87365,307.2,N/A,N/A,N/A,4.1712,N/A,4.5655,9.7558,N/A,N/A,1.0896,N/A,9.4388,7.4135,63.7056,N/A,3.9684,1.5054,3.6485,1.5108,7.6449,8.7421,14932.91,3.9757,72.334,1255.01,21.0559,4.8037,1.5789,55.847,1.5518,38.23,14.7374,
2017-05-30,1.1173,123.97,1.9558,N/A,26.467,7.4396,N/A,0.86793,308.63,N/A,N/A,N/A,4.176,N/A,4.566,9.7688,N/A,N/A,1.0903,N/A,9.4398,7.4195,63.2618,N/A,3.9738,1.4992,3.6509,1.5048,7.6597,8.707,14886.35,3.9683,72.2415,1255.99,20.735,4.7829,1.5799,55.634,1.5484,38.133,14.6891,
2017-05-29,1.1188,124.57,1.9558,N/A,26.435,7.4405,N/A,0.87093,307.84,N/A,N/A,N/A,4.1797,N/A,4.5638,9.7248,N/A,N/A,1.09,N/A,9.4065,7.4135,63.3437,N/A,4.0022,1.5045,3.6538,1.5053,7.6714,8.7202,14896.82,3.9968,72.205,1254.24,20.7083,4.7775,1.5792,55.713,1.5489,38.168,14.4857,
2017-05-26,1.1196,124.38,1.9558,N/A,26.434,7.4415,N/A,0.8719,307.4,N/A,N/A,N/A,4.183,N/A,4.5568,9.7275,N/A,N/A,1.0888,N/A,9.4018,7.424,63.7967,N/A,3.9963,1.5038,3.6609,1.5077,7.6782,8.7249,14891.55,4.0008,72.2175,1251.82,20.6839,4.779,1.5856,55.729,1.5479,38.122,14.4108,
2017-05-25,1.1214,125.33,1.9558,N/A,26.413,7.4409,N/A,0.86528,307.93,N/A,N/A,N/A,4.1793,N/A,4.55,9.7275,N/A,N/A,1.0904,N/A,9.333,7.4305,63.1321,N/A,3.9967,1.5022,3.666,1.5063,7.7018,8.7372,14911.26,4.0111,72.445,1255.74,20.6324,4.7979,1.5944,55.924,1.5525,38.363,14.4605,
2017-05-24,1.1193,125.15,1.9558,N/A,26.463,7.4415,N/A,0.8634,308.11,N/A,N/A,N/A,4.1867,N/A,4.5511,9.7418,N/A,N/A,1.0929,N/A,9.3843,7.428,63.1545,N/A,3.9924,1.497,3.6442,1.5109,7.7119,8.7182,14896.2,4.0179,72.4575,1256.7,20.794,4.8052,1.5908,55.944,1.5539,38.454,14.4977,
2017-05-23,1.1215,124.62,1.9558,N/A,26.483,7.444,N/A,0.86463,308.48,N/A,N/A,N/A,4.198,N/A,4.5543,9.7403,N/A,N/A,1.0912,N/A,9.376,7.4323,63.3563,N/A,3.9971,1.4939,3.6718,1.5104,7.7277,8.7337,14916.24,4.0229,72.7795,1260.51,20.8753,4.8152,1.5929,55.832,1.5569,38.557,14.808,
2017-05-22,1.1243,125.18,1.9558,N/A,26.488,7.4432,N/A,0.86353,308.65,N/A,N/A,N/A,4.1927,N/A,4.5609,9.7895,N/A,N/A,1.0911,N/A,9.3723,7.4415,63.7417,N/A,4.0027,1.5049,3.7029,1.5174,7.7457,8.7533,14926,4.0269,72.557,1256.08,20.9641,4.8395,1.612,55.863,1.5581,38.642,14.8198,
2017-05-19,1.1179,124.35,1.9558,N/A,26.503,7.4411,N/A,0.85908,309.6,N/A,N/A,N/A,4.2005,N/A,4.5602,9.7893,N/A,N/A,1.0921,N/A,9.3923,7.439,63.781,N/A,4.0275,1.5031,3.7227,1.5169,7.7015,8.6999,14881.48,4.0087,72.202,1251.53,20.9378,4.831,1.6227,55.564,1.5509,38.422,14.8274,
2017-05-18,1.1129,123.05,1.9558,N/A,26.632,7.4414,N/A,0.85363,310.69,N/A,N/A,N/A,4.2232,N/A,4.5683,9.7655,N/A,N/A,1.0874,N/A,9.4113,7.454,64.5335,N/A,4.0461,1.4957,3.4888,1.5183,7.6698,8.6615,14986.31,4.0115,72.3908,1260.82,21.275,4.8273,1.6057,55.648,1.5491,38.389,15.0561,
2017-05-17,1.1117,124.82,1.9558,N/A,26.435,7.4403,N/A,0.85745,309.42,N/A,N/A,N/A,4.1867,N/A,4.5584,9.7573,N/A,N/A,1.0923,N/A,9.3708,7.4313,63.0276,N/A,3.9472,1.5014,3.4446,1.5136,7.6552,8.6573,14798.95,4.004,71.261,1244.79,20.7537,4.8059,1.613,55.247,1.55,38.37,14.5533,
2017-05-16,1.1059,125.67,1.9558,N/A,26.42,7.4394,N/A,0.85868,309.54,N/A,N/A,N/A,4.1984,N/A,4.5478,9.7215,N/A,N/A,1.0958,N/A,9.3918,7.4303,62.3,N/A,3.933,1.492,3.4316,1.5058,7.6185,8.6143,14709.02,3.9874,70.8505,1234.76,20.6886,4.7791,1.609,54.898,1.5457,38.187,14.5287,
2017-05-15,1.0972,124.45,1.9558,N/A,26.471,7.4395,N/A,0.84928,309.17,N/A,N/A,N/A,4.2089,N/A,4.5503,9.6733,N/A,N/A,1.0944,N/A,9.3325,7.4332,61.7094,N/A,3.902,1.4741,3.4065,1.4931,7.5629,8.544,14591.66,3.9466,70.2725,1225.57,20.502,4.7489,1.5875,54.463,1.5342,37.903,14.4818,
2017-05-12,1.0876,123.82,1.9558,N/A,26.576,7.4402,N/A,0.84588,310.24,N/A,N/A,N/A,4.217,N/A,4.545,9.6673,N/A,N/A,1.0963,N/A,9.3665,7.4225,62.3148,N/A,3.9038,1.4731,3.4227,1.4941,7.5047,8.4761,14497.16,3.9203,69.9395,1226.52,20.5521,4.7243,1.5892,54.087,1.5314,37.778,14.6336,
2017-05-11,1.086,123.69,1.9558,N/A,26.598,7.4401,N/A,0.84485,310.57,N/A,N/A,N/A,4.2242,N/A,4.549,9.6478,N/A,N/A,1.0952,N/A,9.333,7.432,62.065,N/A,3.8921,1.4737,3.4363,1.4906,7.4957,8.4594,14490.5,3.922,69.906,1225.56,20.605,4.7225,1.5862,54.176,1.5292,37.74,14.5157,
2017-05-10,1.0882,123.84,1.9558,N/A,26.642,7.4409,N/A,0.83985,310.59,N/A,N/A,N/A,4.218,N/A,4.5495,9.699,N/A,N/A,1.0949,N/A,9.4435,7.4215,62.9593,N/A,3.9057,1.474,3.444,1.4905,7.5116,8.4728,14535.63,3.9183,70.239,1234.98,20.7574,4.7304,1.5671,54.314,1.5348,37.826,14.6798,
2017-05-09,1.0888,124.04,1.9558,N/A,26.672,7.4395,N/A,0.843,311.73,N/A,N/A,N/A,4.2223,N/A,4.55,9.6698,N/A,N/A,1.0938,N/A,9.4138,7.4238,63.4665,N/A,3.9148,1.4809,3.473,1.4921,7.5201,8.4755,14535.48,3.9234,70.3975,1238.96,20.8766,4.733,1.5788,54.409,1.5362,37.852,14.8785,
2017-05-08,1.0938,123.1,1.9558,N/A,26.712,7.4387,N/A,0.84465,311.24,N/A,N/A,N/A,4.2011,N/A,4.5488,9.659,N/A,N/A,1.0878,N/A,9.4465,7.418,63.6825,N/A,3.8985,1.4791,3.4896,1.4986,7.5513,8.5152,14557.93,3.943,70.3455,1239.29,20.8324,4.7425,1.5802,54.567,1.5368,37.922,14.8494,
2017-05-05,1.0961,123.29,1.9558,N/A,26.781,7.4369,N/A,0.8471,311.47,N/A,N/A,N/A,4.2173,N/A,4.547,9.6865,N/A,N/A,1.0839,N/A,9.5023,7.433,64.16,N/A,3.9054,1.4832,3.4917,1.5094,7.5655,8.5312,14611.01,3.9501,70.565,1251.13,20.8874,4.7543,1.5911,54.782,1.5402,38.046,14.8898,
2017-05-04,1.0927,123.31,1.9558,N/A,26.767,7.4365,N/A,0.84765,312.05,N/A,N/A,N/A,4.2107,N/A,4.546,9.6438,N/A,N/A,1.0843,N/A,9.4803,7.449,63.3428,N/A,3.891,1.4773,3.4822,1.501,7.535,8.504,14562.96,3.9546,70.136,1241.17,20.7386,4.7287,1.5925,54.584,1.5293,37.84,14.7991,
2017-05-03,1.0919,122.47,1.9558,N/A,26.871,7.4372,N/A,0.8444,312.15,N/A,N/A,N/A,4.1913,N/A,4.5485,9.6273,N/A,N/A,1.0812,N/A,9.3878,7.4493,62.5464,N/A,3.8603,1.4615,3.4424,1.499,7.5267,8.4967,14528.28,3.9495,70.054,1235.52,20.5365,4.7159,1.5768,54.583,1.5229,37.654,14.573,
2017-05-02,1.0915,122.55,1.9558,N/A,26.893,7.437,N/A,0.8452,312.2,N/A,N/A,N/A,4.2088,N/A,4.5495,9.629,N/A,N/A,1.0852,N/A,9.378,7.457,62.23,N/A,3.8621,1.4518,3.4585,1.4928,7.5263,8.4937,14529.5,3.9397,70.1025,1233.65,20.4568,4.724,1.5782,54.577,1.5222,37.657,14.4886,
2017-04-28,1.093,121.76,1.9558,N/A,26.922,7.4383,N/A,0.84473,312.38,N/A,N/A,N/A,4.2224,N/A,4.5348,9.6318,N/A,N/A,1.0831,N/A,9.3243,7.464,62.1061,N/A,3.8756,1.4629,3.4718,1.4914,7.5367,8.5004,14568.6,3.9588,70.2615,1243.69,20.75,4.7447,1.5897,54.763,1.5258,37.785,14.4899,
2017-04-27,1.0881,121.27,1.9558,N/A,26.937,7.4387,N/A,0.8442,312.03,N/A,N/A,N/A,4.2216,N/A,4.5288,9.6244,N/A,N/A,1.082,N/A,9.3367,7.488,62.078,N/A,3.8797,1.4576,3.4387,1.4783,7.5024,8.4672,14486.96,3.965,69.766,1234.33,20.6615,4.7311,1.5832,54.564,1.5205,37.67,14.5361,
2017-04-26,1.0893,121.35,1.9558,N/A,26.947,7.4395,N/A,0.84903,311.93,N/A,N/A,N/A,4.2241,N/A,4.5338,9.5605,N/A,N/A,1.0835,N/A,9.3485,7.4725,61.7554,N/A,3.8991,1.4559,3.4521,1.4792,7.5061,8.4757,14482.59,3.9612,69.849,1231.89,20.6261,4.7357,1.5806,54.278,1.5206,37.548,14.4178,
2017-04-25,1.0891,120.34,1.9558,N/A,26.771,7.4396,N/A,0.84928,311.7,N/A,N/A,N/A,4.2273,N/A,4.5255,9.601,N/A,N/A,1.0826,N/A,9.3158,7.4645,61.0111,N/A,3.9127,1.4454,3.4329,1.479,7.4976,8.4756,14460.53,3.969,70.013,1228.28,20.5205,4.755,1.5636,54.078,1.517,37.487,14.2071,
2017-04-24,1.0848,119.67,1.9558,N/A,26.793,7.439,N/A,0.8483,311.47,N/A,N/A,N/A,4.242,N/A,4.5285,9.5825,N/A,N/A,1.0806,N/A,9.245,7.4623,60.6905,N/A,3.8969,1.433,3.3903,1.457,7.4691,8.4376,14405.06,3.962,69.913,1224.22,20.1642,4.772,1.5442,53.995,1.511,37.274,14.0639,
2017-04-21,1.0698,116.72,1.9558,N/A,26.933,7.4369,N/A,0.8372,314.18,N/A,N/A,N/A,4.2727,N/A,4.5437,9.639,N/A,N/A,1.068,N/A,9.2478,7.4575,60.2565,N/A,3.9001,1.4219,3.3683,1.4413,7.3666,8.319,14249.74,3.9366,69.1185,1215.07,20.1459,4.7061,1.5277,53.306,1.4948,36.79,14.0587,
2017-04-20,1.0745,117.16,1.9558,N/A,26.907,7.4381,N/A,0.8392,313.5,N/A,N/A,N/A,4.2588,N/A,4.5405,9.6203,N/A,N/A,1.0701,N/A,9.212,7.455,60.4465,N/A,3.9067,1.4278,3.377,1.4494,7.3965,8.355,14316.1,3.9382,69.4375,1220.93,20.198,4.7257,1.5301,53.422,1.5009,36.931,14.1282,
2017-04-19,1.0725,116.91,1.9558,N/A,26.794,7.4387,N/A,0.8343,313.05,N/A,N/A,N/A,4.2358,N/A,4.5341,9.6195,N/A,N/A,1.069,N/A,9.1528,7.4468,60.2656,N/A,3.9292,1.4255,3.3368,1.4415,7.3852,8.3397,14293.2,3.9313,69.243,1222.42,20.019,4.719,1.5283,53.339,1.4987,36.883,14.261,
2017-04-18,1.0682,116.26,1.9558,N/A,26.759,7.4381,N/A,0.84375,312.58,N/A,N/A,N/A,4.2363,N/A,4.518,9.5908,N/A,N/A,1.0686,N/A,9.1093,7.437,59.886,N/A,3.9423,1.4155,3.3194,1.4273,7.3524,8.304,14203.32,3.9152,69.008,1221.05,19.8272,4.7113,1.5186,53.064,1.4937,36.693,14.3001,
2017-04-13,1.063,116.01,1.9558,N/A,26.704,7.4376,N/A,0.84763,312.55,N/A,N/A,N/A,4.245,N/A,4.5189,9.582,N/A,N/A,1.0686,N/A,9.1033,7.4255,59.935,N/A,3.8991,1.4027,3.3277,1.4069,7.3227,8.2652,14091.66,3.8841,68.4915,1202.93,19.7661,4.6905,1.5178,52.584,1.4845,36.503,14.3805,
2017-04-12,1.0605,116.22,1.9558,N/A,26.697,7.4369,N/A,0.8484,311.97,N/A,N/A,N/A,4.2485,N/A,4.5205,9.5553,N/A,N/A,1.0678,N/A,9.1035,7.4385,60.5067,N/A,3.8965,1.4163,3.333,1.4114,7.309,8.2416,14087.68,3.8762,68.5895,1209.26,19.9384,4.6954,1.532,52.446,1.4869,36.555,14.5185,
2017-04-11,1.0616,117.36,1.9558,N/A,26.658,7.4372,N/A,0.8533,311.4,N/A,N/A,N/A,4.2414,N/A,4.5104,9.5915,N/A,N/A,1.0696,N/A,9.1245,7.424,60.4528,N/A,3.9392,1.4137,3.3241,1.4139,7.3256,8.2499,14099.64,3.8817,68.455,1214.5,19.8434,4.7066,1.5285,52.631,1.4904,36.726,14.6891,
2017-04-10,1.0578,117.72,1.9558,N/A,26.528,7.4363,N/A,0.85335,311.35,N/A,N/A,N/A,4.2296,N/A,4.5118,9.6098,N/A,N/A,1.0682,N/A,9.1443,7.435,60.5034,N/A,3.9494,1.412,3.3175,1.4155,7.3022,8.2189,14047.58,3.8735,68.2915,1208.18,19.7586,4.6919,1.5239,52.492,1.488,36.653,14.6918,
2017-04-07,1.063,117.64,1.9558,N/A,26.563,7.4363,N/A,0.85573,310.36,N/A,N/A,N/A,4.2249,N/A,4.5178,9.5963,N/A,N/A,1.0695,N/A,9.1583,7.449,60.4918,N/A,3.9726,1.4123,3.3349,1.4256,7.3318,8.2596,14161.42,3.8784,68.3775,1206.35,19.9474,4.7144,1.5249,53.019,1.4902,36.79,14.684,
2017-04-06,1.0666,118.23,1.9558,N/A,26.736,7.435,N/A,0.8559,309.76,N/A,N/A,N/A,4.2271,N/A,4.5236,9.5895,N/A,N/A,1.0702,N/A,9.1688,7.46,60.0558,N/A,3.955,1.4103,3.3232,1.4322,7.3577,8.2869,14207.11,3.8895,68.815,1206.44,20.0393,4.732,1.5271,53.489,1.494,36.904,14.7229,
2017-04-05,1.0678,118.49,1.9558,N/A,27.058,7.4354,N/A,0.8551,309.91,N/A,N/A,N/A,4.2315,N/A,4.5397,9.5748,N/A,N/A,1.0708,N/A,9.1665,7.4578,59.6596,N/A,3.9404,1.4085,3.2974,1.4291,7.3638,8.2957,14227.37,3.9026,69.293,1202.72,20.0177,4.7314,1.5319,53.532,1.4948,36.86,14.6327,
2017-04-04,1.0651,117.55,1.9558,N/A,27.054,7.4375,N/A,0.85623,309.38,N/A,N/A,N/A,4.2571,N/A,4.5442,9.61,N/A,N/A,1.0673,N/A,9.179,7.437,60.1167,N/A,3.8921,1.4109,3.3395,1.432,7.3371,8.2765,14195.65,3.8826,69.425,1198.13,20.1312,4.72,1.526,53.482,1.4903,36.687,14.6579,
2017-04-03,1.0661,118.64,1.9558,N/A,27.044,7.4374,N/A,0.8526,308.68,N/A,N/A,N/A,4.2279,N/A,4.5495,9.5145,N/A,N/A,1.0682,N/A,9.1468,7.4305,60.0802,N/A,3.8831,1.4012,3.3314,1.4229,7.3423,8.2858,14203.12,3.869,69.2805,1191.09,19.9794,4.7202,1.5226,53.456,1.4899,36.658,14.4506,
2017-03-31,1.0691,119.55,1.9558,N/A,27.03,7.4379,N/A,0.85553,307.62,N/A,N/A,N/A,4.2265,N/A,4.5525,9.5322,N/A,N/A,1.0696,N/A,9.1683,7.4465,60.313,N/A,3.8894,1.3982,3.38,1.4265,7.3642,8.3074,14237.94,3.8853,69.3965,1194.54,20.0175,4.7313,1.5309,53.658,1.494,36.724,14.2404,
2017-03-30,1.0737,119.39,1.9558,N/A,27.022,7.4386,N/A,0.8618,309.35,N/A,N/A,N/A,4.2233,N/A,4.5448,9.5623,N/A,N/A,1.0698,N/A,9.1695,7.448,60.3375,N/A,3.9119,1.3988,3.3555,1.432,7.3973,8.345,14297.39,3.8914,69.691,1199.08,20.1228,4.7463,1.5304,53.865,1.4977,36.951,13.8165,
2017-03-29,1.0748,119.17,1.9558,N/A,27.021,7.4412,N/A,0.86385,309.62,N/A,N/A,N/A,4.2389,N/A,4.5563,9.5505,N/A,N/A,1.0712,N/A,9.1908,7.436,61.2237,N/A,3.9246,1.406,3.3666,1.438,7.4063,8.3503,14305.2,3.8972,69.759,1195.89,20.3522,4.7495,1.5321,54.033,1.5006,37.011,14.1215,
2017-03-28,1.0859,119.84,1.9558,N/A,27.021,7.4406,N/A,0.86455,309.19,N/A,N/A,N/A,4.247,N/A,4.5529,9.5318,N/A,N/A,1.0693,N/A,9.238,7.4325,61.8842,N/A,3.9353,1.4281,3.3947,1.4546,7.4767,8.4346,14441.86,3.925,70.6435,1209.11,20.4927,4.7951,1.5454,54.487,1.5137,37.371,14.0518,
2017-03-27,1.0889,119.93,1.9558,N/A,27.021,7.4404,N/A,0.86403,310.21,N/A,N/A,N/A,4.2641,N/A,4.5491,9.5503,N/A,N/A,1.0713,N/A,9.2188,7.4395,61.8655,N/A,3.9203,1.4261,3.398,1.4536,7.4895,8.4584,14486.06,3.9363,70.817,1207.95,20.4918,4.8055,1.5416,54.516,1.5149,37.404,13.761,
2017-03-24,1.0805,120.09,1.9558,N/A,27.021,7.4378,N/A,0.866,309.81,N/A,N/A,N/A,4.2695,N/A,4.5527,9.5373,N/A,N/A,1.0718,N/A,9.1793,7.4198,61.6859,N/A,3.9176,1.4182,3.3845,1.4448,7.4406,8.3933,14399.28,3.9347,70.652,1210.37,20.4282,4.78,1.5401,54.254,1.5126,37.353,13.4816,
2017-03-23,1.0786,119.36,1.9558,N/A,27.021,7.4356,N/A,0.86273,309.22,N/A,N/A,N/A,4.2685,N/A,4.5555,9.5095,N/A,N/A,1.07,N/A,9.1478,7.4178,62.2001,N/A,3.9038,1.4132,3.3608,1.4387,7.4268,8.378,14363.72,3.9322,70.6095,1207.38,20.5962,4.7771,1.5303,54.309,1.5086,37.32,13.4933,
2017-03-22,1.0807,120.07,1.9558,N/A,27.021,7.4372,N/A,0.8679,309.16,N/A,N/A,N/A,4.2816,N/A,4.559,9.5105,N/A,N/A,1.0714,N/A,9.1463,7.4088,62.6509,N/A,3.9156,1.4086,3.3484,1.4458,7.4433,8.3949,14404.65,3.9501,70.6995,1210.08,20.69,4.7848,1.5353,54.272,1.5108,37.425,13.6114,
2017-03-21,1.0802,121.58,1.9558,N/A,27.021,7.4353,N/A,0.86753,308.29,N/A,N/A,N/A,4.2628,N/A,4.5646,9.4923,N/A,N/A,1.075,N/A,9.1253,7.4078,61.811,N/A,3.8972,1.3969,3.3175,1.4349,7.4418,8.3886,14387.18,3.9046,70.493,1208.01,20.5078,4.7804,1.5309,54.075,1.5088,37.434,13.5822,
2017-03-20,1.0752,121.19,1.9558,N/A,27.021,7.4346,N/A,0.86793,308.64,N/A,N/A,N/A,4.282,N/A,4.5605,9.5078,N/A,N/A,1.072,N/A,9.1278,7.4055,61.8563,N/A,3.9067,1.3922,3.3416,1.4359,7.4268,8.3497,14314.68,3.9044,70.2805,1199.56,20.5514,4.7594,1.5271,53.826,1.503,37.336,13.6292,
2017-03-17,1.0737,121.49,1.9558,N/A,27.021,7.4343,N/A,0.86868,308.55,N/A,N/A,N/A,4.2982,N/A,4.5633,9.461,N/A,N/A,1.0698,N/A,9.1023,7.4133,61.9515,N/A,3.8896,1.394,3.3342,1.4296,7.4141,8.3352,14328.53,3.8979,70.251,1213.19,20.571,4.7624,1.5318,53.867,1.5055,37.418,13.7004,
2017-03-16,1.0726,121.55,1.9558,N/A,27.021,7.4343,N/A,0.8681,310.04,N/A,N/A,N/A,4.2974,N/A,4.5508,9.4838,N/A,N/A,1.0695,N/A,9.1588,7.422,62.1796,N/A,3.903,1.3945,3.3244,1.4277,7.4004,8.3275,14283.81,3.8918,70.1205,1209.16,20.477,4.7618,1.5351,53.709,1.5035,37.536,13.627,
2017-03-15,1.0622,121.77,1.9558,N/A,27.021,7.4339,N/A,0.87073,310.83,N/A,N/A,N/A,4.3206,N/A,4.5423,9.5603,N/A,N/A,1.0715,N/A,9.1353,7.4298,62.7435,N/A,3.9497,1.3992,3.3553,1.4291,7.3438,8.2527,14191.33,3.885,69.7475,1217.28,20.801,4.7258,1.5277,53.39,1.5001,37.453,13.8649,
2017-03-14,1.0631,122.13,1.9558,N/A,27.021,7.4338,N/A,0.87563,311.32,N/A,N/A,N/A,4.3221,N/A,4.5435,9.4968,N/A,N/A,1.0726,N/A,9.151,7.426,63.1241,N/A,3.9776,1.4073,3.3591,1.4338,7.3511,8.2598,14213.91,3.8947,69.917,1222.47,20.8468,4.7303,1.5389,53.481,1.5039,37.554,13.9904,
2017-03-13,1.0663,122.35,1.9558,N/A,27.021,7.434,N/A,0.87258,312.43,N/A,N/A,N/A,4.3376,N/A,4.556,9.5645,N/A,N/A,1.0749,N/A,9.1298,7.4333,62.955,N/A,3.9952,1.4078,3.3609,1.435,7.3717,8.2804,14241.5,3.9009,70.5475,1222.96,20.9398,4.745,1.5385,53.681,1.5073,37.672,14.0101,
2017-03-10,1.0606,122.42,1.9558,N/A,27.021,7.4331,N/A,0.8725,312.27,N/A,N/A,N/A,4.3259,N/A,4.549,9.5778,N/A,N/A,1.0743,N/A,9.1405,7.419,62.6964,N/A,3.9801,1.4095,3.3694,1.4322,7.3336,8.2367,14185.77,3.9086,70.6725,1226.28,20.9681,4.7231,1.5348,53.281,1.5041,37.556,14.0681,
2017-03-09,1.0551,120.95,1.9558,N/A,27.021,7.4337,N/A,0.86653,311.14,N/A,N/A,N/A,4.3171,N/A,4.5499,9.5525,N/A,N/A,1.0709,N/A,9.0458,7.4312,62.6102,N/A,3.9603,1.4044,3.3436,1.4272,7.2912,8.1949,14135.85,3.8938,70.3995,1222.35,20.877,4.7002,1.5277,53.117,1.4986,37.287,13.9979,
2017-03-08,1.0556,120.65,1.9558,N/A,27.021,7.4335,N/A,0.86753,310.7,N/A,N/A,N/A,4.313,N/A,4.5503,9.5223,N/A,N/A,1.0702,N/A,8.9513,7.4213,61.7573,N/A,3.9434,1.3968,3.3151,1.4193,7.2953,8.1982,14144.8,3.8879,70.496,1216.36,20.713,4.7082,1.5219,53.198,1.4947,37.236,13.7908,
2017-03-07,1.0576,120.61,1.9558,N/A,27.021,7.434,N/A,0.8671,309.52,N/A,N/A,N/A,4.3075,N/A,4.5384,9.5218,N/A,N/A,1.073,N/A,8.9443,7.409,61.356,N/A,3.8894,1.392,3.2974,1.4191,7.2976,8.212,14115.79,3.8885,70.47,1215.71,20.6124,4.7038,1.5153,53.237,1.492,37.111,13.7038,
2017-03-06,1.0592,120.55,1.9558,N/A,27.021,7.4337,N/A,0.863,309.55,N/A,N/A,N/A,4.3091,N/A,4.529,9.5335,N/A,N/A,1.0694,N/A,8.9673,7.409,61.5602,N/A,3.9328,1.3937,3.2896,1.4183,7.305,8.2235,14138.32,3.895,70.5955,1222.76,20.6859,4.7113,1.5079,53.251,1.4936,37.104,13.7644,
2017-03-03,1.0565,120.83,1.9558,N/A,27.021,7.4337,N/A,0.86355,309.68,N/A,N/A,N/A,4.3007,N/A,4.5328,9.5375,N/A,N/A,1.0675,N/A,8.9303,7.4163,62.0628,N/A,3.9388,1.3956,3.308,1.4161,7.2872,8.2031,14138.61,3.9133,70.592,1218.65,20.7635,4.7062,1.5011,53.197,1.4933,37.041,13.822,
2017-03-02,1.0514,120.24,1.9558,N/A,27.021,7.4336,N/A,0.8556,308.33,N/A,N/A,N/A,4.2941,N/A,4.522,9.5195,N/A,N/A,1.0651,N/A,8.883,7.4193,61.6805,N/A,3.8972,1.384,3.2687,1.4069,7.2399,8.1622,14045.13,3.881,70.2,1204.29,20.9495,4.6777,1.4823,52.997,1.484,36.804,13.7799,
2017-03-01,1.0533,119.84,1.9558,N/A,27.021,7.4333,N/A,0.8555,307.95,N/A,N/A,N/A,4.2958,N/A,4.5207,9.5268,N/A,N/A,1.0647,N/A,8.8618,7.4205,61.419,N/A,3.8438,1.3752,3.2768,1.4044,7.2472,8.1773,14074.19,3.8274,70.396,1204.93,21.11,4.685,1.4793,53.015,1.4842,36.871,13.7793,
2017-02-28,1.0597,118.83,1.9558,N/A,27.021,7.4332,N/A,0.85305,308.25,N/A,N/A,N/A,4.3148,N/A,4.5202,9.5675,N/A,N/A,1.0648,N/A,8.8693,7.4365,61.755,N/A,3.8391,1.3807,3.281,1.3984,7.278,8.2252,14132.16,3.8782,70.629,1194.24,21.08,4.7051,1.4707,53.258,1.4831,36.952,13.791,
2017-02-27,1.0587,118.87,1.9558,N/A,27.021,7.4331,N/A,0.8528,307.69,N/A,N/A,N/A,4.3148,N/A,4.5129,9.5548,N/A,N/A,1.0664,N/A,8.8383,7.428,61.1026,N/A,3.81,1.3796,3.2916,1.3889,7.2756,8.2164,14147.3,3.889,70.612,1200.05,20.9539,4.699,1.4701,53.193,1.4878,36.901,13.7155,
2017-02-24,1.0609,119.04,1.9558,N/A,27.021,7.4344,N/A,0.84503,308.59,N/A,N/A,N/A,4.3107,N/A,4.517,9.5188,N/A,N/A,1.0649,N/A,8.8365,7.4275,61.6435,N/A,3.7991,1.3816,3.277,1.3907,7.2873,8.2341,14128.33,3.9241,70.6645,1198.21,20.8929,4.7109,1.4711,53.255,1.4892,37.006,13.7016,
2017-02-23,1.0573,119.3,1.9558,N/A,27.021,7.4335,N/A,0.84628,308.21,N/A,N/A,N/A,4.308,N/A,4.52,9.4975,N/A,N/A,1.0663,N/A,8.807,7.432,61.1931,N/A,3.7757,1.3691,3.2412,1.3868,7.2693,8.2037,14091.1,3.9105,70.5465,1200.29,21.015,4.7039,1.4637,53.048,1.4926,36.99,13.618,
2017-02-22,1.0513,118.79,1.9558,N/A,27.021,7.4332,N/A,0.8445,307.53,N/A,N/A,N/A,4.2987,N/A,4.5208,9.47,N/A,N/A,1.0642,N/A,8.8153,7.448,60.7803,N/A,3.7871,1.3689,3.2422,1.3844,7.2311,8.1585,14041.37,3.8981,70.423,1201.28,21.0585,4.6821,1.4672,52.868,1.4905,36.806,13.7773,
2017-02-21,1.0537,119.77,1.9558,N/A,27.021,7.4333,N/A,0.8486,306.9,N/A,N/A,N/A,4.3064,N/A,4.5151,9.469,N/A,N/A,1.0639,N/A,8.8138,7.452,60.839,N/A,3.8213,1.3762,3.2623,1.384,7.2545,8.1783,14090.6,3.9011,70.53,1208.7,21.5277,4.6973,1.4757,52.99,1.4989,36.916,13.8666,
2017-02-20,1.0616,120.11,1.9558,N/A,27.021,7.4333,N/A,0.85145,308.26,N/A,N/A,N/A,4.3246,N/A,4.5218,9.4785,N/A,N/A,1.065,N/A,8.8568,7.4485,61.6215,N/A,3.8481,1.3835,3.2884,1.3918,7.3011,8.2392,14181.65,3.9362,71.0625,1218.35,21.7273,4.7335,1.4772,53.462,1.5057,37.177,13.9176,
2017-02-17,1.065,120.08,1.9558,N/A,27.021,7.4334,N/A,0.8572,308.32,N/A,N/A,N/A,4.3305,N/A,4.5223,9.4478,N/A,N/A,1.0637,N/A,8.8645,7.441,61.9668,N/A,3.9117,1.3892,3.2928,1.3929,7.3134,8.2659,14199.11,3.947,71.4615,1224.76,21.805,4.7424,1.4809,53.309,1.5086,37.27,13.9357,
2017-02-16,1.0652,120.95,1.9558,N/A,27.021,7.4341,N/A,0.8511,308.24,N/A,N/A,N/A,4.3176,N/A,4.5223,9.4748,N/A,N/A,1.0647,N/A,8.869,7.4495,60.9025,N/A,3.9036,1.3808,3.2402,1.3865,7.3028,8.2675,14188.46,3.9583,71.365,1213.74,21.5975,4.7439,1.4745,53.176,1.5104,37.282,13.7837,
2017-02-15,1.0555,120.85,1.9558,N/A,27.021,7.4345,N/A,0.84998,308.42,N/A,N/A,N/A,4.3015,N/A,4.5143,9.4508,N/A,N/A,1.0652,N/A,8.8523,7.4568,60.9795,N/A,3.8662,1.3761,3.2505,1.3809,7.2521,8.1923,14060.98,3.9537,70.6005,1205.35,21.4777,4.6959,1.4705,52.719,1.5012,36.974,13.7701,
2017-02-14,1.0623,120.43,1.9558,N/A,27.021,7.4359,N/A,0.85098,308.13,N/A,N/A,N/A,4.3012,N/A,4.5051,9.4653,N/A,N/A,1.0659,N/A,8.879,7.4537,60.9409,N/A,3.878,1.3813,3.2881,1.3842,7.2902,8.2422,14138.08,3.9783,70.9755,1207.63,21.4981,4.7263,1.478,52.952,1.5044,37.154,13.914,
2017-02-13,1.0629,120.9,1.9558,N/A,27.021,7.4359,N/A,0.8489,308.02,N/A,N/A,N/A,4.3137,N/A,4.5022,9.478,N/A,N/A,1.0673,N/A,8.9018,7.4485,61.67,N/A,3.9177,1.3867,3.3159,1.3917,7.3062,8.2471,14158.89,3.9885,71.188,1223.31,21.6261,4.7283,1.4808,53.059,1.5113,37.276,14.1809,
2017-02-10,1.0629,120.65,1.9558,N/A,27.021,7.4344,N/A,0.8529,308.45,N/A,N/A,N/A,4.2953,N/A,4.5002,9.4873,N/A,N/A,1.0669,N/A,8.9065,7.4595,62.2757,N/A,3.9173,1.3905,3.307,1.3965,7.312,8.2473,14134.44,3.984,71.1435,1222.56,21.5519,4.7241,1.4798,53.096,1.5112,37.302,14.1866,
2017-02-09,1.0692,120.04,1.9558,N/A,27.021,7.4347,N/A,0.8509,308.75,N/A,N/A,N/A,4.3096,N/A,4.4945,9.4835,N/A,N/A,1.0672,N/A,8.886,7.4695,62.873,N/A,3.9486,1.3965,3.3329,1.4016,7.3413,8.2952,14172.25,4.0077,71.36,1223.18,21.8579,4.7462,1.4803,53.369,1.5125,37.433,14.338,
2017-02-08,1.0665,119.39,1.9558,N/A,27.021,7.4342,N/A,0.85315,309.32,N/A,N/A,N/A,4.3118,N/A,4.489,9.4523,N/A,N/A,1.0637,N/A,8.8835,7.4573,63.1825,N/A,3.9709,1.396,3.333,1.402,7.3295,8.2745,14211.11,4.0021,71.6095,1220.64,21.9102,4.7342,1.46,53.233,1.5112,37.359,14.3162,
2017-02-07,1.0675,119.94,1.9558,N/A,27.021,7.4353,N/A,0.8633,309.71,N/A,N/A,N/A,4.3035,N/A,4.4899,9.481,N/A,N/A,1.0658,N/A,8.8838,7.448,63.4442,N/A,3.9785,1.4014,3.3378,1.4072,7.3487,8.2823,14228.17,4.0085,71.973,1224.51,22.0334,4.7354,1.4631,53.108,1.5142,37.416,14.3443,
2017-02-06,1.0712,120.28,1.9558,N/A,27.021,7.4372,N/A,0.8595,309.16,N/A,N/A,N/A,4.2767,N/A,4.5085,9.4605,N/A,N/A,1.067,N/A,8.846,7.449,63.0404,N/A,3.9404,1.4006,3.3408,1.3987,7.35,8.3105,14241.6,4.0146,71.945,1217.2,21.8217,4.7422,1.4672,53.18,1.5106,37.513,14.2426,
2017-02-03,1.0741,121.49,1.9558,N/A,27.021,7.4376,N/A,0.86013,309.46,N/A,N/A,N/A,4.2972,N/A,4.5158,9.442,N/A,N/A,1.0695,N/A,8.8568,7.4331,63.6106,N/A,4.0118,1.4057,3.3641,1.4023,7.3776,8.3343,14333.86,4.0323,72.3095,1232.25,22.0157,4.7561,1.4781,53.461,1.5186,37.653,14.4212,
2017-02-02,1.0808,121.4,1.9558,N/A,27.022,7.4378,N/A,0.86068,308.85,N/A,N/A,N/A,4.3071,N/A,4.5328,9.4183,N/A,N/A,1.069,N/A,8.8575,7.4495,64.3505,N/A,4.0387,1.406,3.3659,1.405,7.4377,8.3863,14431.38,4.0651,72.664,1234.22,22.2623,4.7815,1.4763,53.705,1.5232,37.893,14.4742,
2017-02-01,1.079,122.25,1.9558,N/A,27.021,7.437,N/A,0.85418,309.78,N/A,N/A,N/A,4.3186,N/A,4.5478,9.4253,N/A,N/A,1.068,N/A,8.883,7.4645,64.8674,N/A,4.0581,1.4225,3.3918,1.4097,7.427,8.372,14424,4.0662,72.754,1247.86,22.3405,4.7782,1.4817,53.713,1.524,37.894,14.4837,
2017-01-31,1.0755,121.94,1.9558,N/A,27.021,7.4373,N/A,0.86105,310.64,N/A,N/A,N/A,4.3239,N/A,4.503,9.4505,N/A,N/A,1.0668,N/A,8.888,7.479,64.4302,N/A,4.0632,1.4198,3.3535,1.4056,7.397,8.3436,14363.56,4.0575,72.8005,1244.76,22.2855,4.7608,1.4709,53.489,1.5201,37.793,14.444,
2017-01-30,1.063,121.76,1.9558,N/A,27.022,7.4375,N/A,0.84935,310.8,N/A,N/A,N/A,4.331,N/A,4.5008,9.439,N/A,N/A,1.0669,N/A,8.8758,7.4773,63.7792,N/A,4.0561,1.4109,3.3318,1.3983,7.3103,8.2476,14173.38,4.0228,72.2315,1252.27,22.085,4.7094,1.4668,52.899,1.5177,37.492,14.451,
2017-01-27,1.0681,123.01,1.9558,N/A,27.021,7.4369,N/A,0.8517,311.63,N/A,N/A,N/A,4.34,N/A,4.5058,9.4528,N/A,N/A,1.0689,N/A,8.919,7.4818,64.1625,N/A,4.1416,1.4169,3.3834,1.4012,7.3654,8.2873,14276.89,4.0453,72.703,1253.96,22.5452,4.7333,1.4726,53.221,1.525,37.683,14.4471,
2017-01-26,1.07,122.4,1.9558,N/A,27.021,7.4367,N/A,0.85143,310.98,N/A,N/A,N/A,4.3435,N/A,4.4943,9.466,N/A,N/A,1.0693,N/A,8.9215,7.48,64.7269,N/A,4.1361,1.4205,3.4093,1.4048,7.3634,8.3006,14315.67,4.0527,72.957,1248.14,22.476,4.739,1.4793,53.373,1.5228,37.776,14.3102,
2017-01-25,1.0743,121.79,1.9558,N/A,27.022,7.4366,N/A,0.85323,309.72,N/A,N/A,N/A,4.3641,N/A,4.4986,9.4833,N/A,N/A,1.0732,N/A,8.9453,7.4978,63.6282,N/A,4.1082,1.4213,3.4057,1.407,7.3935,8.3343,14319.89,4.0662,73.1385,1251.45,23.0674,4.7608,1.4789,53.326,1.5238,37.848,14.2587,
2017-01-24,1.0748,121.85,1.9558,N/A,27.021,7.4361,N/A,0.8635,310.27,N/A,N/A,N/A,4.3725,N/A,4.5015,9.4985,N/A,N/A,1.0738,N/A,8.9578,7.5045,63.6559,N/A,4.0465,1.4198,3.4,1.4267,7.3721,8.3377,14318.83,4.0711,73.189,1252.27,22.8856,4.7667,1.4852,53.51,1.5246,37.844,14.3643,
2017-01-23,1.0715,121.72,1.9558,N/A,27.027,7.4362,N/A,0.86148,309.82,N/A,N/A,N/A,4.3719,N/A,4.4978,9.5113,N/A,N/A,1.0727,N/A,8.994,7.5058,63.7875,N/A,4.0574,1.4157,3.3873,1.4266,7.3436,8.3124,14319.05,4.0714,73.033,1251.67,22.9436,4.7553,1.4893,53.514,1.5229,37.824,14.5258,
2017-01-20,1.0632,122.47,1.9558,N/A,27.021,7.4359,N/A,0.86595,309.09,N/A,N/A,N/A,4.3699,N/A,4.494,9.5073,N/A,N/A,1.0727,N/A,8.999,7.5165,63.6075,N/A,4.0665,1.4115,3.3977,1.4217,7.3125,8.2487,14257.51,4.05,72.4825,1250.66,23.37,4.7285,1.4891,53.216,1.5198,37.68,14.485,
2017-01-19,1.0668,122.23,1.9558,N/A,27.021,7.436,N/A,0.86555,308.4,N/A,N/A,N/A,4.3728,N/A,4.4928,9.5478,N/A,N/A,1.0729,N/A,9.0193,7.521,63.5802,N/A,4.0747,1.4113,3.4223,1.4169,7.3241,8.2762,14266.32,4.0669,72.6875,1255.9,23.4441,4.7462,1.4857,53.405,1.5216,37.759,14.5056,
2017-01-18,1.0664,121.05,1.9558,N/A,27.021,7.4361,N/A,0.86833,307.92,N/A,N/A,N/A,4.3673,N/A,4.4928,9.5328,N/A,N/A,1.0706,N/A,9.033,7.5275,63.248,N/A,4.0371,1.4128,3.4367,1.3986,7.2931,8.2716,14228.44,4.0669,72.6365,1249.39,23.1335,4.75,1.4838,53.222,1.5176,37.655,14.4632,
2017-01-17,1.0684,121.1,1.9558,N/A,27.021,7.4364,N/A,0.8679,307.79,N/A,N/A,N/A,4.3693,N/A,4.501,9.5033,N/A,N/A,1.0712,N/A,9.036,7.5325,63.2426,N/A,4.056,1.4162,3.4305,1.3953,7.3235,8.286,14240.74,4.0812,72.6335,1248.81,23.055,4.7677,1.4877,53.234,1.5168,37.731,14.3969,
2017-01-16,1.0594,120.91,1.9558,N/A,27.021,7.4361,N/A,0.87808,307.38,N/A,N/A,N/A,4.3729,N/A,4.5023,9.483,N/A,N/A,1.0709,N/A,9.0558,7.5318,63.1692,N/A,4.0056,1.4172,3.413,1.3927,7.3107,8.2159,14160.47,4.0549,72.167,1253.65,22.878,4.7313,1.4916,52.926,1.5144,37.524,14.4212,
2017-01-13,1.0661,121.91,1.9558,N/A,27.021,7.435,N/A,0.87548,307.5,N/A,N/A,N/A,4.3739,N/A,4.4922,9.4875,N/A,N/A,1.0728,N/A,9.058,7.527,63.2685,N/A,4.0387,1.4225,3.4097,1.401,7.3564,8.2672,14212.71,4.0671,72.6685,1251.45,23.086,4.7569,1.4952,52.962,1.5206,37.74,14.4082,
2017-01-12,1.0679,121.69,1.9558,N/A,27.021,7.4342,N/A,0.86843,307.15,N/A,N/A,N/A,4.3765,N/A,4.4913,9.509,N/A,N/A,1.0742,N/A,9.0625,7.5365,63.3302,N/A,4.0319,1.4205,3.3718,1.3944,7.3621,8.2816,14150.74,4.0804,72.5955,1255.4,23.07,4.7607,1.498,52.939,1.5191,37.74,14.3476,
2017-01-11,1.0503,122.14,1.9558,N/A,27.021,7.4338,N/A,0.86725,309.45,N/A,N/A,N/A,4.3703,N/A,4.496,9.5695,N/A,N/A,1.0721,N/A,9.0633,7.5562,63.3625,N/A,4.0747,1.4241,3.3786,1.3919,7.2826,8.1452,13999.45,4.0482,71.8315,1260.59,22.9635,4.6964,1.5027,52.18,1.5112,37.375,14.4742,
2017-01-10,1.0567,122.84,1.9558,N/A,27.021,7.4339,N/A,0.8694,308.7,N/A,N/A,N/A,4.3721,N/A,4.4958,9.5595,N/A,N/A,1.0737,N/A,9.075,7.5645,63.5057,N/A,3.9912,1.44,3.3743,1.3992,7.3176,8.1947,14043.54,4.0624,72.0855,1269.08,22.6397,4.7282,1.5165,52.384,1.5193,37.64,14.4773,
2017-01-09,1.0516,122.66,1.9558,N/A,27.021,7.4339,N/A,0.8666,308.21,N/A,N/A,N/A,4.3777,N/A,4.5016,9.5533,N/A,N/A,1.0721,N/A,9.0193,7.5701,62.8383,N/A,3.921,1.4357,3.378,1.3954,7.2958,8.1562,14033.73,4.048,71.6875,1266.33,22.394,4.708,1.5067,52.188,1.5135,37.574,14.4127,
2017-01-06,1.0589,122.83,1.9558,N/A,27.021,7.4343,N/A,0.85648,307.24,N/A,N/A,N/A,4.3552,N/A,4.5013,9.5515,N/A,N/A,1.0725,N/A,8.9868,7.578,62.7475,N/A,3.8305,1.4433,3.3905,1.4039,7.3253,8.2121,14152.2,4.0618,71.9945,1261.36,22.529,4.7359,1.5073,52.257,1.5169,37.76,14.4179,
2017-01-05,1.0501,122.38,1.9558,N/A,27.021,7.4341,N/A,0.8544,308.28,N/A,N/A,N/A,4.368,N/A,4.5065,9.5341,N/A,N/A,1.0704,N/A,9.0215,7.577,62.4526,N/A,3.802,1.4401,3.3742,1.3966,7.2311,8.1431,14029.62,4.0476,71.3394,1250.78,22.3446,4.7097,1.5087,51.993,1.5076,37.599,14.3244,
2017-01-04,1.0437,122.64,1.9558,N/A,27.021,7.4343,N/A,0.84945,308.35,N/A,N/A,N/A,4.3778,N/A,4.5086,9.5238,N/A,N/A,1.0707,N/A,8.9905,7.5738,63.4078,N/A,3.7387,1.4373,3.3784,1.3894,7.2382,8.0948,13969.26,4.0252,71.039,1251.9,22.0709,4.694,1.5024,51.811,1.5047,37.375,14.2409,
2017-01-03,1.0385,122.75,1.9558,N/A,27.02,7.4341,N/A,0.84565,308.94,N/A,N/A,N/A,4.3934,N/A,4.5228,9.5348,N/A,N/A,1.0702,N/A,9.0013,7.5655,62.9125,N/A,3.7261,1.4387,3.3916,1.3962,7.2285,8.0554,13998.46,4.0155,71.001,1253.43,21.4935,4.6655,1.5016,51.765,1.5061,37.287,14.284,
2017-01-02,1.0465,122.92,1.9558,N/A,27.021,7.4349,N/A,0.8514,309.45,N/A,N/A,N/A,4.4123,N/A,4.539,9.5438,N/A,N/A,1.0711,N/A,9.0543,7.5548,64.1073,N/A,3.7084,1.4574,3.4265,1.407,7.269,8.118,14157.05,4.0322,71.308,1263.85,21.7063,4.6946,1.5103,51.777,1.5181,37.486,14.367,
2016-12-30,1.0541,123.4,1.9558,N/A,27.021,7.4344,N/A,0.85618,309.83,N/A,N/A,N/A,4.4103,N/A,4.539,9.5525,N/A,N/A,1.0739,N/A,9.0863,7.5597,64.3,N/A,3.7072,1.4596,3.4305,1.4188,7.3202,8.1751,14173.43,4.0477,71.5935,1269.36,21.7719,4.7287,1.5158,52.268,1.5234,37.726,14.457,
2016-12-29,1.0453,122.04,1.9558,N/A,27.021,7.4338,N/A,0.853,310.09,N/A,N/A,N/A,4.4141,N/A,4.5375,9.5585,N/A,N/A,1.0714,N/A,9.0758,7.5593,63.2555,N/A,3.6926,1.4505,3.4123,1.4154,7.2706,8.1076,14072.35,4.0226,71.095,1264.25,21.6329,4.6876,1.504,51.912,1.5156,37.568,14.2922,
2016-12-28,1.0401,122.39,1.9558,N/A,27.042,7.4351,N/A,0.85128,309.03,N/A,N/A,N/A,4.4028,N/A,4.5415,9.5783,N/A,N/A,1.0714,N/A,9.0777,7.5545,62.9938,N/A,3.6882,1.4492,3.4026,1.4119,7.2384,8.0694,13981.54,4.0075,70.9685,1261.97,21.57,4.6633,1.505,51.845,1.5107,37.475,14.4535,
2016-12-27,1.0445,122.61,1.9558,N/A,27.021,7.4352,N/A,0.853,309.13,N/A,N/A,N/A,4.409,N/A,4.5313,9.6588,N/A,N/A,1.0754,N/A,9.1078,7.5565,63.4525,N/A,3.6777,1.4532,3.4256,1.4136,7.2619,8.1043,14046.52,4.0261,71.043,1260.98,21.5344,4.6785,1.5168,51.959,1.513,37.612,14.5792,
2016-12-23,1.0446,122.6,1.9558,N/A,27.023,7.4342,N/A,0.85278,309.68,N/A,N/A,N/A,4.4098,N/A,4.5318,9.646,N/A,N/A,1.0711,N/A,9.0928,7.538,64.0085,N/A,3.6674,1.4566,3.4146,1.4117,7.2555,8.1069,14034.13,3.995,70.8275,1257.59,21.615,4.6735,1.5195,52.002,1.5114,37.564,14.6353,
2016-12-22,1.0444,122.86,1.9558,N/A,27.021,7.4342,N/A,0.84645,310.22,N/A,N/A,N/A,4.4096,N/A,4.5266,9.6008,N/A,N/A,1.0706,N/A,9.0975,7.535,63.7526,N/A,3.6682,1.447,3.4761,1.4066,7.256,8.1083,14070.92,3.9906,71.0005,1257.21,21.6087,4.6768,1.5111,52.238,1.5136,37.622,14.6811,
2016-12-21,1.0421,122.31,1.9558,N/A,27.021,7.4342,N/A,0.8424,310.28,N/A,N/A,N/A,4.4082,N/A,4.5194,9.6385,N/A,N/A,1.0689,N/A,9.026,7.5303,63.6682,N/A,3.6607,1.4342,3.4729,1.3932,7.2369,8.0887,14000.6,3.9925,70.738,1243.87,21.3048,4.6681,1.5052,52.002,1.5036,37.51,14.5366,
2016-12-20,1.0364,122.43,1.9558,N/A,27.021,7.4343,N/A,0.83978,310.98,N/A,N/A,N/A,4.4095,N/A,4.5213,9.7265,N/A,N/A,1.0687,N/A,9.0343,7.532,63.8664,N/A,3.6471,1.432,3.4801,1.3896,7.2104,8.0494,13959.27,4.0024,70.5475,1238.45,21.115,4.6426,1.5029,51.849,1.5002,37.341,14.5806,
2016-12-19,1.0422,122.19,1.9558,N/A,27.021,7.4343,N/A,0.8414,311.79,N/A,N/A,N/A,4.411,N/A,4.5179,9.78,N/A,N/A,1.0709,N/A,9.0485,7.535,64.5075,N/A,3.6532,1.4351,3.5191,1.3947,7.2467,8.0946,13963.3,4.0309,70.7225,1238.96,21.2881,4.667,1.5023,52.165,1.5103,37.399,14.669,
2016-12-16,1.0439,123.38,1.9558,N/A,27.021,7.434,N/A,0.8389,312.45,N/A,N/A,N/A,4.42,N/A,4.5165,9.789,N/A,N/A,1.0751,N/A,9.0623,7.536,64.3017,N/A,3.6601,1.4239,3.5081,1.396,7.2635,8.1032,13977.82,4.0425,70.7765,1239.53,21.2528,4.6715,1.4892,52.193,1.5065,37.413,14.5876,
2016-12-15,1.0419,123.03,1.9558,N/A,27.021,7.435,N/A,0.83598,313.17,N/A,N/A,N/A,4.445,N/A,4.5223,9.7688,N/A,N/A,1.0733,N/A,8.9993,7.5413,64.3953,N/A,3.684,1.4109,3.5298,1.3902,7.2262,8.0851,13987.51,4.0062,70.6425,1235.83,21.52,4.6596,1.4752,52.027,1.5008,37.29,14.6283,
2016-12-14,1.0644,122.39,1.9558,N/A,27.023,7.4359,N/A,0.83963,314.89,N/A,N/A,N/A,4.4402,N/A,4.5153,9.7553,N/A,N/A,1.0747,N/A,9.0223,7.5405,65.1386,N/A,3.7125,1.4177,3.5242,1.3961,7.3499,8.2561,14143.75,4.055,71.8245,1241.1,21.5666,4.7303,1.4741,52.918,1.5157,37.882,14.5508,
2016-12-13,1.061,122.27,1.9558,N/A,27.022,7.437,N/A,0.83488,314.31,N/A,N/A,N/A,4.4442,N/A,4.5045,9.718,N/A,N/A,1.0742,N/A,8.9495,7.526,64.5831,N/A,3.6953,1.4155,3.5325,1.3921,7.3233,8.2303,14124.95,4.042,71.659,1237.88,21.4788,4.7167,1.4724,52.844,1.5138,37.772,14.522,
2016-12-12,1.0596,122.69,1.9558,N/A,27.027,7.4371,N/A,0.839,314.02,N/A,N/A,N/A,4.453,N/A,4.5073,9.7445,N/A,N/A,1.0772,N/A,8.9498,7.5335,64.8661,N/A,3.7269,1.4174,3.5953,1.3918,7.3225,8.2211,14121.82,4.0497,71.4485,1237.73,21.4472,4.675,1.4793,52.72,1.5145,37.764,14.5441,
2016-12-09,1.0559,121.48,1.9558,N/A,27.027,7.4369,N/A,0.83935,314.45,N/A,N/A,N/A,4.4454,N/A,4.4994,9.691,N/A,N/A,1.0756,N/A,8.9805,7.5327,66.6988,N/A,3.6707,1.4141,3.5815,1.3914,7.2931,8.1934,14072.51,4.04,71.341,1237,21.5825,4.6708,1.4745,52.615,1.5079,37.664,14.545,
2016-12-08,1.0762,122.61,1.9558,N/A,27.038,7.439,N/A,0.84995,314.29,N/A,N/A,N/A,4.454,N/A,4.502,9.7228,N/A,N/A,1.0853,N/A,9.0145,7.5355,68.19,N/A,3.6676,1.4406,3.6599,1.4222,7.4041,8.3475,14298.93,4.0768,72.5055,1250.03,21.8915,4.759,1.4973,53.465,1.5272,38.334,14.7162,
2016-12-07,1.073,122.42,1.9558,N/A,27.036,7.4378,N/A,0.85095,312.98,N/A,N/A,N/A,4.428,N/A,4.498,9.7735,N/A,N/A,1.0834,N/A,8.9908,7.5378,68.3924,N/A,3.6683,1.4408,3.6457,1.4242,7.3836,8.3229,14297.73,4.0809,72.583,1247.57,21.8094,4.7555,1.5022,53.259,1.5218,38.231,14.5531,
2016-12-06,1.0734,122.28,1.9558,N/A,27.045,7.4384,N/A,0.8421,313.49,N/A,N/A,N/A,4.478,N/A,4.4975,9.803,N/A,N/A,1.0833,N/A,8.9803,7.54,68.4247,N/A,3.7202,1.4395,3.6837,1.4242,7.3861,8.325,14364.78,4.0884,72.7775,1255.21,21.871,4.7611,1.5059,53.191,1.5228,38.213,14.6122,
2016-12-05,1.0702,122.32,1.9558,N/A,27.057,7.4396,N/A,0.84168,313.97,N/A,N/A,N/A,4.5005,N/A,4.501,9.8015,N/A,N/A,1.0797,N/A,8.984,7.5356,68.1175,N/A,3.7794,1.4391,3.7044,1.424,7.3662,8.2997,14375.46,4.0954,72.9495,1254.48,22.0853,4.7608,1.5105,53.188,1.523,38.147,14.8125,
2016-12-02,1.0642,121.2,1.9558,N/A,27.058,7.4398,N/A,0.84303,313.93,N/A,N/A,N/A,4.4892,N/A,4.5095,9.7983,N/A,N/A,1.0751,N/A,8.986,7.5445,68.257,N/A,3.7747,1.4333,3.6909,1.4157,7.331,8.2534,14388.31,4.0772,72.638,1247.36,22.1158,4.7384,1.499,52.858,1.514,37.907,14.9853,
2016-12-01,1.0627,121.39,1.9558,N/A,27.061,7.4401,N/A,0.84098,313.96,N/A,N/A,N/A,4.4676,N/A,4.5042,9.7935,N/A,N/A,1.0764,N/A,8.9628,7.545,67.77,N/A,3.7032,1.4378,3.6597,1.424,7.3176,8.2422,14394.27,4.0736,72.637,1241.64,21.9342,4.7434,1.5008,52.833,1.5175,37.901,14.9575,
2016-11-30,1.0635,120.48,1.9558,N/A,27.06,7.4403,N/A,0.8525,311.51,N/A,N/A,N/A,4.4483,N/A,4.504,9.7538,N/A,N/A,1.0803,N/A,9.019,7.5378,68.4209,N/A,3.6372,1.4291,3.6118,1.4233,7.3205,8.2489,14413.08,4.085,72.859,1247.37,21.8775,4.7496,1.4911,52.913,1.5179,37.919,14.8895,
2016-11-29,1.0576,119.48,1.9558,N/A,27.045,7.4391,N/A,0.84815,311.48,N/A,N/A,N/A,4.4299,N/A,4.5172,9.7668,N/A,N/A,1.0752,N/A,9.0765,7.5368,69.0453,N/A,3.6267,1.421,3.6009,1.4232,7.2972,8.2024,14354.28,4.068,72.6565,1241.38,21.8756,4.7232,1.4912,52.664,1.5113,37.756,14.7958,
2016-11-28,1.0588,119.25,1.9558,N/A,27.044,7.4389,N/A,0.85303,310.65,N/A,N/A,N/A,4.4194,N/A,4.515,9.7798,N/A,N/A,1.0751,N/A,9.0848,7.5368,68.8075,N/A,3.6282,1.4194,3.5909,1.4242,7.315,8.2117,14325.56,4.0829,72.761,1243.58,21.757,4.7249,1.4991,52.785,1.5114,37.662,14.7014,
2016-11-25,1.0592,119.73,1.9558,N/A,27.039,7.438,N/A,0.85182,309.33,N/A,N/A,N/A,4.419,N/A,4.514,9.784,N/A,N/A,1.0736,N/A,9.069,7.5318,68.4111,N/A,3.6523,1.423,3.6394,1.429,7.3295,8.2153,14317.74,4.1047,72.5925,1247.03,21.8727,4.7203,1.504,52.801,1.5132,37.76,14.9718,
2016-11-24,1.0548,119.43,1.9558,N/A,27.034,7.4373,N/A,0.848,310.46,N/A,N/A,N/A,4.4239,N/A,4.51,9.7658,N/A,N/A,1.0727,N/A,9.0858,7.5303,68.0798,N/A,3.6136,1.4274,3.5909,1.4232,7.2988,8.1819,14292.54,4.0886,72.5245,1246.47,21.885,4.7043,1.5096,52.723,1.5107,37.635,15.0085,
2016-11-23,1.0602,118.04,1.9558,N/A,27.027,7.4398,N/A,0.85393,310.04,N/A,N/A,N/A,4.4154,N/A,4.5165,9.7863,N/A,N/A,1.0731,N/A,9.068,7.528,68.1458,N/A,3.5944,1.4294,3.586,1.426,7.3157,8.2232,14351.42,4.1055,72.8745,1248.2,21.834,4.7122,1.5039,52.899,1.5136,37.743,14.9912,
2016-11-22,1.0617,117.74,1.9558,N/A,27.044,7.4399,N/A,0.85423,308.89,N/A,N/A,N/A,4.4205,N/A,4.5117,9.7973,N/A,N/A,1.073,N/A,9.0563,7.53,67.96,N/A,3.5717,1.4352,3.5497,1.423,7.31,8.2341,14254.41,4.1041,72.509,1246.9,21.5845,4.6938,1.5033,52.878,1.5126,37.653,14.9242,
2016-11-21,1.0631,117.59,1.9558,N/A,27.032,7.4409,N/A,0.85725,309.13,N/A,N/A,N/A,4.4307,N/A,4.5105,9.8145,N/A,N/A,1.0727,N/A,9.0843,7.5368,68.169,N/A,3.5757,1.4424,3.5667,1.4308,7.3293,8.2457,14235.97,4.1138,72.449,1251.35,21.7761,4.6989,1.5081,52.884,1.5125,37.708,15.1173,
2016-11-18,1.0629,116.95,1.9558,N/A,27.035,7.4399,N/A,0.86218,309.49,N/A,N/A,N/A,4.4429,N/A,4.515,9.8243,N/A,N/A,1.0711,N/A,9.1038,7.532,68.7941,N/A,3.5798,1.4376,3.6049,1.4365,7.3156,8.245,14272.09,4.1163,72.217,1250.14,21.6968,4.681,1.5073,52.687,1.5107,37.744,15.279,
2016-11-17,1.0717,117.12,1.9558,N/A,27.05,7.4419,N/A,0.86055,309.36,N/A,N/A,N/A,4.4448,N/A,4.5187,9.8368,N/A,N/A,1.0737,N/A,9.0878,7.5228,69.2184,N/A,3.5712,1.4359,3.655,1.4389,7.3621,8.3133,14331.31,4.135,72.735,1261.17,21.7504,4.6962,1.5143,53.13,1.518,37.981,15.2932,
2016-11-16,1.0702,117.25,1.9558,N/A,27.036,7.4422,N/A,0.8611,310.59,N/A,N/A,N/A,4.4433,N/A,4.5198,9.8328,N/A,N/A,1.0738,N/A,9.072,7.5195,69.6846,N/A,3.5541,1.4333,3.6791,1.4425,7.362,8.302,14416.66,4.1269,72.847,1258.36,21.9071,4.6554,1.5179,52.83,1.5174,38.003,15.3397,
2016-11-15,1.0765,116.55,1.9558,N/A,27.03,7.4434,N/A,0.86638,309.97,N/A,N/A,N/A,4.4245,N/A,4.514,9.851,N/A,N/A,1.0758,N/A,9.0848,7.5158,70.2005,N/A,3.5307,1.424,3.7006,1.456,7.3816,8.3504,14391.32,4.1358,72.9385,1255.15,22.0328,4.6604,1.5144,52.888,1.5202,38.103,15.268,
2016-11-14,1.0777,116.27,1.9558,N/A,27.026,7.4425,N/A,0.85985,310.13,N/A,N/A,N/A,4.406,N/A,4.5183,9.8095,N/A,N/A,1.0739,N/A,9.135,7.5105,71.6148,N/A,3.5478,1.4276,3.7153,1.459,7.3759,8.3607,14395.38,4.1499,73.08,1263.99,22.5024,4.687,1.5193,52.993,1.5259,38.226,15.5062,
2016-11-11,1.0904,115.96,1.9558,N/A,27.054,7.4423,N/A,0.86133,309.25,N/A,N/A,N/A,4.4081,N/A,4.516,9.861,N/A,N/A,1.0732,N/A,9.1148,7.513,71.4075,N/A,3.5471,1.4338,3.7208,1.4711,7.4198,8.4593,14616.81,4.1782,73.3295,1270.2,22.7062,4.7342,1.5163,53.473,1.5359,38.491,15.5073,
2016-11-10,1.0895,116.4,1.9558,N/A,27.022,7.4414,N/A,0.87785,307.3,N/A,N/A,N/A,4.3588,N/A,4.5023,9.909,N/A,N/A,1.0762,N/A,9.0733,7.5045,69.6283,N/A,3.528,1.4336,3.5815,1.4689,7.4065,8.4495,14473.88,4.1841,72.7085,1264.88,22.0369,4.6883,1.5132,53.358,1.5348,38.307,15.1054,
2016-11-09,1.1022,114.54,1.9558,N/A,27.027,7.4417,N/A,0.8903,304.95,N/A,N/A,N/A,4.3388,N/A,4.505,10.0025,N/A,N/A,1.0793,N/A,9.1193,7.5048,69.8562,N/A,3.5215,1.4336,3.5565,1.4798,7.4771,8.5467,14539.12,4.1896,73.3765,1270.65,21.8522,4.6688,1.5065,53.78,1.5365,38.516,14.8301,
2016-11-08,1.1038,115.66,1.9558,N/A,27.021,7.4418,N/A,0.89088,305.57,N/A,N/A,N/A,4.3283,N/A,4.5073,9.9185,N/A,N/A,1.0778,N/A,9.0753,7.51,70.404,N/A,3.4993,1.4332,3.5364,1.4756,7.4919,8.5597,14456.3,4.2069,73.5085,1253.75,20.489,4.6562,1.506,53.684,1.5347,38.589,14.7318,
2016-11-07,1.1062,115.4,1.9558,N/A,27.021,7.4408,N/A,0.8904,306.05,N/A,N/A,N/A,4.3301,N/A,4.4988,9.9833,N/A,N/A,1.0789,N/A,9.1035,7.514,70.475,N/A,3.5068,1.4397,3.5445,1.4813,7.4941,8.58,14477.95,4.2173,73.844,1264.69,20.6389,4.6644,1.5116,53.892,1.5376,38.728,14.8845,
2016-11-04,1.1093,114.24,1.9558,N/A,27.021,7.4412,N/A,0.88808,306.13,N/A,N/A,N/A,4.3188,N/A,4.4995,9.963,N/A,N/A,1.0774,N/A,9.1098,7.5135,71.0672,N/A,3.493,1.4438,3.5996,1.4901,7.4955,8.6034,14519.46,4.2197,74.0395,1269.41,21.2285,4.6661,1.5169,53.837,1.5357,38.803,15.0121,
2016-11-03,1.1064,114.25,1.9558,N/A,27.021,7.4406,N/A,0.88658,307.88,N/A,N/A,N/A,4.3186,N/A,4.4988,9.9068,N/A,N/A,1.0787,N/A,9.0575,7.514,70.5482,N/A,3.4431,1.4434,3.572,1.4814,7.4832,8.581,14458.44,4.2207,73.846,1266.04,21.3426,4.6331,1.5134,53.556,1.5332,38.691,14.8945,
2016-11-02,1.1095,114.62,1.9558,N/A,27.022,7.4395,N/A,0.90063,308.06,N/A,N/A,N/A,4.3255,N/A,4.5028,9.891,N/A,N/A,1.0787,N/A,9.0735,7.513,70.3983,N/A,3.458,1.4479,3.5967,1.484,7.4983,8.604,14480.74,4.2334,73.971,1268.46,21.495,4.6366,1.5232,53.639,1.536,38.783,14.8423,
2016-11-01,1.1025,115.57,1.9558,N/A,27.024,7.4389,N/A,0.90173,307.73,N/A,N/A,N/A,4.3085,N/A,4.5055,9.88,N/A,N/A,1.0823,N/A,9.0213,7.508,69.3698,N/A,3.4195,1.4341,3.5239,1.473,7.4631,8.5504,14385.42,4.2134,73.5425,1258.44,20.818,4.6006,1.5342,53.228,1.5308,38.61,14.879,
2016-10-31,1.0946,114.97,1.9558,N/A,27.024,7.4393,N/A,0.9005,308.44,N/A,N/A,N/A,4.3278,N/A,4.506,9.865,N/A,N/A,1.082,N/A,9.0345,7.5093,69.2498,N/A,3.3965,1.4397,3.4836,1.4665,7.4156,8.4887,14273.82,4.2138,73.094,1254.89,20.715,4.597,1.5313,53.063,1.5251,38.327,14.8482,
2016-10-28,1.0922,115.1,1.9558,N/A,27.022,7.4382,N/A,0.89905,309.46,N/A,N/A,N/A,4.3307,N/A,4.5005,9.862,N/A,N/A,1.0855,N/A,9.0445,7.5068,68.7678,N/A,3.4058,1.4424,3.4841,1.4623,7.4053,8.4687,14253.76,4.2121,72.9575,1251.01,20.5575,4.596,1.5296,52.995,1.5229,38.282,15.161,
2016-10-27,1.0927,114.39,1.9558,N/A,27.022,7.4376,N/A,0.89158,309.23,N/A,N/A,N/A,4.3292,N/A,4.5038,9.815,N/A,N/A,1.0838,N/A,8.9858,7.501,68.6064,N/A,3.3845,1.4339,3.4261,1.4605,7.4082,8.4741,14240.57,4.1989,73.0135,1249.16,20.4611,4.5846,1.5296,52.985,1.5211,38.343,15.1421,
2016-10-26,1.0925,113.97,1.9558,N/A,27.021,7.4385,N/A,0.89465,309.09,N/A,N/A,N/A,4.3245,N/A,4.4965,9.7368,N/A,N/A,1.0838,N/A,9.0425,7.501,68.1,N/A,3.3702,1.422,3.4065,1.4602,7.3954,8.4732,14213.5,4.1938,73.0255,1240.92,20.3468,4.547,1.5246,52.94,1.5181,38.238,15.0219,
2016-10-25,1.0872,113.65,1.9558,N/A,27.021,7.4387,N/A,0.88998,308.16,N/A,N/A,N/A,4.3042,N/A,4.4901,9.718,N/A,N/A,1.0848,N/A,8.9868,7.503,67.4963,N/A,3.3407,1.4229,3.3872,1.4478,7.3685,8.4331,14140.12,4.1863,72.637,1230.63,20.1024,4.5142,1.5208,52.418,1.5133,37.998,15.0403,
2016-10-24,1.0891,113.29,1.9558,N/A,27.021,7.4394,N/A,0.89015,308.53,N/A,N/A,N/A,4.3166,N/A,4.5065,9.705,N/A,N/A,1.0821,N/A,8.9855,7.5083,67.797,N/A,3.3501,1.4282,3.42,1.4547,7.3775,8.4478,14178.99,4.2057,72.7975,1234.29,20.2263,4.5444,1.5215,52.562,1.5159,38.119,15.1167,
2016-10-21,1.0886,112.96,1.9558,N/A,27.021,7.4383,N/A,0.8932,308.3,N/A,N/A,N/A,4.3251,N/A,4.5043,9.6913,N/A,N/A,1.0825,N/A,8.9538,7.508,67.9165,N/A,3.3527,1.4268,3.434,1.4401,7.3625,8.4457,14231.9,4.1993,72.825,1238.63,20.3075,4.5569,1.519,52.574,1.5179,38.248,15.2751,
2016-10-20,1.098,113.76,1.9558,N/A,27.021,7.4403,N/A,0.89568,307.54,N/A,N/A,N/A,4.3282,N/A,4.503,9.704,N/A,N/A,1.0852,N/A,8.9625,7.5075,68.5407,N/A,3.3606,1.4314,3.4629,1.446,7.398,8.5181,14282.24,4.2182,73.3445,1237.37,20.381,4.5809,1.5185,52.727,1.5247,38.408,15.2739,
2016-10-19,1.0979,113.49,1.9558,N/A,27.021,7.4409,N/A,0.89338,307.08,N/A,N/A,N/A,4.318,N/A,4.502,9.698,N/A,N/A,1.0854,N/A,8.9585,7.5075,68.6223,N/A,3.3724,1.4298,3.5063,1.4361,7.3963,8.5175,14267.21,4.2056,73.189,1233.88,20.485,4.5971,1.5232,52.692,1.5228,38.317,15.265,
2016-10-18,1.0993,114.37,1.9558,N/A,27.021,7.4407,N/A,0.89565,306.93,N/A,N/A,N/A,4.3184,N/A,4.511,9.7025,N/A,N/A,1.0886,N/A,8.9565,7.5023,69.1488,N/A,3.4078,1.4332,3.5073,1.4382,7.406,8.5294,14323.88,4.2084,73.3345,1238.27,20.5713,4.6086,1.528,52.934,1.5242,38.541,15.4413,
2016-10-17,1.0994,114.46,1.9558,N/A,27.024,7.44,N/A,0.90485,306.93,N/A,N/A,N/A,4.3281,N/A,4.5065,9.7028,N/A,N/A,1.0872,N/A,9.0315,7.5065,69.0709,N/A,3.4017,1.4436,3.5147,1.4433,7.4075,8.5304,14355.97,4.2054,73.4565,1253.18,20.8199,4.6367,1.5433,53.357,1.527,38.776,15.6533,
2016-10-14,1.1002,114.76,1.9558,N/A,27.029,7.4398,N/A,0.8991,305.31,N/A,N/A,N/A,4.302,N/A,4.504,9.7068,N/A,N/A,1.0889,N/A,9.0248,7.5073,69.2807,N/A,3.3969,1.4421,3.4994,1.4485,7.4,8.5363,14358.56,4.2026,73.438,1246.06,20.8448,4.6128,1.5508,53.227,1.5263,38.804,15.6303,
2016-10-13,1.1038,114.49,1.9558,N/A,27.021,7.4395,N/A,0.9043,306.48,N/A,N/A,N/A,4.302,N/A,4.503,9.7365,N/A,N/A,1.0904,N/A,9.0768,7.512,69.806,N/A,3.4196,1.4604,3.5337,1.462,7.4261,8.5637,14434.94,4.2093,73.8375,1251.86,20.9532,4.649,1.5623,53.439,1.5275,39.273,15.7803,
2016-10-12,1.102,114.5,1.9558,N/A,27.025,7.4399,N/A,0.8999,306.05,N/A,N/A,N/A,4.2974,N/A,4.497,9.7318,N/A,N/A,1.0906,N/A,9.029,7.512,68.9576,N/A,3.4039,1.4553,3.5256,1.4598,7.4029,8.5494,14359.41,4.2053,73.61,1239.66,20.8564,4.6229,1.5621,53.557,1.524,39.397,15.8622,
2016-10-11,1.1079,114.9,1.9558,N/A,27.021,7.4412,N/A,0.90233,304.43,N/A,N/A,N/A,4.2712,N/A,4.4885,9.7318,N/A,N/A,1.0938,N/A,9.0395,7.5095,69.1597,N/A,3.4139,1.4679,3.5634,1.4653,7.444,8.5977,14451.84,4.2108,73.776,1245.11,20.9088,4.6354,1.5657,53.817,1.5277,39.209,15.802,
2016-10-10,1.116,115.39,1.9558,N/A,27.021,7.4409,N/A,0.9007,304.65,N/A,N/A,N/A,4.2821,N/A,4.5035,9.6618,N/A,N/A,1.096,N/A,9.0448,7.505,69.6779,N/A,3.4268,1.469,3.5886,1.479,7.485,8.6588,14482.89,4.2292,74.2325,1240.6,21.1388,4.6353,1.5647,54.027,1.5337,39.172,15.455,
2016-10-07,1.114,115.44,1.9558,N/A,27.021,7.4405,N/A,0.90353,303.86,N/A,N/A,N/A,4.2813,N/A,4.5046,9.6335,N/A,N/A,1.0946,N/A,9.001,7.5035,69.5692,N/A,3.3985,1.4696,3.6087,1.4784,7.4322,8.6426,14466.31,4.2314,74.3105,1243.04,21.5602,4.6343,1.559,53.883,1.532,38.89,15.4629,
2016-10-06,1.1185,116,1.9558,N/A,27.021,7.4413,N/A,0.88323,305.07,N/A,N/A,N/A,4.2928,N/A,4.476,9.632,N/A,N/A,1.0942,N/A,8.9938,7.512,69.7269,N/A,3.4141,1.4762,3.6206,1.4769,7.4605,8.6764,14560.63,4.2301,74.6445,1249.22,21.57,4.6563,1.5647,54.107,1.5365,38.985,15.4574,
2016-10-05,1.1211,115.65,1.9558,N/A,27.028,7.4417,N/A,0.88155,305.85,N/A,N/A,N/A,4.2941,N/A,4.4621,9.626,N/A,N/A,1.0959,N/A,8.9872,7.508,69.9836,N/A,3.4235,1.4722,3.6374,1.4816,7.4829,8.6958,14612.32,4.2343,74.6349,1250.31,21.6129,4.6397,1.5612,54.055,1.5365,39.02,15.4086,
2016-10-04,1.1161,114.5,1.9558,N/A,27.021,7.4418,N/A,0.8754,307.42,N/A,N/A,N/A,4.2936,N/A,4.4583,9.6005,N/A,N/A,1.0949,N/A,8.9175,7.507,69.7125,N/A,3.3883,1.4564,3.5816,1.4697,7.4462,8.6565,14507.07,4.2079,74.2035,1238.16,21.5831,4.6067,1.5327,53.856,1.5289,38.729,15.1834,
2016-10-03,1.1236,113.9,1.9558,N/A,27.021,7.4463,N/A,0.87318,308.18,N/A,N/A,N/A,4.2933,N/A,4.4505,9.593,N/A,N/A,1.0918,N/A,8.9625,7.5053,70.001,N/A,3.3861,1.4638,3.6409,1.4702,7.4962,8.7145,14587.14,4.2228,74.766,1237.21,21.615,4.6272,1.5454,54.179,1.5326,38.91,15.2641,
2016-09-30,1.1161,113.09,1.9558,N/A,27.021,7.4513,N/A,0.86103,309.79,N/A,N/A,N/A,4.3192,N/A,4.4537,9.621,N/A,N/A,1.0876,N/A,8.9865,7.522,70.514,N/A,3.3576,1.4657,3.621,1.469,7.4463,8.6547,14566.22,4.1996,74.3655,1229.76,21.7389,4.6148,1.5369,54.015,1.5235,38.695,15.5238,
2016-09-29,1.1221,113.88,1.9558,N/A,27.022,7.4523,N/A,0.86138,308.65,N/A,N/A,N/A,4.3065,N/A,4.453,9.6218,N/A,N/A,1.0876,N/A,9.0403,7.5153,70.8848,N/A,3.3661,1.4642,3.63,1.4683,7.482,8.7021,14559.25,4.2156,75.0305,1235.19,21.7955,4.627,1.5451,54.231,1.5287,38.881,15.474,
2016-09-28,1.1225,112.93,1.9558,N/A,27.023,7.4511,N/A,0.86208,307.95,N/A,N/A,N/A,4.2893,N/A,4.4506,9.6165,N/A,N/A,1.0891,N/A,9.0888,7.516,71.7039,N/A,3.3438,1.4637,3.6389,1.4829,7.4911,8.7041,14533.57,4.2148,74.5915,1231.76,21.8177,4.6434,1.5459,54.189,1.527,38.839,15.2492,
2016-09-27,1.122,112.52,1.9558,N/A,27.025,7.4501,N/A,0.86413,306.94,N/A,N/A,N/A,4.2887,N/A,4.4483,9.6213,N/A,N/A,1.088,N/A,9.1108,7.505,71.7263,N/A,3.3424,1.4661,3.6215,1.4873,7.4826,8.7005,14511.95,4.2025,74.5795,1232.69,21.925,4.6355,1.5388,54.235,1.5255,38.81,15.2031,
2016-09-26,1.1262,113.11,1.9558,N/A,27.021,7.4539,N/A,0.8709,306.52,N/A,N/A,N/A,4.3045,N/A,4.4498,9.6075,N/A,N/A,1.0905,N/A,9.1318,7.503,71.9272,N/A,3.3563,1.4751,3.6522,1.4825,7.5105,8.7342,14674.39,4.2339,75.06,1246.11,22.3599,4.6501,1.5513,54.365,1.5316,38.967,15.3985,
2016-09-23,1.1214,113.02,1.9558,N/A,27.022,7.4552,N/A,0.86435,305.51,N/A,N/A,N/A,4.2869,N/A,4.4475,9.582,N/A,N/A,1.0887,N/A,9.1028,7.5005,71.2201,N/A,3.3059,1.4685,3.5931,1.4625,7.4797,8.6979,14663.99,4.2161,74.711,1235.78,22.0086,4.6028,1.5435,53.881,1.5231,38.834,15.237,
2016-09-22,1.1238,113.19,1.9558,N/A,27.021,7.4543,N/A,0.85925,306.37,N/A,N/A,N/A,4.2852,N/A,4.4498,9.5833,N/A,N/A,1.0867,N/A,9.1073,7.5055,71.5987,N/A,3.3153,1.4674,3.594,1.4623,7.4949,8.7157,14691.06,4.2236,74.872,1238.31,22.051,4.6156,1.5341,53.806,1.5221,38.951,15.1567,
2016-09-21,1.115,112.49,1.9558,N/A,27.022,7.4546,N/A,0.85693,308.55,N/A,N/A,N/A,4.2915,N/A,4.4495,9.5698,N/A,N/A,1.0883,N/A,9.2318,7.508,71.7138,N/A,3.3168,1.4665,3.6137,1.4653,7.4384,8.6472,14646.08,4.2102,74.68,1240.6,22.0065,4.6125,1.517,53.301,1.5147,38.713,15.2889,
2016-09-20,1.1184,113.93,1.9558,N/A,27.022,7.452,N/A,0.86213,309.12,N/A,N/A,N/A,4.2975,N/A,4.4513,9.5763,N/A,N/A,1.0943,N/A,9.2648,7.5127,72.5141,N/A,3.3275,1.4812,3.6473,1.4792,7.4604,8.6753,14698.01,4.2231,74.962,1252.4,21.965,4.631,1.522,53.527,1.5237,38.909,15.5144,
2016-09-19,1.1165,113.65,1.9558,N/A,27.021,7.4503,N/A,0.855,307.76,N/A,N/A,N/A,4.2925,N/A,4.4475,9.5688,N/A,N/A,1.0955,N/A,9.2505,7.512,72.0211,N/A,3.3243,1.4792,3.644,1.4684,7.4469,8.6616,14701.1,4.2151,74.7835,1250.16,21.8847,4.6178,1.5267,53.559,1.522,38.885,15.6637,
2016-09-16,1.1226,114.35,1.9558,N/A,27.024,7.4471,N/A,0.85203,309.14,N/A,N/A,N/A,4.3167,N/A,4.4501,9.557,N/A,N/A,1.0941,N/A,9.2625,7.5115,72.8966,N/A,3.3384,1.4949,3.6993,1.4817,7.4915,8.7099,14770.61,4.2245,75.237,1263.64,21.7665,4.6441,1.5367,53.741,1.5318,39.19,15.868,
2016-09-15,1.1254,114.98,1.9558,N/A,27.023,7.4463,N/A,0.85198,310.25,N/A,N/A,N/A,4.3254,N/A,4.4483,9.55,N/A,N/A,1.0941,N/A,9.2648,7.511,73.1961,N/A,3.3484,1.5037,3.7439,1.4831,7.5102,8.7311,14827.15,4.2468,75.309,1267.89,21.6438,4.6551,1.5442,53.611,1.5366,39.265,15.9998,
2016-09-14,1.1218,115.37,1.9558,N/A,27.023,7.4442,N/A,0.85078,309.95,N/A,N/A,N/A,4.342,N/A,4.4475,9.5343,N/A,N/A,1.0945,N/A,9.2748,7.5,73.1292,N/A,3.347,1.5022,3.7097,1.4799,7.4894,8.7038,14845.9,4.247,75.071,1263.14,21.4804,4.6333,1.544,53.396,1.5327,39.14,16.0776,
2016-09-13,1.1247,114.98,1.9558,N/A,27.021,7.4437,N/A,0.84763,309.8,N/A,N/A,N/A,4.3478,N/A,4.446,9.538,N/A,N/A,1.0925,N/A,9.2315,7.4903,72.82,N/A,3.3505,1.4938,3.6809,1.4744,7.5138,8.7254,14830.3,4.2408,75.237,1263.43,21.38,4.6377,1.5352,53.665,1.5318,39.263,16.0811,
2016-09-12,1.1226,114.38,1.9558,N/A,27.024,7.4434,N/A,0.84475,309.98,N/A,N/A,N/A,4.3494,N/A,4.4499,9.5587,N/A,N/A,1.0935,N/A,9.2713,7.486,73.0373,N/A,3.3473,1.493,3.6931,1.4722,7.4995,8.7091,14705.5,4.2332,75.1105,1252.33,21.4395,4.637,1.535,53.383,1.5277,39.145,16.2563,
2016-09-09,1.1268,115.85,1.9558,N/A,27.022,7.4428,N/A,0.84558,308.61,N/A,N/A,N/A,4.3345,N/A,4.4495,9.502,N/A,N/A,1.0969,N/A,9.247,7.4838,72.5475,N/A,3.344,1.4836,3.6552,1.46,7.5276,8.7393,14796.65,4.2293,75.203,1244.18,21.1869,4.61,1.5299,53.337,1.528,39.201,16.1404,
2016-09-08,1.1296,114.8,1.9558,N/A,27.021,7.4429,N/A,0.8456,308.06,N/A,N/A,N/A,4.3103,N/A,4.4514,9.4945,N/A,N/A,1.0917,N/A,9.195,7.485,72.1488,N/A,3.3179,1.4632,3.5982,1.4546,7.5255,8.7615,14720.3,4.2351,74.983,1230.87,20.7145,4.5664,1.5158,52.945,1.5201,39.22,15.7057,
2016-09-07,1.1237,114.23,1.9558,N/A,27.021,7.4441,N/A,0.83968,308.65,N/A,N/A,N/A,4.3186,N/A,4.4525,9.5063,N/A,N/A,1.0891,N/A,9.1943,7.4865,72.4813,N/A,3.2939,1.4637,3.5944,1.4444,7.4876,8.7145,14675.52,4.2248,74.5655,1224.94,20.6223,4.5594,1.5054,52.477,1.5125,38.914,15.7627,
2016-09-06,1.1159,115.39,1.9558,N/A,27.021,7.4415,N/A,0.83535,309.8,N/A,N/A,N/A,4.3388,N/A,4.4513,9.536,N/A,N/A,1.0923,N/A,9.2113,7.4942,72.34,N/A,3.2821,1.4625,3.6445,1.4405,7.4525,8.6543,14637.26,4.2005,74.1975,1233.76,20.6702,4.5545,1.5205,51.988,1.513,38.677,15.8513,
2016-09-05,1.1156,115.24,1.9558,N/A,27.021,7.4407,N/A,0.83643,309.33,N/A,N/A,N/A,4.3541,N/A,4.4495,9.5478,N/A,N/A,1.0925,N/A,9.2458,7.501,72.4024,N/A,3.2872,1.4696,3.6258,1.4436,7.4496,8.6517,14658.43,4.2058,74.14,1234.36,20.6487,4.5472,1.5252,51.907,1.5135,38.711,16.0116,
2016-09-02,1.1193,115.83,1.9558,N/A,27.022,7.4403,N/A,0.8426,310.13,N/A,N/A,N/A,4.3914,N/A,4.4525,9.5985,N/A,N/A,1.0959,N/A,9.317,7.4803,73.5963,N/A,3.3125,1.481,3.6549,1.4643,7.4755,8.6815,14827.37,4.2135,74.762,1248.91,21.0145,4.574,1.5329,52.243,1.5196,38.739,16.2567,
2016-09-01,1.1146,115.59,1.9558,N/A,27.025,7.4418,N/A,0.8405,310.05,N/A,N/A,N/A,4.3645,N/A,4.4558,9.549,N/A,N/A,1.0978,N/A,9.305,7.4808,72.8322,N/A,3.3003,1.4801,3.6026,1.4634,7.4452,8.6463,14804.78,4.2059,74.633,1250.35,20.955,4.5675,1.5357,52.1,1.5198,38.61,16.3512,
2016-08-31,1.1132,115.01,1.9558,N/A,27.026,7.4432,N/A,0.84806,310.34,N/A,N/A,N/A,4.3533,N/A,4.4575,9.5159,N/A,N/A,1.0957,N/A,9.2765,7.4785,72.6624,N/A,3.2931,1.4806,3.6016,1.4583,7.4311,8.6357,14786.64,4.2229,74.5562,1243.66,20.9424,4.5519,1.5353,51.975,1.5181,38.549,16.1731,
2016-08-30,1.1168,114.27,1.9558,N/A,27.025,7.4448,N/A,0.8517,308.97,N/A,N/A,N/A,4.3436,N/A,4.4505,9.5008,N/A,N/A,1.0951,N/A,9.2873,7.4846,72.4564,N/A,3.2977,1.4787,3.5991,1.4562,7.4565,8.6631,14814.35,4.2241,74.8703,1244.47,20.7542,4.5205,1.5427,51.797,1.5196,38.608,16.0537,
2016-08-29,1.117,114.24,1.9558,N/A,27.023,7.4451,N/A,0.85476,308.76,N/A,N/A,N/A,4.3314,N/A,4.4576,9.494,N/A,N/A,1.0937,N/A,9.2731,7.4852,72.6695,N/A,3.3048,1.479,3.671,1.4536,7.4608,8.6637,14819.24,4.2319,75.0335,1254.7,20.7643,4.5183,1.5438,51.829,1.5212,38.647,16.23,
2016-08-26,1.129,113.33,1.9558,N/A,27.024,7.4462,N/A,0.8545,308.5,N/A,N/A,N/A,4.3244,N/A,4.4578,9.4903,N/A,N/A,1.0933,N/A,9.2501,7.4893,73.1392,N/A,3.316,1.4771,3.6441,1.4546,7.5318,8.7555,14906,4.2444,75.647,1258.02,20.7197,4.5349,1.5418,52.29,1.5269,39.004,15.8622,
2016-08-25,1.129,113.45,1.9558,N/A,27.026,7.4441,N/A,0.8557,309.8,N/A,N/A,N/A,4.3123,N/A,4.4526,9.4956,N/A,N/A,1.0905,N/A,9.2771,7.4916,73.22,N/A,3.3219,1.484,3.6365,1.4597,7.5146,8.7553,14973.93,4.2482,75.6974,1260.33,20.8385,4.5474,1.5453,52.347,1.5277,39.032,15.9528,
2016-08-24,1.1268,112.95,1.9558,N/A,27.022,7.4432,N/A,0.8513,309.99,N/A,N/A,N/A,4.3039,N/A,4.4597,9.4545,N/A,N/A,1.0891,N/A,9.246,7.492,73.0561,N/A,3.329,1.4782,3.6463,1.4581,7.5013,8.737,14969.54,4.2506,75.6268,1264.96,20.8945,4.5537,1.54,52.396,1.5257,39.013,15.938,
2016-08-23,1.1339,113.48,1.9558,N/A,27.023,7.4423,N/A,0.85995,310.49,N/A,N/A,N/A,4.3126,N/A,4.4568,9.4673,N/A,N/A,1.0896,N/A,9.2875,7.4862,73.1995,N/A,3.3247,1.4823,3.6146,1.4625,7.5301,8.7914,14991.29,4.2734,76.0496,1265.68,20.6848,4.5645,1.5482,52.635,1.5297,39.232,15.2793,
2016-08-22,1.1306,113.73,1.9558,N/A,27.024,7.4421,N/A,0.8624,310.15,N/A,N/A,N/A,4.3019,N/A,4.4583,9.4825,N/A,N/A,1.0886,N/A,9.3281,7.489,72.8855,N/A,3.3266,1.4856,3.6339,1.4602,7.5195,8.7656,14955.58,4.2725,75.992,1270.24,20.6901,4.5598,1.5605,52.641,1.5276,39.194,15.3625,
2016-08-19,1.1326,113.53,1.9558,N/A,27.022,7.4417,N/A,0.86537,310.28,N/A,N/A,N/A,4.2992,N/A,4.4658,9.4936,N/A,N/A,1.0852,N/A,9.3048,7.4851,72.5897,N/A,3.3262,1.4877,3.6659,1.4547,7.5341,8.7821,14941.26,4.2676,76.085,1269.15,20.7543,4.5534,1.5606,52.529,1.5267,39.241,15.3019,
2016-08-18,1.1321,113.6,1.9558,N/A,27.024,7.4417,N/A,0.86073,310.42,N/A,N/A,N/A,4.2925,N/A,4.4687,9.4759,N/A,N/A,1.0853,N/A,9.2389,7.4826,72.5612,N/A,3.3205,1.4766,3.6484,1.4524,7.5066,8.7784,14871.27,4.2787,75.6332,1257.07,20.554,4.5281,1.5578,52.377,1.5194,39.176,15.1227,
2016-08-17,1.1276,113.53,1.9558,N/A,27.023,7.4413,N/A,0.8664,310.63,N/A,N/A,N/A,4.2907,N/A,4.4753,9.4951,N/A,N/A,1.0863,N/A,9.2812,7.4759,72.2019,N/A,3.3086,1.478,3.6238,1.4529,7.4825,8.7457,14827.94,4.277,75.3999,1252.95,20.4678,4.5172,1.5596,52.35,1.516,39.104,15.1708,
2016-08-16,1.1295,112.74,1.9558,N/A,27.02,7.4397,N/A,0.8706,309.91,N/A,N/A,N/A,4.2696,N/A,4.4583,9.4532,N/A,N/A,1.0849,N/A,9.2101,7.483,72.0053,N/A,3.3045,1.4602,3.5741,1.4477,7.4772,8.7604,14774.99,4.2662,75.4101,1232.41,20.2785,4.4867,1.5488,52.142,1.5094,39.033,14.9524,
2016-08-15,1.118,112.97,1.9558,N/A,27.023,7.4405,N/A,0.86677,309.49,N/A,N/A,N/A,4.2695,N/A,4.4594,9.4601,N/A,N/A,1.0893,N/A,9.1752,7.4925,71.8869,N/A,3.3007,1.4577,3.5463,1.4446,7.4203,8.6725,14641.33,4.2585,74.7779,1229.06,20.2774,4.4757,1.5498,51.855,1.5025,38.701,14.9346,
2016-08-12,1.1158,113.77,1.9558,N/A,27.018,7.4398,N/A,0.8605,310.02,N/A,N/A,N/A,4.2658,N/A,4.459,9.4299,N/A,N/A,1.0888,N/A,9.1635,7.4916,72.2194,N/A,3.2998,1.4535,3.5287,1.4478,7.4173,8.6551,14623.67,4.2553,74.6069,1234.19,20.3881,4.4915,1.5497,51.963,1.5023,38.815,15.07,
2016-08-11,1.1153,113.05,1.9558,N/A,27.02,7.4386,N/A,0.86038,310.26,N/A,N/A,N/A,4.2604,N/A,4.4601,9.431,N/A,N/A,1.0859,N/A,9.2293,7.4952,72.3675,N/A,3.305,1.446,3.5156,1.4559,7.4031,8.6506,14610.43,4.252,74.5558,1226.97,20.5527,4.4676,1.539,52.085,1.4989,38.746,14.908,
2016-08-10,1.1184,113.09,1.9558,N/A,27.025,7.4384,N/A,0.85541,310.41,N/A,N/A,N/A,4.2684,N/A,4.4585,9.4811,N/A,N/A,1.0923,N/A,9.2571,7.4827,72.0826,N/A,3.303,1.445,3.4911,1.4557,7.4169,8.6748,14627.55,4.2597,74.531,1223.53,20.4917,4.4624,1.5418,52.13,1.4968,38.859,14.8482,
2016-08-09,1.1078,113.27,1.9558,N/A,27.027,7.4367,N/A,0.85399,310.37,N/A,N/A,N/A,4.2669,N/A,4.4598,9.4875,N/A,N/A,1.0899,N/A,9.357,7.4855,71.7804,N/A,3.3015,1.4463,3.5045,1.4567,7.3798,8.595,14547.53,4.2319,74.099,1224.66,20.5015,4.4668,1.5522,51.944,1.4931,38.737,15.0072,
2016-08-08,1.1087,113.59,1.9558,N/A,27.027,7.4368,N/A,0.84955,311.02,N/A,N/A,N/A,4.2786,N/A,4.4584,9.525,N/A,N/A,1.0883,N/A,9.4065,7.4799,71.809,N/A,3.3082,1.452,3.5239,1.4573,7.3848,8.5999,14552.8,4.2435,74.1,1229.38,20.6443,4.4694,1.5548,52.004,1.4944,38.793,15.1284,
2016-08-05,1.1156,112.73,1.9558,N/A,27.022,7.4373,N/A,0.8481,310.62,N/A,N/A,N/A,4.2841,N/A,4.4622,9.5043,N/A,N/A,1.0852,N/A,9.4022,7.4843,72.7967,N/A,3.3471,1.4567,3.5501,1.4529,7.411,8.6521,14617.71,4.2633,74.4919,1237.73,21.0282,4.4927,1.5473,52.3,1.4953,38.848,15.2536,
2016-08-04,1.1136,112.66,1.9558,N/A,27.027,7.4383,N/A,0.84603,311.18,N/A,N/A,N/A,4.294,N/A,4.4605,9.5105,N/A,N/A,1.0834,N/A,9.4118,7.4827,73.7722,N/A,3.3664,1.4604,3.5894,1.4536,7.3961,8.6384,14649.41,4.2612,74.474,1241.88,20.9694,4.5057,1.5479,52.417,1.4952,38.886,15.2998,
2016-08-03,1.12,113.22,1.9558,N/A,27.034,7.4387,N/A,0.8391,311,N/A,N/A,N/A,4.313,N/A,4.455,9.5146,N/A,N/A,1.0845,N/A,9.4236,7.4963,74.5458,N/A,3.3742,1.475,3.6606,1.4672,7.4234,8.6898,14738.64,4.2811,74.9224,1251.34,21.1797,4.5413,1.5577,52.737,1.502,39.127,15.6581,
2016-08-02,1.1193,113.72,1.9558,N/A,27.032,7.439,N/A,0.8431,311.1,N/A,N/A,N/A,4.3241,N/A,4.4542,9.5537,N/A,N/A,1.081,N/A,9.4363,7.4927,74.5098,N/A,3.3512,1.4717,3.6549,1.4608,7.4233,8.6863,14627.57,4.2704,74.673,1239.02,21.105,4.5187,1.5497,52.626,1.4986,38.907,15.6368,
2016-08-01,1.1164,114.28,1.9558,N/A,27.029,7.4389,N/A,0.8454,311.01,N/A,N/A,N/A,4.351,N/A,4.454,9.5833,N/A,N/A,1.0807,N/A,9.4455,7.4855,73.8736,N/A,3.3424,1.4751,3.6361,1.4587,7.4136,8.6623,14549.55,4.2513,74.464,1236.21,20.9306,4.4954,1.5545,52.474,1.4966,38.806,15.5121,
2016-07-29,1.1113,114.83,1.9558,N/A,27.031,7.4374,N/A,0.844,312.19,N/A,N/A,N/A,4.363,N/A,4.4655,9.5673,N/A,N/A,1.0823,N/A,9.5092,7.4875,74.4883,N/A,3.3523,1.4782,3.6478,1.4643,7.3908,8.621,14559.7,4.2494,74.407,1246.83,21.0288,4.52,1.5615,52.431,1.5015,38.712,15.7301,
2016-07-28,1.109,116.14,1.9558,N/A,27.045,7.4398,N/A,0.8422,312.15,N/A,N/A,N/A,4.3636,N/A,4.4585,9.5497,N/A,N/A,1.0892,N/A,9.4405,7.4855,73.6747,N/A,3.3491,1.4735,3.6306,1.4595,7.3838,8.6022,14530.67,4.2383,74.3543,1251.17,20.8716,4.5018,1.5646,52.242,1.4977,38.676,15.7968,
2016-07-27,1.0991,116.23,1.9558,N/A,27.035,7.4392,N/A,0.83875,313.56,N/A,N/A,N/A,4.3733,N/A,4.466,9.537,N/A,N/A,1.0928,N/A,9.4387,7.486,72.5463,N/A,3.3422,1.4715,3.6056,1.4497,7.3311,8.5253,14447.16,4.2213,73.87,1247.17,20.6866,4.4893,1.5631,51.872,1.4926,38.451,15.7081,
2016-07-26,1.0997,114.67,1.9558,N/A,27.021,7.4393,N/A,0.8371,313.16,N/A,N/A,N/A,4.3629,N/A,4.4657,9.5124,N/A,N/A,1.087,N/A,9.437,7.4855,72.892,N/A,3.3508,1.4599,3.608,1.4553,7.3357,8.5301,14488.8,4.226,74.042,1249.22,20.6734,4.4693,1.5561,51.855,1.4925,38.494,15.8672,
2016-07-25,1.0982,116.64,1.9558,N/A,27.025,7.4393,N/A,0.8367,312.64,N/A,N/A,N/A,4.3578,N/A,4.448,9.507,N/A,N/A,1.0839,N/A,9.4102,7.4853,71.2651,N/A,3.3277,1.4666,3.5758,1.4465,7.3356,8.519,14426.5,4.2229,73.9624,1250.46,20.4059,4.4692,1.5709,51.751,1.4944,38.482,15.6755,
2016-07-22,1.1014,116.86,1.9558,N/A,27.023,7.439,N/A,0.84108,313.34,N/A,N/A,N/A,4.3554,N/A,4.4609,9.4979,N/A,N/A,1.086,N/A,9.3847,7.4863,71.0806,N/A,3.356,1.4717,3.6138,1.4436,7.35,8.542,14445.45,4.2232,73.8783,1251.19,20.4913,4.4696,1.5748,51.836,1.4934,38.463,15.692,
2016-07-21,1.1015,117.05,1.9558,N/A,27.025,7.439,N/A,0.83595,314.61,N/A,N/A,N/A,4.3692,N/A,4.4686,9.4736,N/A,N/A,1.0872,N/A,9.3541,7.4845,70.3897,N/A,3.3841,1.471,3.5804,1.4376,7.3505,8.5426,14448.38,4.2463,74.0373,1253.58,20.5428,4.486,1.5789,51.975,1.4931,38.564,15.7433,
2016-07-20,1.1013,117.33,1.9558,N/A,27.022,7.4384,N/A,0.83605,315.05,N/A,N/A,N/A,4.3758,N/A,4.4741,9.4684,N/A,N/A,1.0882,N/A,9.3552,7.4855,69.7877,N/A,3.3463,1.4712,3.5761,1.4382,7.3501,8.5405,14433.83,4.2491,74.0123,1257.06,20.3683,4.4456,1.5658,51.917,1.4962,38.583,15.7296,
2016-07-19,1.1035,117.2,1.9558,N/A,27.014,7.4389,N/A,0.8395,314.73,N/A,N/A,N/A,4.3729,N/A,4.4772,9.4922,N/A,N/A,1.0877,N/A,9.3489,7.4905,69.5272,N/A,3.2878,1.4727,3.6078,1.4364,7.3875,8.5585,14443.16,4.2582,74.0824,1257.6,20.3706,4.4205,1.5684,51.735,1.4921,38.615,15.8098,
2016-07-18,1.1053,116.82,1.9558,N/A,27.024,7.4387,N/A,0.83372,315.01,N/A,N/A,N/A,4.3805,N/A,4.4686,9.4679,N/A,N/A,1.0869,N/A,9.3627,7.4957,69.7145,N/A,3.268,1.4557,3.5963,1.4315,7.4089,8.5713,14468.93,4.265,74.2758,1257.6,20.4348,4.3971,1.5555,51.65,1.49,38.647,15.7685,
2016-07-15,1.1128,117.63,1.9558,N/A,27.04,7.4375,N/A,0.83275,314.95,N/A,N/A,N/A,4.4099,N/A,4.4802,9.4556,N/A,N/A,1.0899,N/A,9.3183,7.5023,70.3711,N/A,3.2125,1.4538,3.6232,1.4317,7.4355,8.6283,14563.77,4.2818,74.585,1260.06,20.4417,4.3932,1.5534,51.95,1.4961,38.898,15.9668,
2016-07-14,1.1157,117.88,1.9558,N/A,27.049,7.4378,N/A,0.83311,313.64,N/A,N/A,N/A,4.4115,N/A,4.4903,9.4413,N/A,N/A,1.09,N/A,9.3247,7.5116,70.4687,N/A,3.2223,1.4588,3.6041,1.4422,7.4577,8.6538,14562.12,4.2923,74.594,1262.25,20.3522,4.3816,1.5474,52.436,1.4978,39.115,15.8563,
2016-07-13,1.1072,115.82,1.9558,N/A,27.033,7.4378,N/A,0.83398,313.39,N/A,N/A,N/A,4.4055,N/A,4.4914,9.4368,N/A,N/A,1.0909,N/A,9.3145,7.4932,70.6406,N/A,3.2047,1.4517,3.6517,1.4452,7.4077,8.5892,14443.98,4.2832,74.2155,1265.58,20.28,4.3659,1.5154,52.182,1.4903,38.951,15.8695,
2016-07-12,1.1092,115.29,1.9558,N/A,27.034,7.4378,N/A,0.84275,313.94,N/A,N/A,N/A,4.4171,N/A,4.4942,9.447,N/A,N/A,1.0904,N/A,9.3499,7.4928,70.8144,N/A,3.2028,1.4532,3.6414,1.4452,7.4148,8.6051,14555.48,4.2962,74.422,1271.3,20.2867,4.3964,1.5184,52.534,1.4939,39.011,15.8657,
2016-07-11,1.1049,113.23,1.9558,N/A,27.037,7.4372,N/A,0.85097,313.07,N/A,N/A,N/A,4.421,N/A,4.4938,9.476,N/A,N/A,1.0867,N/A,9.4061,7.4765,70.9862,N/A,3.2027,1.4617,3.6651,1.4437,7.3926,8.5731,14476.95,4.2913,74.1865,1268.78,20.378,4.411,1.525,52.309,1.491,38.817,15.9573,
2016-07-08,1.107,111.17,1.9558,N/A,27.033,7.4412,N/A,0.85243,314.08,N/A,N/A,N/A,4.4278,N/A,4.5132,9.4685,N/A,N/A,1.0855,N/A,9.393,7.4842,70.9558,N/A,3.2402,1.4731,3.6942,1.4406,7.4011,8.5866,14605.2,4.3011,74.5132,1280.91,20.7956,4.4535,1.5221,52.252,1.4903,39.039,16.2687,
2016-07-07,1.108,111.9,1.9558,N/A,27.049,7.4411,N/A,0.85085,315.52,N/A,N/A,N/A,4.4275,N/A,4.5144,9.4792,N/A,N/A,1.082,N/A,9.3782,7.4856,70.9286,N/A,3.2468,1.4737,3.6894,1.4328,7.4044,8.5966,14603.44,4.3006,74.7044,1280.63,20.7274,4.4636,1.5338,52.157,1.4934,38.979,16.2433,
2016-07-06,1.1069,111.48,1.9558,N/A,27.078,7.4411,N/A,0.853,316.6,N/A,N/A,N/A,4.4562,N/A,4.5185,9.4671,N/A,N/A,1.0821,N/A,9.3517,7.4904,71.6165,N/A,3.2628,1.4812,3.6787,1.4419,7.4018,8.5885,14617.72,4.3114,74.6283,1289.1,20.9024,4.4828,1.5556,52.153,1.4969,38.952,16.4815,
2016-07-05,1.1146,113.5,1.9558,N/A,27.071,7.4399,N/A,0.84997,316.33,N/A,N/A,N/A,4.4457,N/A,4.5185,9.4329,N/A,N/A,1.0837,N/A,9.3197,7.5025,71.6075,N/A,3.255,1.4902,3.6655,1.4418,7.4379,8.6474,14633.23,4.3121,75.2034,1289.88,20.8069,4.4897,1.5522,52.386,1.504,39.163,16.442,
2016-07-04,1.1138,114.29,1.9558,N/A,27.095,7.441,N/A,0.83905,316.93,N/A,N/A,N/A,4.4304,N/A,4.5133,9.391,N/A,N/A,1.0839,N/A,9.2538,7.518,71.0115,N/A,3.2284,1.4792,3.6131,1.4328,7.4229,8.6418,14586.69,4.2916,74.9065,1278.83,20.4241,4.4459,1.5452,52.176,1.4989,39.028,16.1416,
2016-07-01,1.1135,114.29,1.9558,N/A,27.093,7.438,N/A,0.8383,316.52,N/A,N/A,N/A,4.3966,N/A,4.5157,9.39,N/A,N/A,1.0835,N/A,9.2975,7.5235,71.3087,N/A,3.2077,1.4884,3.5837,1.439,7.4111,8.6393,14597.99,4.2795,74.9698,1275.76,20.1814,4.4376,1.5508,52.334,1.4959,39.033,16.2287,
2016-06-30,1.1102,114.05,1.9558,N/A,27.131,7.4393,N/A,0.8265,317.06,N/A,N/A,N/A,4.4362,N/A,4.5234,9.4242,N/A,N/A,1.0867,N/A,9.3008,7.5281,71.52,N/A,3.206,1.4929,3.5898,1.4384,7.3755,8.6135,14601.7,4.2761,74.9603,1278.48,20.6347,4.4301,1.5616,52.241,1.4957,39.007,16.4461,
2016-06-29,1.109,113.85,1.9558,N/A,27.114,7.4376,N/A,0.8255,316.95,N/A,N/A,N/A,4.4261,N/A,4.5253,9.4311,N/A,N/A,1.0854,N/A,9.3065,7.5273,71.0452,N/A,3.2157,1.4911,3.6216,1.4407,7.368,8.6041,14577.25,4.2793,74.9693,1283.15,20.7331,4.4594,1.5565,52.106,1.4951,39.028,16.6016,
2016-06-28,1.1073,113.4,1.9558,N/A,27.108,7.4386,N/A,0.8272,317.67,N/A,N/A,N/A,4.4413,N/A,4.5247,9.4425,N/A,N/A,1.0845,N/A,9.3785,7.515,71.6883,N/A,3.2201,1.4984,3.7183,1.4438,7.3606,8.5925,14595.53,4.2972,75.207,1294.19,20.9827,4.5077,1.5671,52.15,1.5006,39.062,16.8831,
2016-06-27,1.0998,111.8,1.9558,N/A,27.151,7.437,N/A,0.834,318.35,N/A,N/A,N/A,4.4619,N/A,4.516,9.405,N/A,N/A,1.0736,N/A,9.4045,7.5195,71.7922,N/A,3.2386,1.4857,3.743,1.435,7.3108,8.5325,14733.5,4.2873,74.7365,1302.91,20.9644,4.5147,1.5569,51.984,1.4955,38.839,16.8551,
2016-06-24,1.1066,113.23,1.9558,N/A,27.103,7.4371,N/A,0.8075,317.9,N/A,N/A,N/A,4.455,N/A,4.5345,9.461,N/A,N/A,1.0808,N/A,9.42,7.525,72.6282,N/A,3.2457,1.491,3.8063,1.4392,7.3301,8.5887,14837.95,4.3113,75.254,1296.89,20.8811,4.5511,1.5613,51.947,1.4973,39.085,16.7318,
2016-06-23,1.1389,120.38,1.9558,N/A,27.062,7.4396,N/A,0.76595,314.28,N/A,N/A,N/A,4.3571,N/A,4.5114,9.303,N/A,N/A,1.0876,N/A,9.2993,7.521,72.9548,N/A,3.2692,1.506,3.8172,1.4517,7.4935,8.8351,14961.77,4.3552,76.651,1304.47,20.8305,4.5469,1.5763,52.879,1.5252,40.101,16.4651,
2016-06-22,1.1283,118.01,1.9558,N/A,27.071,7.4384,N/A,0.76793,314.42,N/A,N/A,N/A,4.3785,N/A,4.526,9.3468,N/A,N/A,1.083,N/A,9.3555,7.52,72.266,N/A,3.275,1.5033,3.8357,1.4399,7.4227,8.7524,14988.34,4.3471,76.1553,1297.62,21.0048,4.543,1.5732,52.434,1.5112,39.716,16.577,
2016-06-21,1.1314,118.39,1.9558,N/A,27.064,7.4358,N/A,0.76755,314.08,N/A,N/A,N/A,4.3991,N/A,4.5408,9.324,N/A,N/A,1.085,N/A,9.3718,7.5185,72.7638,N/A,3.2791,1.5073,3.81,1.4451,7.4466,8.7778,15005.19,4.3667,76.4493,1304.05,21.0037,4.5563,1.5804,52.379,1.5169,39.837,16.6044,
2016-06-20,1.1332,118.57,1.9558,N/A,27.063,7.4359,N/A,0.77375,312.92,N/A,N/A,N/A,4.3925,N/A,4.5393,9.3338,N/A,N/A,1.0884,N/A,9.3575,7.518,72.4231,N/A,3.2821,1.5188,3.8286,1.452,7.4562,8.7936,15024.25,4.3632,76.328,1312.29,21.0894,4.5942,1.5936,52.434,1.5225,39.877,16.7941,
2016-06-17,1.1254,117.34,1.9558,N/A,27.069,7.4362,N/A,0.7877,314.26,N/A,N/A,N/A,4.4463,N/A,4.5355,9.3815,N/A,N/A,1.0818,N/A,9.431,7.521,73.2867,N/A,3.2988,1.5234,3.8942,1.4519,7.4171,8.7338,14996.53,4.3572,75.4975,1318.22,21.2471,4.6153,1.5959,52.258,1.5187,39.704,17.1218,
2016-06-16,1.1174,116.65,1.9558,N/A,27.067,7.4355,N/A,0.79033,315.15,N/A,N/A,N/A,4.449,N/A,4.539,9.3915,N/A,N/A,1.0812,N/A,9.3798,7.524,73.5915,N/A,3.2804,1.5212,3.8943,1.453,7.3593,8.6715,14970.82,4.3228,75.201,1315.79,21.1845,4.5885,1.5899,51.899,1.5116,39.455,17.224,
2016-06-15,1.123,119.29,1.9558,N/A,27.073,7.4356,N/A,0.79158,313.86,N/A,N/A,N/A,4.4119,N/A,4.5358,9.354,N/A,N/A,1.0817,N/A,9.3415,7.5278,73.739,N/A,3.2905,1.5188,3.8945,1.4438,7.3905,8.7162,15010.63,4.3531,75.367,1316.08,21.1993,4.6054,1.5974,52.032,1.5215,39.602,17.1016,
2016-06-14,1.1225,118.98,1.9558,N/A,27.048,7.4358,N/A,0.79478,313.96,N/A,N/A,N/A,4.4332,N/A,4.5235,9.3184,N/A,N/A,1.0832,N/A,9.3655,7.5235,74.3488,N/A,3.2886,1.5277,3.9273,1.4449,7.4015,8.7113,14992,4.3405,75.555,1324.26,21.3172,4.6086,1.6022,51.986,1.5229,39.595,17.2368,
2016-06-13,1.1268,119.51,1.9558,N/A,27.035,7.4356,N/A,0.79515,312.37,N/A,N/A,N/A,4.3884,N/A,4.5178,9.3265,N/A,N/A,1.0888,N/A,9.3265,7.5305,74.0264,N/A,3.2939,1.5228,3.876,1.439,7.4212,8.747,15011.14,4.3609,75.6125,1322.63,21.0672,4.6108,1.5949,52.002,1.5272,39.669,17.1,
2016-06-10,1.1304,120.79,1.9558,N/A,27.026,7.4356,N/A,0.7848,311.39,N/A,N/A,N/A,4.3591,N/A,4.5148,9.3233,N/A,N/A,1.0885,N/A,9.2725,7.539,73.142,N/A,3.2994,1.5274,3.8662,1.441,7.4143,8.7738,15029.37,4.3532,75.52,1316.14,20.8033,4.5985,1.595,51.978,1.5307,39.79,17.0584,
2016-06-09,1.1343,120.72,1.9558,N/A,27.021,7.4362,N/A,0.78438,311.44,N/A,N/A,N/A,4.3321,N/A,4.5095,9.2433,N/A,N/A,1.0916,N/A,9.2489,7.536,72.822,N/A,3.285,1.525,3.8378,1.4459,7.4405,8.8047,15073.44,4.361,75.6925,1316.56,20.6766,4.5911,1.5936,52.188,1.5336,39.95,16.816,
2016-06-08,1.1378,121.77,1.9558,N/A,27.021,7.4364,N/A,0.78048,310.09,N/A,N/A,N/A,4.3228,N/A,4.5064,9.2283,N/A,N/A,1.0942,N/A,9.2055,7.5285,72.5458,N/A,3.2799,1.5228,3.8786,1.443,7.4727,8.8338,15025.79,4.3531,75.721,1311.38,20.682,4.5811,1.6226,52.223,1.5337,39.994,16.7612,
2016-06-07,1.1348,122.16,1.9558,N/A,27.021,7.4364,N/A,0.7788,310.48,N/A,N/A,N/A,4.3486,N/A,4.5073,9.2238,N/A,N/A,1.0979,N/A,9.2225,7.5128,73.7121,N/A,3.2897,1.526,3.9788,1.4505,7.4579,8.8145,15032.7,4.3356,75.7405,1311.68,21.0712,4.605,1.632,52.229,1.5362,39.99,16.8695,
2016-06-06,1.1349,121.58,1.9558,N/A,27.023,7.4377,N/A,0.7872,311.45,N/A,N/A,N/A,4.3776,N/A,4.5192,9.246,N/A,N/A,1.1051,N/A,9.2935,7.5075,74.1968,N/A,3.3014,1.5417,3.9934,1.4665,7.452,8.8154,15162.26,4.3502,75.9995,1323,21.0626,4.6472,1.6378,52.398,1.5424,40.028,17.0065,
2016-06-03,1.1154,121.47,1.9558,N/A,27.025,7.4382,N/A,0.77285,312.44,N/A,N/A,N/A,4.3861,N/A,4.5188,9.2605,N/A,N/A,1.105,N/A,9.2853,7.4958,74.9088,N/A,3.2902,1.5397,3.9973,1.4594,7.3468,8.6683,15146.02,4.3239,75.011,1322.41,20.8803,4.6261,1.6287,51.821,1.5351,39.719,17.3778,
2016-06-02,1.1188,121.96,1.9558,N/A,27.029,7.4383,N/A,0.77335,313.02,N/A,N/A,N/A,4.3903,N/A,4.52,9.2945,N/A,N/A,1.1062,N/A,9.336,7.4975,75.042,N/A,3.2973,1.5516,4.0235,1.4662,7.3639,8.6932,15268.82,4.3105,75.297,1329.35,20.7779,4.6495,1.6474,52.107,1.5399,39.829,17.4454,
2016-06-01,1.1174,122.07,1.9558,N/A,27.027,7.4385,N/A,0.77358,314.11,N/A,N/A,N/A,4.3978,N/A,4.5178,9.2796,N/A,N/A,1.1055,N/A,9.3083,7.5118,74.7806,N/A,3.2938,1.537,4.0211,1.4586,7.3498,8.6818,15273.74,4.3042,75.378,1331.53,20.6531,4.6409,1.6373,52.11,1.5375,39.846,17.5384,
2016-05-31,1.1154,123.83,1.9558,N/A,27.022,7.4376,N/A,0.76185,314.11,N/A,N/A,N/A,4.3865,N/A,4.5108,9.291,N/A,N/A,1.1044,N/A,9.32,7.4895,73.53,N/A,3.2927,1.5366,3.985,1.453,7.3363,8.664,15180.41,4.2961,74.951,1326.11,20.5185,4.594,1.6516,52.149,1.5367,39.775,17.5863,
2016-05-30,1.1139,123.85,1.9558,N/A,27.021,7.4369,N/A,0.76125,313.81,N/A,N/A,N/A,4.394,N/A,4.5033,9.283,N/A,N/A,1.1058,N/A,9.3025,7.4848,73.3946,N/A,3.2932,1.5504,4.0148,1.4524,7.3314,8.6537,15199.17,4.2847,74.7865,1326.59,20.5769,4.5865,1.6624,52.053,1.5384,39.8,17.5673,
2016-05-27,1.1168,122.46,1.9558,N/A,27.028,7.4367,N/A,0.76245,314.21,N/A,N/A,N/A,4.3912,N/A,4.5034,9.2673,N/A,N/A,1.1068,N/A,9.282,7.4905,73.7516,N/A,3.2928,1.5483,4.031,1.456,7.3281,8.6735,15157.25,4.2938,74.867,1316.98,20.6611,4.5554,1.6586,52.096,1.536,39.851,17.4504,
2016-05-26,1.1168,122.93,1.9558,N/A,27.023,7.4367,N/A,0.7597,314.39,N/A,N/A,N/A,4.4108,N/A,4.507,9.287,N/A,N/A,1.1075,N/A,9.247,7.4951,72.742,N/A,3.2744,1.5481,4.0004,1.4443,7.3237,8.673,15192.39,4.2839,74.9155,1317.87,20.5139,4.5435,1.6591,52.131,1.5381,39.758,17.4165,
2016-05-25,1.1146,122.79,1.9558,N/A,27.028,7.4369,N/A,0.75925,314.29,N/A,N/A,N/A,4.4205,N/A,4.5091,9.2651,N/A,N/A,1.1049,N/A,9.2945,7.4968,73.2362,N/A,3.2884,1.5475,3.9681,1.4608,7.3136,8.6534,15203.7,4.2949,75.1,1317.16,20.5022,4.5711,1.6488,52.109,1.5372,39.768,17.4749,
2016-05-24,1.1168,122.56,1.9558,N/A,27.025,7.4365,N/A,0.76513,316,N/A,N/A,N/A,4.4358,N/A,4.5083,9.306,N/A,N/A,1.1079,N/A,9.3355,7.495,74.4262,N/A,3.3035,1.5597,3.9639,1.4684,7.3226,8.6743,15278.26,4.3129,75.578,1329.32,20.5852,4.5959,1.6604,52.267,1.5445,39.914,17.4501,
2016-05-23,1.1215,122.7,1.9558,N/A,27.033,7.4371,N/A,0.77443,317.05,N/A,N/A,N/A,4.4367,N/A,4.521,9.344,N/A,N/A,1.1105,N/A,9.3658,7.489,75.2277,N/A,3.3495,1.5542,3.9832,1.4745,7.3507,8.7104,15232.77,4.3459,75.7263,1329.78,20.6021,4.5816,1.6538,52.481,1.5478,39.993,17.5173,
2016-05-20,1.1219,123.81,1.9558,N/A,27.025,7.437,N/A,0.77008,316.78,N/A,N/A,N/A,4.4203,N/A,4.5058,9.3588,N/A,N/A,1.1123,N/A,9.3355,7.4865,74.9139,N/A,3.3476,1.5519,3.9797,1.4704,7.3456,8.7141,15285.95,4.3523,75.6975,1332.02,20.6541,4.5785,1.6578,52.477,1.5499,40.085,17.6669,
2016-05-19,1.1197,123.17,1.9558,N/A,27.023,7.4366,N/A,0.76585,316.62,N/A,N/A,N/A,4.3928,N/A,4.5043,9.3709,N/A,N/A,1.1089,N/A,9.3593,7.489,74.5356,N/A,3.3527,1.5563,4.0146,1.4679,7.3318,8.6967,15245.16,4.3208,75.5418,1333.5,20.6779,4.5808,1.6614,52.447,1.545,39.973,17.7453,
2016-05-18,1.1279,123.38,1.9558,N/A,27.022,7.4373,N/A,0.77485,316.05,N/A,N/A,N/A,4.3885,N/A,4.499,9.3525,N/A,N/A,1.1086,N/A,9.2785,7.488,73.7809,N/A,3.3659,1.5521,3.9891,1.4637,7.3714,8.7575,15101.45,4.3277,75.546,1340.31,20.7883,4.5697,1.6666,52.624,1.5539,40.165,17.9156,
2016-05-17,1.1318,123.93,1.9558,N/A,27.022,7.4386,N/A,0.7815,315.25,N/A,N/A,N/A,4.3621,N/A,4.4865,9.3513,N/A,N/A,1.108,N/A,9.2558,7.4928,73.37,N/A,3.3575,1.5457,3.9451,1.4631,7.3867,8.7849,15074.64,4.323,75.6285,1331.66,20.7275,4.5481,1.6651,52.581,1.5501,40.168,17.6561,
2016-05-16,1.1324,123.27,1.9558,N/A,27.023,7.4385,N/A,0.788,315.5,N/A,N/A,N/A,4.3718,N/A,4.4876,9.337,N/A,N/A,1.1059,N/A,9.237,7.4965,73.5759,N/A,3.376,1.5526,3.9999,1.4634,7.3865,8.791,15069.75,4.318,75.694,1335.9,20.6176,4.5639,1.6657,52.652,1.5511,40.064,17.631,
2016-05-13,1.1348,123.56,1.9558,N/A,27.021,7.4398,N/A,0.78758,315.17,N/A,N/A,N/A,4.3929,N/A,4.4975,9.3285,N/A,N/A,1.1024,N/A,9.2678,7.502,74.0697,N/A,3.3639,1.5579,3.9559,1.4619,7.4001,8.8097,15112.7,4.2824,75.7825,1330.91,20.4831,4.5731,1.6692,52.933,1.5552,40.206,17.2132,
2016-05-12,1.1389,124.5,1.9558,N/A,27.023,7.4407,N/A,0.78888,314.91,N/A,N/A,N/A,4.4193,N/A,4.4998,9.2945,N/A,N/A,1.1063,N/A,9.232,7.503,73.743,N/A,3.3569,1.5541,3.9419,1.4594,7.4242,8.8378,15131.14,4.2833,75.929,1331.57,20.3883,4.5704,1.6724,53.015,1.562,40.266,17.0732,
2016-05-11,1.1409,124.09,1.9558,N/A,27.022,7.4409,N/A,0.78958,315.3,N/A,N/A,N/A,4.4244,N/A,4.4915,9.292,N/A,N/A,1.1099,N/A,9.3475,7.5218,75.0267,N/A,3.3801,1.5474,3.9517,1.4686,7.4212,8.8542,15155.05,4.295,75.9935,1332.79,20.5313,4.6035,1.6763,53.055,1.561,40.228,17.2737,
2016-05-10,1.1375,124.12,1.9558,N/A,27.023,7.4396,N/A,0.7876,314.5,N/A,N/A,N/A,4.4201,N/A,4.4885,9.2778,N/A,N/A,1.1079,N/A,9.352,7.5034,75.6404,N/A,3.345,1.5486,3.9647,1.4744,7.413,8.8299,15138.32,4.3042,75.8435,1334.99,20.623,4.6196,1.6884,53.126,1.5577,40.074,17.3215,
2016-05-09,1.1395,123.39,1.9558,N/A,27.022,7.4393,N/A,0.78998,315.05,N/A,N/A,N/A,4.4142,N/A,4.4905,9.273,N/A,N/A,1.1053,N/A,9.333,7.4793,75.1908,N/A,3.3446,1.5544,3.9971,1.4743,7.4207,8.8455,15135.96,4.3089,75.896,1337.36,20.432,4.5854,1.6746,53.832,1.5572,40.059,17.2127,
2016-05-06,1.1427,122.23,1.9558,N/A,27.021,7.439,N/A,0.7885,313.68,N/A,N/A,N/A,4.4198,N/A,4.5005,9.2753,N/A,N/A,1.107,N/A,9.3513,7.502,75.9135,N/A,3.3363,1.5501,4.065,1.4717,7.43,8.8678,15276.76,4.3191,76.141,1339.64,20.5185,4.5845,1.6702,53.884,1.5526,40.189,17.0959,
2016-05-05,1.1439,122.51,1.9558,N/A,27.028,7.4401,N/A,0.7886,312.84,N/A,N/A,N/A,4.4234,N/A,4.5035,9.2575,N/A,N/A,1.1018,N/A,9.2985,7.515,75.0559,N/A,3.3166,1.5266,4.0282,1.4665,7.441,8.8775,15260.95,4.3221,76.0745,1333.95,20.2155,4.5819,1.6577,54.171,1.5531,40.191,17.0751,
2016-05-04,1.1505,122.62,1.9558,N/A,27.031,7.4404,N/A,0.79284,312.58,N/A,N/A,N/A,4.3936,N/A,4.492,9.263,N/A,N/A,1.0993,N/A,9.341,7.511,75.956,N/A,3.2893,1.5379,4.1091,1.467,7.4789,8.9295,15320.06,4.3407,76.611,1338.14,20.4573,4.612,1.6669,54.352,1.5605,40.377,17.0072,
2016-05-03,1.1569,122.53,1.9558,N/A,27.037,7.4424,N/A,0.79103,311.85,N/A,N/A,N/A,4.3844,N/A,4.4879,9.2305,N/A,N/A,1.0977,N/A,9.309,7.51,76.9498,N/A,3.2718,1.5303,4.102,1.4559,7.5013,8.9769,15276.83,4.3376,76.8128,1323.75,20.146,4.5735,1.6572,54.425,1.5574,40.422,16.7316,
2016-05-02,1.1493,122.47,1.9558,N/A,27.048,7.4414,N/A,0.78248,310.84,N/A,N/A,N/A,4.3833,N/A,4.4815,9.1803,N/A,N/A,1.0999,N/A,9.233,7.513,74.4081,N/A,3.208,1.5025,3.9731,1.4388,7.4418,8.917,15125.45,4.3056,76.3185,1307.85,19.6826,4.4875,1.6368,54.068,1.541,40.076,16.3027,
2016-04-29,1.1403,122.34,1.9558,N/A,27.038,7.444,N/A,0.78025,312.23,N/A,N/A,N/A,4.3965,N/A,4.477,9.1689,N/A,N/A,1.0984,N/A,9.215,7.511,73.2286,N/A,3.1934,1.4948,3.9738,1.4286,7.3943,8.8466,15034.86,4.2666,75.6985,1301.53,19.557,4.4546,1.6357,53.504,1.5311,39.819,16.1567,
2016-04-28,1.1358,122.84,1.9558,N/A,27.045,7.4432,N/A,0.77838,310.7,N/A,N/A,N/A,4.388,N/A,4.4723,9.1763,N/A,N/A,1.0974,N/A,9.246,7.48,73.5195,N/A,3.1963,1.4906,3.9907,1.4262,7.3562,8.8111,14977.23,4.2697,75.531,1295.54,19.6713,4.4251,1.6287,53.309,1.5273,39.804,16.3328,
2016-04-27,1.1303,125.79,1.9558,N/A,27.034,7.4428,N/A,0.77475,312.12,N/A,N/A,N/A,4.3918,N/A,4.464,9.1613,N/A,N/A,1.0998,N/A,9.2013,7.4773,73.7837,N/A,3.1908,1.4885,3.9826,1.4223,7.3411,8.7671,14915.43,4.2542,75.1273,1299.53,19.6578,4.4318,1.6504,52.973,1.5251,39.707,16.351,
2016-04-26,1.1287,125.45,1.9558,N/A,27.027,7.4418,N/A,0.77483,312.2,N/A,N/A,N/A,4.3799,N/A,4.4747,9.1545,N/A,N/A,1.1,N/A,9.2278,7.4785,74.8948,N/A,3.1951,1.46,3.9943,1.4276,7.3345,8.7545,14917.56,4.2484,75.1373,1299.14,19.7889,4.4279,1.6417,52.864,1.528,39.708,16.3492,
2016-04-25,1.1264,124.95,1.9558,N/A,27.047,7.4418,N/A,0.7764,311.3,N/A,N/A,N/A,4.3911,N/A,4.4801,9.157,N/A,N/A,1.0973,N/A,9.2735,7.4818,74.6713,N/A,3.2074,1.4587,4.0168,1.4286,7.3145,8.7373,14864.34,4.2447,75.019,1291.46,19.8036,4.3982,1.6399,52.808,1.5215,39.499,16.3141,
2016-04-22,1.1263,124.86,1.9558,N/A,27.046,7.4413,N/A,0.78335,310.1,N/A,N/A,N/A,4.3506,N/A,4.4753,9.1381,N/A,N/A,1.0991,N/A,9.2443,7.49,74.2513,N/A,3.1886,1.457,4.0218,1.4342,7.3159,8.7368,14871.07,4.2401,74.9425,1287.41,19.6823,4.3943,1.6364,52.658,1.5211,39.432,16.1846,
2016-04-21,1.1355,124.5,1.9558,N/A,27.024,7.4411,N/A,0.78693,310.7,N/A,N/A,N/A,4.3085,N/A,4.4815,9.1845,N/A,N/A,1.0989,N/A,9.2015,7.487,73.8545,N/A,3.1962,1.4496,4.0043,1.4346,7.3525,8.8088,14903.44,4.2705,75.2595,1286.36,19.6232,4.4105,1.6262,52.822,1.5252,39.743,16.0999,
2016-04-20,1.1379,124.2,1.9558,N/A,27.021,7.443,N/A,0.791,309.05,N/A,N/A,N/A,4.2875,N/A,4.4827,9.1643,N/A,N/A,1.0939,N/A,9.2336,7.5023,74.6465,N/A,3.2011,1.4556,4.0362,1.4421,7.3578,8.8272,14973.62,4.2766,75.327,1285.04,19.706,4.395,1.6231,52.626,1.5246,39.656,16.1623,
2016-04-19,1.1343,124.1,1.9558,N/A,27.021,7.4423,N/A,0.78975,310.51,N/A,N/A,N/A,4.3027,N/A,4.4813,9.1773,N/A,N/A,1.0922,N/A,9.2578,7.5005,74.4242,N/A,3.2136,1.4547,4.0408,1.4418,7.3372,8.7971,14858.2,4.2746,75.4905,1277.28,19.5947,4.37,1.6127,52.29,1.5197,39.587,16.2034,
2016-04-18,1.1306,122.32,1.9558,N/A,27.022,7.4417,N/A,0.7978,310.33,N/A,N/A,N/A,4.3059,N/A,4.4749,9.1948,N/A,N/A,1.0916,N/A,9.3325,7.505,76.7591,N/A,3.2251,1.4685,3.9606,1.4612,7.3241,8.7688,14890.95,4.2702,75.274,1299.62,19.9043,4.4404,1.6303,52.253,1.5328,39.605,16.5061,
2016-04-15,1.1284,122.91,1.9558,N/A,27.025,7.4414,N/A,0.79575,310.54,N/A,N/A,N/A,4.2967,N/A,4.4728,9.1902,N/A,N/A,1.0919,N/A,9.3044,7.5005,75.0125,N/A,3.2212,1.4648,3.9387,1.4535,7.3072,8.7527,14862.67,4.2675,75.1425,1295.12,19.7927,4.4085,1.6334,52.051,1.533,39.584,16.4424,
2016-04-14,1.1252,123.09,1.9558,N/A,27.028,7.4415,N/A,0.7956,311.25,N/A,N/A,N/A,4.2992,N/A,4.4728,9.158,N/A,N/A,1.0878,N/A,9.264,7.4822,74.2429,N/A,3.2203,1.461,3.9586,1.4434,7.297,8.7283,14844.32,4.2642,74.8648,1298.53,19.6655,4.3737,1.6395,51.982,1.5346,39.506,16.3938,
2016-04-13,1.1298,123.47,1.9558,N/A,27.036,7.4429,N/A,0.79388,310.73,N/A,N/A,N/A,4.2869,N/A,4.47,9.176,N/A,N/A,1.0887,N/A,9.3113,7.466,74.2708,N/A,3.2259,1.4768,3.969,1.4466,7.3172,8.7637,14867.17,4.2697,75.249,1298.14,19.8238,4.3852,1.6337,52.065,1.5265,39.611,16.6342,
2016-04-12,1.1396,123.44,1.9558,N/A,27.03,7.4434,N/A,0.7984,311.38,N/A,N/A,N/A,4.2923,N/A,4.4708,9.2138,N/A,N/A,1.0874,N/A,9.3515,7.489,75.6167,N/A,3.2274,1.4882,4.0034,1.4674,7.3632,8.8371,14917.84,4.2923,75.668,1302.88,20.0248,4.4273,1.654,52.517,1.5354,39.943,16.7396,
2016-04-11,1.139,123.28,1.9558,N/A,27.026,7.4424,N/A,0.8006,312.07,N/A,N/A,N/A,4.2793,N/A,4.4675,9.2815,N/A,N/A,1.0877,N/A,9.3809,7.4875,76.0574,N/A,3.224,1.506,4.0647,1.4794,7.3709,8.8321,14956,4.3075,75.7055,1306.55,20.1924,4.4307,1.6669,52.552,1.5341,39.956,16.7955,
2016-04-08,1.1363,123.36,1.9558,N/A,27.022,7.4419,N/A,0.8073,312.67,N/A,N/A,N/A,4.2953,N/A,4.4685,9.2928,N/A,N/A,1.0874,N/A,9.4183,7.496,76.5414,N/A,3.2415,1.5091,4.1554,1.4861,7.357,8.8166,14936.66,4.3006,75.677,1310.43,20.2108,4.4433,1.6757,52.469,1.5335,39.884,17.1222,
2016-04-07,1.1364,123.15,1.9558,N/A,27.025,7.4417,N/A,0.80728,312.28,N/A,N/A,N/A,4.2833,N/A,4.4659,9.2575,N/A,N/A,1.0884,N/A,9.4546,7.5105,77.3719,N/A,3.2421,1.5092,4.1617,1.4906,7.3535,8.8169,14955.02,4.3087,75.7135,1318.1,20.1779,4.4705,1.6731,52.579,1.5369,40.024,17.317,
2016-04-06,1.1336,125.13,1.9558,N/A,27.029,7.4412,N/A,0.80808,312.33,N/A,N/A,N/A,4.2636,N/A,4.4685,9.2628,N/A,N/A,1.0887,N/A,9.476,7.51,77.8058,N/A,3.2343,1.5029,4.2,1.4912,7.355,8.7927,15025.07,4.3296,75.578,1318.35,20.1485,4.466,1.6705,52.456,1.5373,40.01,17.2805,
2016-04-05,1.1367,125.81,1.9558,N/A,27.036,7.4421,N/A,0.8016,312.62,N/A,N/A,N/A,4.2448,N/A,4.466,9.256,N/A,N/A,1.0892,N/A,9.4995,7.511,78.4507,N/A,3.2165,1.5085,4.1395,1.4968,7.3595,8.8164,15035.79,4.323,75.5435,1317.17,19.9963,4.4635,1.678,52.593,1.543,40.103,17.0187,
2016-04-04,1.138,126.97,1.9558,N/A,27.046,7.4459,N/A,0.79738,312.29,N/A,N/A,N/A,4.234,N/A,4.4648,9.2493,N/A,N/A,1.0919,N/A,9.4359,7.5115,77.1535,N/A,3.1952,1.4917,4.042,1.4832,7.3696,8.8254,14961.75,4.3079,75.2275,1308.19,19.7227,4.4317,1.6605,52.562,1.5373,40.08,16.68,
2016-04-01,1.1432,128.07,1.9558,N/A,27.03,7.4503,N/A,0.7989,313.3,N/A,N/A,N/A,4.244,N/A,4.4693,9.2413,N/A,N/A,1.0946,N/A,9.4401,7.5105,77.543,N/A,3.2285,1.4884,4.1296,1.4894,7.3903,8.8652,15007.54,4.3182,75.8528,1315.78,19.8996,4.4382,1.6518,52.615,1.5389,40.115,16.8758,
2016-03-31,1.1385,127.9,1.9558,N/A,27.051,7.4512,N/A,0.79155,314.12,N/A,N/A,N/A,4.2576,N/A,4.4718,9.2253,N/A,N/A,1.0931,N/A,9.4145,7.5255,76.3051,N/A,3.2118,1.4807,4.1174,1.4738,7.3514,8.8282,15024.84,4.295,75.4298,1294.88,19.5903,4.4078,1.6411,52.284,1.5304,40.018,16.7866,
2016-03-30,1.1324,127.37,1.9558,N/A,27.075,7.4531,N/A,0.7858,314.29,N/A,N/A,N/A,4.2538,N/A,4.4623,9.242,N/A,N/A,1.0913,N/A,9.43,7.5168,76.7842,N/A,3.214,1.4766,4.1275,1.4755,7.3366,8.781,15004.12,4.2899,75.176,1293.67,19.5281,4.4502,1.6356,52.056,1.5311,39.894,16.9129,
2016-03-29,1.1194,127.13,1.9558,N/A,27.073,7.4549,N/A,0.7845,314.18,N/A,N/A,N/A,4.2498,N/A,4.4645,9.269,N/A,N/A,1.0915,N/A,9.4839,7.5255,76.7345,N/A,3.2109,1.4901,4.0795,1.4741,7.2873,8.6835,14957.16,4.2886,74.4743,1306.67,19.5809,4.4712,1.6597,51.869,1.5311,39.672,17.3156,
2016-03-24,1.1154,125.41,1.9558,N/A,27.064,7.4546,N/A,0.78938,314.24,N/A,N/A,N/A,4.2788,N/A,4.4669,9.2688,N/A,N/A,1.0875,N/A,9.494,7.5358,77.7413,N/A,3.211,1.4858,4.1316,1.4821,7.2662,8.6548,14781.84,4.2753,74.579,1302.21,19.7076,4.4956,1.6645,51.766,1.5268,39.407,17.2854,
2016-03-23,1.1171,126.01,1.9558,N/A,27.038,7.4542,N/A,0.78985,313.79,N/A,N/A,N/A,4.2563,N/A,4.4655,9.2315,N/A,N/A,1.0894,N/A,9.4863,7.5415,75.8478,N/A,3.2111,1.478,4.06,1.4676,7.2648,8.6628,14760.87,4.2938,74.6175,1300.58,19.4942,4.4673,1.6676,51.848,1.528,39.311,17.1475,
2016-03-22,1.1212,125.13,1.9558,N/A,27.037,7.4541,N/A,0.7879,312.6,N/A,N/A,N/A,4.2612,N/A,4.4703,9.2315,N/A,N/A,1.0887,N/A,9.447,7.538,76.233,N/A,3.226,1.4751,4.0526,1.4679,7.2791,8.6942,14772.93,4.3194,74.7605,1302.05,19.568,4.4882,1.6626,51.922,1.526,39.164,17.195,
2016-03-21,1.1271,125.94,1.9558,N/A,27.035,7.4544,N/A,0.78303,310.49,N/A,N/A,N/A,4.2581,N/A,4.4688,9.2538,N/A,N/A,1.0916,N/A,9.4428,7.5215,76.7226,N/A,3.2325,1.4819,4.0897,1.4703,7.3028,8.7408,14874.81,4.3446,74.9933,1308.05,19.5916,4.5728,1.6645,52.296,1.5324,39.37,17.2448,
2016-03-18,1.1279,125.79,1.9558,N/A,27.035,7.4542,N/A,0.77855,310.32,N/A,N/A,N/A,4.2625,N/A,4.4718,9.2773,N/A,N/A,1.0919,N/A,9.4111,7.5305,76.0498,N/A,3.2218,1.4804,4.0794,1.4627,7.3037,8.7464,14754.09,4.3387,74.7625,1306.11,19.4683,4.5716,1.655,52.351,1.5277,39.296,17.2024,
2016-03-17,1.1311,126.28,1.9558,N/A,27.044,7.4553,N/A,0.78218,310.05,N/A,N/A,N/A,4.2895,N/A,4.4776,9.2935,N/A,N/A,1.0959,N/A,9.4768,7.5353,77.356,N/A,3.2366,1.4828,4.1438,1.4701,7.3317,8.7744,14749.54,4.3565,75.379,1312.85,19.8183,4.5917,1.6555,52.385,1.5314,39.351,17.4138,
2016-03-16,1.1064,125.68,1.9558,N/A,27.05,7.4565,N/A,0.7873,311.43,N/A,N/A,N/A,4.3023,N/A,4.4765,9.2235,N/A,N/A,1.096,N/A,9.502,7.5655,78.608,N/A,3.2362,1.4911,4.2224,1.4798,7.218,8.5875,14679.16,4.3171,74.3888,1321.98,19.8495,4.6169,1.6809,51.752,1.5315,38.8,17.9375,
2016-03-15,1.1109,125.36,1.9558,N/A,27.043,7.4577,N/A,0.78358,310.53,N/A,N/A,N/A,4.2889,N/A,4.4718,9.2421,N/A,N/A,1.0954,N/A,9.48,7.559,78.7265,N/A,3.2128,1.4877,4.1191,1.4832,7.2336,8.6199,14638.88,4.3235,74.8283,1326.8,19.8474,4.6023,1.6709,51.915,1.5324,39.004,17.6117,
2016-03-14,1.1119,126.36,1.9558,N/A,27.05,7.4585,N/A,0.77428,310.11,N/A,N/A,N/A,4.2837,N/A,4.4658,9.281,N/A,N/A,1.0969,N/A,9.414,7.565,78.5889,N/A,3.2049,1.4755,4.0261,1.4737,7.223,8.6253,14504.47,4.3133,74.5653,1318.77,19.7648,4.5746,1.6591,51.785,1.5281,38.961,17.1243,
2016-03-11,1.109,126.17,1.9558,N/A,27.059,7.4598,N/A,0.77595,310.28,N/A,N/A,N/A,4.3099,N/A,4.4669,9.309,N/A,N/A,1.0948,N/A,9.436,7.5745,77.459,N/A,3.1888,1.4766,4.0401,1.4698,7.2119,8.6069,14484.63,4.3022,74.317,1319.89,19.6852,4.5331,1.6578,51.565,1.5271,38.937,16.9023,
2016-03-10,1.0857,123.87,1.9558,N/A,27.037,7.4587,N/A,0.76728,310.01,N/A,N/A,N/A,4.2921,N/A,4.4585,9.2361,N/A,N/A,1.0941,N/A,9.2926,7.567,76.437,N/A,3.1292,1.4522,3.972,1.4424,7.0787,8.4299,14168.19,4.2357,72.6645,1302.89,19.1827,4.4438,1.6277,50.581,1.5013,38.314,16.364,
2016-03-09,1.0973,123.63,1.9558,N/A,27.047,7.4614,N/A,0.77135,309.62,N/A,N/A,N/A,4.3149,N/A,4.4637,9.292,N/A,N/A,1.0978,N/A,9.3964,7.562,78.767,N/A,3.1902,1.465,4.074,1.4705,7.1466,8.5216,14452.27,4.2779,73.684,1329.63,19.5511,4.5147,1.6192,51.417,1.5171,38.724,16.8748,
2016-03-08,1.1028,124.6,1.9558,N/A,27.058,7.4614,N/A,0.77608,310.19,N/A,N/A,N/A,4.3275,N/A,4.4651,9.3728,N/A,N/A,1.0952,N/A,9.4285,7.5776,79.0929,N/A,3.218,1.4794,4.169,1.4695,7.1744,8.5656,14494.1,4.3113,74.2265,1329.87,19.6437,4.5327,1.6302,51.773,1.5259,39.028,16.9485,
2016-03-07,1.0953,124.45,1.9558,N/A,27.056,7.4605,N/A,0.77438,309.63,N/A,N/A,N/A,4.3279,N/A,4.4623,9.3309,N/A,N/A,1.0962,N/A,9.3583,7.5783,78.7226,N/A,3.2014,1.4776,4.1228,1.4652,7.1381,8.5081,14337.48,4.2865,73.4825,1318.99,19.5274,4.472,1.6221,51.383,1.5138,38.785,16.8358,
2016-03-04,1.097,124.77,1.9558,N/A,27.058,7.4609,N/A,0.77483,309.31,N/A,N/A,N/A,4.3313,N/A,4.4663,9.3345,N/A,N/A,1.0898,N/A,9.383,7.594,80.1674,N/A,3.2027,1.4859,4.0834,1.4717,7.148,8.5192,14409.1,4.285,73.591,1319.78,19.5613,4.51,1.6223,51.325,1.515,38.823,17.1275,
2016-03-03,1.0901,124.23,1.9558,N/A,27.057,7.4565,N/A,0.77435,308.94,N/A,N/A,N/A,4.3339,N/A,4.4584,9.362,N/A,N/A,1.084,N/A,9.4245,7.6015,80.0845,N/A,3.192,1.4852,4.1949,1.4644,7.1298,8.4755,14427.47,4.2402,73.3365,1322.61,19.5122,4.4962,1.6257,51.211,1.5158,38.677,17.1245,
2016-03-02,1.0856,124.07,1.9558,N/A,27.046,7.458,N/A,0.7741,309.96,N/A,N/A,N/A,4.3297,N/A,4.4585,9.3385,N/A,N/A,1.0845,N/A,9.422,7.604,80.0729,N/A,3.1903,1.501,4.2523,1.4595,7.1125,8.44,14445.17,4.2191,73.3115,1334.29,19.4214,4.5215,1.6404,51.327,1.5226,38.615,17.0097,
2016-03-01,1.0872,122.94,1.9558,N/A,27.056,7.4591,N/A,0.778,310.15,N/A,N/A,N/A,4.3468,N/A,4.4653,9.365,N/A,N/A,1.086,N/A,9.407,7.6263,80.227,N/A,3.2089,1.5196,4.3519,1.4699,7.123,8.4539,14500,4.2332,73.77,1340.06,19.5872,4.5163,1.6475,51.341,1.5238,38.709,17.2024,
2016-02-29,1.0888,123.14,1.9558,N/A,27.057,7.4602,N/A,0.7858,311.26,N/A,N/A,N/A,4.3543,N/A,4.4757,9.3219,N/A,N/A,1.0914,N/A,9.5043,7.6263,82.6432,N/A,3.2273,1.526,4.3394,1.4767,7.1351,8.4651,14559.43,4.2556,74.3825,1347.54,19.8005,4.587,1.6557,51.615,1.5325,38.827,17.4563,
2016-02-26,1.1006,124.42,1.9558,N/A,27.064,7.46,N/A,0.78745,310.52,N/A,N/A,N/A,4.3631,N/A,4.4639,9.371,N/A,N/A,1.0929,N/A,9.5245,7.623,83.045,N/A,3.2347,1.5275,4.3356,1.4909,7.1954,8.5511,14715.02,4.293,75.601,1360.34,19.9233,4.6352,1.6347,52.276,1.5428,39.236,17.2528,
2016-02-25,1.1027,124.01,1.9558,N/A,27.052,7.4617,N/A,0.7892,310.86,N/A,N/A,N/A,4.3581,N/A,4.4673,9.3808,N/A,N/A,1.0935,N/A,9.5413,7.622,83.9575,N/A,3.2248,1.5292,4.3527,1.5025,7.2026,8.5676,14787.76,4.3015,75.9485,1366.74,20.0011,4.65,1.6487,52.532,1.5463,39.322,17.1657,
2016-02-24,1.0981,122.86,1.9558,N/A,27.047,7.4621,N/A,0.78935,310.55,N/A,N/A,N/A,4.368,N/A,4.4775,9.3636,N/A,N/A,1.0914,N/A,9.5858,7.626,84.6894,N/A,3.2336,1.5319,4.3793,1.5197,7.1794,8.5333,14766.34,4.3112,75.2885,1359.58,20.0815,4.6603,1.662,52.346,1.5478,39.213,17.0655,
2016-02-23,1.1002,123.12,1.9558,N/A,27.028,7.4618,N/A,0.77985,307.63,N/A,N/A,N/A,4.3668,N/A,4.4648,9.351,N/A,N/A,1.0921,N/A,9.459,7.626,82.799,N/A,3.2298,1.5202,4.357,1.5116,7.1814,8.548,14736.51,4.2965,75.4059,1353.46,19.8974,4.6346,1.6452,52.397,1.5484,39.321,16.6401,
2016-02-22,1.1026,124.85,1.9558,N/A,27.022,7.462,N/A,0.78243,307.84,N/A,N/A,N/A,4.3646,N/A,4.4767,9.3572,N/A,N/A,1.1008,N/A,9.493,7.63,83.4916,N/A,3.2512,1.5322,4.3755,1.5128,7.1909,8.5679,14824.67,4.3086,75.5948,1351.19,19.935,4.6171,1.6521,52.517,1.5469,39.418,16.8486,
2016-02-19,1.1096,125.4,1.9558,N/A,27.023,7.4625,N/A,0.77715,309.11,N/A,N/A,N/A,4.3777,N/A,4.467,9.3838,N/A,N/A,1.1017,N/A,9.5358,7.618,85.1924,N/A,3.2903,1.5605,4.4854,1.5274,7.2378,8.6268,14988.04,4.341,75.9715,1368.69,20.2927,4.6836,1.6761,52.843,1.5617,39.668,17.138,
2016-02-18,1.1084,126.17,1.9558,N/A,27.03,7.4635,N/A,0.77143,309.49,N/A,N/A,N/A,4.3817,N/A,4.4615,9.4014,N/A,N/A,1.1028,N/A,9.5235,7.6175,83.4772,N/A,3.2884,1.5496,4.4527,1.5168,7.2242,8.6222,14951.15,4.3306,75.9461,1362.2,20.211,4.6237,1.6728,52.695,1.5564,39.422,17.0657,
2016-02-17,1.1136,127.1,1.9558,N/A,27.044,7.4645,N/A,0.77835,309.95,N/A,N/A,N/A,4.3979,N/A,4.455,9.4723,N/A,N/A,1.1034,N/A,9.5955,7.6173,85.1875,N/A,3.2961,1.5629,4.4866,1.5387,7.2685,8.6764,15019.19,4.3471,76.28,1368.24,20.8655,4.6939,1.6902,53.039,1.5703,39.678,17.432,
2016-02-16,1.1166,127.02,1.9558,N/A,27.029,7.4644,N/A,0.7758,310.75,N/A,N/A,N/A,4.4062,N/A,4.4613,9.4742,N/A,N/A,1.1018,N/A,9.6049,7.617,86.4489,N/A,3.3023,1.5605,4.4833,1.543,7.2741,8.695,14997.87,4.3662,76.3985,1358.7,21.0457,4.6685,1.6931,53.05,1.5656,39.79,17.5669,
2016-02-15,1.118,127.6,1.9558,N/A,27.037,7.4638,N/A,0.772,309.24,N/A,N/A,N/A,4.3945,N/A,4.4689,9.4862,N/A,N/A,1.1009,N/A,9.6313,7.62,86.3193,N/A,3.2908,1.5624,4.4567,1.5454,7.2606,8.7036,14947.9,4.3482,76.1045,1352.15,21.091,4.6224,1.6772,53,1.5643,39.818,17.6114,
2016-02-12,1.1275,127.07,1.9558,N/A,27.063,7.4642,N/A,0.77735,310.13,N/A,N/A,N/A,4.4109,N/A,4.4741,9.455,N/A,N/A,1.0989,N/A,9.6773,7.632,89.5851,N/A,3.303,1.5901,4.5087,1.5698,7.4114,8.7816,15211.54,4.3761,76.9418,1359.98,21.6852,4.6955,1.6965,53.561,1.5756,40.139,17.9194,
2016-02-11,1.1347,127.3,1.9558,N/A,27.069,7.4638,N/A,0.7874,311.98,N/A,N/A,N/A,4.4485,N/A,4.4783,9.5188,N/A,N/A,1.1027,N/A,9.7085,7.6391,90.8866,N/A,3.3217,1.6018,4.4836,1.5842,7.4592,8.8406,15286.39,4.4151,77.655,1362.83,21.6064,4.7033,1.6973,53.953,1.5774,39.995,17.9877,
2016-02-10,1.1257,129.42,1.9558,N/A,27.031,7.4638,N/A,0.77328,311.62,N/A,N/A,N/A,4.4289,N/A,4.483,9.5162,N/A,N/A,1.096,N/A,9.6195,7.635,88.56,N/A,3.2945,1.5848,4.3758,1.5601,7.4007,8.7686,15136.73,4.3589,76.3844,1340.37,21.0652,4.6398,1.6916,53.388,1.5674,39.793,17.8379,
2016-02-09,1.1236,129.07,1.9558,N/A,27.058,7.4635,N/A,0.77945,311.55,N/A,N/A,N/A,4.453,N/A,4.4943,9.5142,N/A,N/A,1.0997,N/A,9.6705,7.642,88.3952,N/A,3.3154,1.6083,4.3741,1.5623,7.3924,8.7585,15307.42,4.3655,76.4549,1356.24,21.1922,4.688,1.7085,53.641,1.5767,39.829,18.196,
2016-02-08,1.1101,129.11,1.9558,N/A,27.062,7.4631,N/A,0.7724,310.69,N/A,N/A,N/A,4.4352,N/A,4.4798,9.4307,N/A,N/A,1.1051,N/A,9.5885,7.6455,85.8419,N/A,3.2721,1.5726,4.3245,1.5487,7.2995,8.6481,15178.82,4.3215,75.5245,1343.41,20.7145,4.6462,1.6802,53.084,1.564,39.459,17.9885,
2016-02-05,1.1202,130.71,1.9558,N/A,27.037,7.4629,N/A,0.76975,309.95,N/A,N/A,N/A,4.4134,N/A,4.5028,9.4325,N/A,N/A,1.1101,N/A,9.5665,7.654,86.005,N/A,3.2498,1.5583,4.3454,1.5404,7.3624,8.7231,15177.38,4.3415,75.7857,1333.89,20.3988,4.6528,1.6655,53.271,1.5636,39.778,17.7584,
2016-02-04,1.1206,131.49,1.9558,N/A,27.021,7.4629,N/A,0.76595,310.49,N/A,N/A,N/A,4.4152,N/A,4.5087,9.4036,N/A,N/A,1.1169,N/A,9.5375,7.661,86.079,N/A,3.25,1.5546,4.3486,1.5366,7.3691,8.7277,15269.96,4.379,75.86,1336.75,20.3101,4.6125,1.6678,53.366,1.572,39.952,17.767,
2016-02-03,1.0933,130.58,1.9558,N/A,27.025,7.4623,N/A,0.7533,310.55,N/A,N/A,N/A,4.3982,N/A,4.5093,9.358,N/A,N/A,1.1115,N/A,9.5138,7.6665,85.991,N/A,3.2138,1.5484,4.328,1.5234,7.1916,8.5266,15038.7,4.332,74.39,1329.87,20.1098,4.6121,1.656,52.37,1.5631,39.199,17.695,
2016-02-02,1.0919,131.84,1.9558,N/A,27.026,7.4628,N/A,0.7586,311.65,N/A,N/A,N/A,4.4055,N/A,4.514,9.3437,N/A,N/A,1.1147,N/A,9.5223,7.6675,86.3711,N/A,3.2237,1.5475,4.3565,1.5292,7.1847,8.4996,14945.11,4.3161,74.2325,1322.58,20.0265,4.602,1.6839,52.256,1.5586,39.035,17.5788,
2016-02-01,1.0884,131.99,1.9558,N/A,27.021,7.4625,N/A,0.761,311.86,N/A,N/A,N/A,4.3952,N/A,4.5246,9.2835,N/A,N/A,1.1096,N/A,9.416,7.6605,82.9655,N/A,3.2269,1.5377,4.3511,1.5253,7.1605,8.4688,14846.05,4.3,73.91,1310.43,19.8811,4.5345,1.682,51.932,1.55,38.76,17.5019,
2016-01-29,1.092,132.25,1.9558,N/A,27.026,7.4628,N/A,0.7641,312.03,N/A,N/A,N/A,4.4398,N/A,4.5352,9.3483,N/A,N/A,1.1144,N/A,9.4845,7.66,82.8472,N/A,3.2365,1.5388,4.4294,1.5363,7.181,8.5101,14967.64,4.3084,74.1039,1318.6,20.0054,4.5296,1.6788,52.082,1.555,38.973,17.4927,
2016-01-28,1.0903,129.62,1.9558,N/A,27.021,7.4626,N/A,0.76228,313.37,N/A,N/A,N/A,4.4534,N/A,4.54,9.3046,N/A,N/A,1.1053,N/A,9.4465,7.6593,83.5018,N/A,3.2485,1.5419,4.4753,1.5357,7.1705,8.4955,15116.22,4.313,74.3857,1316.36,19.9966,4.5772,1.6874,52.116,1.5556,39.067,17.7785,
2016-01-27,1.0888,128.91,1.9558,N/A,27.025,7.4625,N/A,0.75965,313.85,N/A,N/A,N/A,4.471,N/A,4.5388,9.2591,N/A,N/A,1.1068,N/A,9.4508,7.6685,85.2106,N/A,3.256,1.5461,4.3963,1.5331,7.1621,8.4861,15090.93,4.3252,74.0928,1308.94,20.004,4.6203,1.6739,52.162,1.5542,38.963,17.7803,
2016-01-26,1.0837,128.22,1.9558,N/A,27.021,7.4622,N/A,0.76095,312.73,N/A,N/A,N/A,4.4942,N/A,4.5348,9.2644,N/A,N/A,1.1008,N/A,9.4858,7.6658,86.7725,N/A,3.2699,1.555,4.4465,1.5411,7.1314,8.4498,15004.76,4.3084,73.5797,1303.82,20.1259,4.6335,1.6777,52.051,1.5498,38.865,17.8881,
2016-01-25,1.0815,128.07,1.9558,N/A,27.021,7.4624,N/A,0.7589,312.7,N/A,N/A,N/A,4.469,N/A,4.5256,9.2758,N/A,N/A,1.0981,N/A,9.4585,7.6695,86.041,N/A,3.266,1.5496,4.4276,1.5351,7.1156,8.4304,14985.15,4.3031,73.2973,1293.53,19.997,4.6208,1.6728,51.89,1.5469,38.869,17.858,
2016-01-22,1.0808,127.77,1.9558,N/A,27.026,7.4621,N/A,0.75459,312.2,N/A,N/A,N/A,4.4587,N/A,4.5273,9.2738,N/A,N/A,1.095,N/A,9.4685,7.669,85.893,N/A,3.2572,1.538,4.455,1.5316,7.1104,8.4204,14952.6,4.2945,73.0945,1292.83,20.016,4.6308,1.6606,51.58,1.5421,38.921,17.8143,
2016-01-21,1.0893,127.43,1.9558,N/A,27.064,7.463,N/A,0.77182,314.42,N/A,N/A,N/A,4.4943,N/A,4.5316,9.3527,N/A,N/A,1.0949,N/A,9.7033,7.671,91.766,N/A,3.3098,1.5755,4.523,1.575,7.1666,8.5181,15149.99,4.3277,74.0684,1321.64,20.212,4.7818,1.694,52.166,1.567,39.503,18.1453,
2016-01-20,1.0907,127.28,1.9558,N/A,27.042,7.4638,N/A,0.77,314.76,N/A,N/A,N/A,4.4702,N/A,4.5326,9.3431,N/A,N/A,1.0932,N/A,9.665,7.667,88.2005,N/A,3.3307,1.5916,4.4559,1.5965,7.1768,8.5366,15228.2,4.336,74.1627,1326.46,20.0427,4.7936,1.7134,52.219,1.5697,39.582,18.2896,
2016-01-19,1.0868,128.12,1.9558,N/A,27.023,7.4628,N/A,0.76473,314.56,N/A,N/A,N/A,4.4384,N/A,4.5305,9.3231,N/A,N/A,1.0922,N/A,9.6209,7.6555,85.2445,N/A,3.303,1.5673,4.3758,1.575,7.1496,8.4841,15009.55,4.3025,73.484,1306.89,19.6912,4.753,1.6763,51.74,1.5592,39.428,18.1115,
2016-01-18,1.0892,127.78,1.9558,N/A,27.037,7.4633,N/A,0.76263,315.42,N/A,N/A,N/A,4.4606,N/A,4.5365,9.3411,N/A,N/A,1.0946,N/A,9.6878,7.6635,86.192,N/A,3.3102,1.581,4.3929,1.58,7.1658,8.4939,15163.45,4.309,73.7266,1317.44,19.8703,4.7887,1.6862,52.036,1.5674,39.516,18.2882,
2016-01-15,1.0914,127.8,1.9558,N/A,27.021,7.4631,N/A,0.7615,314.35,N/A,N/A,N/A,4.4129,N/A,4.5375,9.3474,N/A,N/A,1.0951,N/A,9.6085,7.6655,84.6924,N/A,3.3208,1.5895,4.4139,1.5849,7.1888,8.5057,15268.11,4.3125,73.986,1328.97,19.7876,4.8281,1.7103,52.281,1.5735,39.705,18.2254,
2016-01-14,1.0893,128.26,1.9558,N/A,27.021,7.4624,N/A,0.75703,315.97,N/A,N/A,N/A,4.373,N/A,4.5348,9.285,N/A,N/A,1.095,N/A,9.6071,7.666,83.2007,N/A,3.3025,1.5695,4.373,1.5647,7.1809,8.4775,15155.06,4.2986,73.4516,1320.77,19.5529,4.7855,1.6903,52.076,1.567,39.552,18.0475,
2016-01-13,1.0816,127.74,1.9558,N/A,27.021,7.4614,N/A,0.7502,315.43,N/A,N/A,N/A,4.3458,N/A,4.53,9.246,N/A,N/A,1.0926,N/A,9.5588,7.667,82.3098,N/A,3.2626,1.5413,4.3214,1.5381,7.1121,8.3922,14947.98,4.2635,72.3212,1301.18,19.2779,4.7382,1.6519,51.283,1.5492,39.203,17.8353,
2016-01-12,1.0836,127.79,1.9558,N/A,27.021,7.4612,N/A,0.7508,317.75,N/A,N/A,N/A,4.3568,N/A,4.5333,9.2483,N/A,N/A,1.0855,N/A,9.6388,7.6672,82.6895,N/A,3.2842,1.546,4.3704,1.537,7.1276,8.4094,14965.6,4.2711,72.4603,1308.87,19.2772,4.783,1.6547,51.296,1.557,39.368,17.9737,
2016-01-11,1.0888,128.33,1.9558,N/A,27.021,7.4603,N/A,0.74705,317.32,N/A,N/A,N/A,4.3646,N/A,4.5305,9.272,N/A,N/A,1.0863,N/A,9.677,7.6455,81.9975,N/A,3.2872,1.5516,4.3786,1.5336,7.1554,8.4471,15076.42,4.2827,72.7413,1309.12,19.4182,4.7655,1.6577,51.326,1.5607,39.491,18.0474,
2016-01-08,1.0861,128.51,1.9558,N/A,27.022,7.4598,N/A,0.74519,315.53,N/A,N/A,N/A,4.3523,N/A,4.5275,9.264,N/A,N/A,1.086,N/A,9.681,7.6427,80.4134,N/A,3.2491,1.5495,4.3685,1.5321,7.1577,8.4312,15111.3,4.2597,72.4206,1304.78,19.3231,4.7615,1.645,51.204,1.5606,39.387,17.387,
2016-01-07,1.0868,127.74,1.9558,N/A,27.03,7.4596,N/A,0.74545,315.79,N/A,N/A,N/A,4.3512,N/A,4.5288,9.278,N/A,N/A,1.0875,N/A,9.6975,7.64,81.7776,N/A,3.2791,1.555,4.4001,1.536,7.1672,8.4259,15139.18,4.27,72.7012,1306.87,19.2176,4.7904,1.6464,51.226,1.5612,39.442,17.4987,
2016-01-06,1.0742,127.19,1.9558,N/A,27.026,7.4603,N/A,0.7344,314.81,N/A,N/A,N/A,4.3374,N/A,4.5224,9.233,N/A,N/A,1.0846,N/A,9.6225,7.6405,79.9893,N/A,3.2315,1.5187,4.3331,1.5137,7.0388,8.3271,14988.9,4.2389,71.8242,1289.2,18.748,4.7388,1.6166,50.588,1.5409,38.917,17.0032,
2016-01-05,1.0746,127.88,1.9558,N/A,27.022,7.4605,N/A,0.73235,315.2,N/A,N/A,N/A,4.3084,N/A,4.5268,9.2235,N/A,N/A,1.0847,N/A,9.588,7.6388,78.862,N/A,3.2009,1.4982,4.3023,1.4976,7.0074,8.3297,14879.48,4.2144,71.5539,1277.02,18.5798,4.667,1.6001,50.371,1.531,38.816,16.7643,
2016-01-04,1.0898,129.78,1.9558,N/A,27.023,7.462,N/A,0.7381,315.39,N/A,N/A,N/A,4.2955,N/A,4.517,9.1696,N/A,N/A,1.0891,N/A,9.6475,7.6415,79.6738,N/A,3.2193,1.5153,4.4023,1.5172,7.1208,8.4464,15194.63,4.2659,72.617,1297.87,18.9353,4.7363,1.6146,51.393,1.5533,39.407,16.9558,
2015-12-31,1.0887,131.07,1.9558,N/A,27.023,7.4626,N/A,0.73395,315.98,N/A,N/A,N/A,4.2639,N/A,4.524,9.1895,N/A,N/A,1.0835,N/A,9.603,7.638,80.6736,N/A,3.1765,1.4897,4.3117,1.5116,7.0608,8.4376,15039.99,4.2481,72.0215,1280.78,18.9145,4.6959,1.5923,50.999,1.5417,39.248,16.953,
2015-12-30,1.0926,131.66,1.9558,N/A,27.029,7.4625,N/A,0.73799,313.15,N/A,N/A,N/A,4.24,N/A,4.5296,9.1878,N/A,N/A,1.0814,N/A,9.616,7.637,79.754,N/A,3.1837,1.499,4.259,1.5171,7.091,8.4685,15081.33,4.2606,72.535,1284.79,18.8867,4.6887,1.5959,51.281,1.5449,39.334,16.8847,
2015-12-29,1.0952,131.88,1.9558,N/A,27.028,7.4629,N/A,0.74005,314.26,N/A,N/A,N/A,4.2364,N/A,4.537,9.1567,N/A,N/A,1.0846,N/A,9.5115,7.6383,79.4319,N/A,3.1878,1.5056,4.2187,1.5241,7.1065,8.4882,15029.86,4.254,72.6458,1282.17,18.8429,4.7055,1.5949,51.514,1.5467,39.518,16.7598,
2015-12-28,1.0962,132.05,1.9558,N/A,27.022,7.4631,N/A,0.73535,314.13,N/A,N/A,N/A,4.2455,N/A,4.5255,9.1863,N/A,N/A,1.0838,N/A,9.538,7.6295,78.8666,N/A,3.1923,1.5089,4.3034,1.5207,7.1114,8.4957,14967.37,4.257,72.4616,1280.83,18.9347,4.7119,1.6019,51.566,1.5436,39.604,16.7163,
2015-12-24,1.0947,131.83,1.9558,N/A,27.028,7.4628,N/A,0.7342,315.91,N/A,N/A,N/A,4.2412,N/A,4.5285,9.19,N/A,N/A,1.0806,N/A,9.512,7.6425,76.95,N/A,3.199,1.5074,4.3142,1.5183,7.088,8.4849,14922.54,4.2574,72.4801,1279.4,18.9109,4.6943,1.6052,51.504,1.5396,39.442,16.6252,
2015-12-23,1.0916,131.92,1.9558,N/A,27.033,7.4617,N/A,0.733,314.85,N/A,N/A,N/A,4.2469,N/A,4.524,9.209,N/A,N/A,1.0812,N/A,9.527,7.6415,77.1325,N/A,3.2018,1.5115,4.3311,1.5176,7.0709,8.4607,14913.86,4.2485,72.2748,1281.86,18.7712,4.7061,1.6117,51.597,1.5366,39.363,16.661,
2015-12-22,1.0952,132.42,1.9558,N/A,27.028,7.4615,N/A,0.7362,313.97,N/A,N/A,N/A,4.2377,N/A,4.5192,9.262,N/A,N/A,1.0818,N/A,9.543,7.656,77.8588,N/A,3.228,1.5109,4.3619,1.5242,7.0933,8.4913,14963.04,4.27,72.5474,1283.3,18.7405,4.7093,1.6036,51.789,1.5379,39.504,16.5748,
2015-12-21,1.087,131.93,1.9558,N/A,27.028,7.461,N/A,0.72985,314.15,N/A,N/A,N/A,4.2402,N/A,4.5115,9.293,N/A,N/A,1.0804,N/A,9.5585,7.6505,77.4488,N/A,3.1643,1.5168,4.3219,1.5169,7.0457,8.4247,15015.75,4.2416,72.085,1280.05,18.6067,4.6679,1.6114,51.388,1.5307,39.262,16.4115,
2015-12-18,1.0836,131.6,1.9558,N/A,27.03,7.4613,N/A,0.72666,314.25,N/A,N/A,N/A,4.2806,N/A,4.516,9.266,N/A,N/A,1.0768,N/A,9.5,7.6495,77.1005,N/A,3.1581,1.5206,4.2265,1.5123,7.0274,8.4005,15096.1,4.221,71.955,1280.16,18.4429,4.644,1.616,51.253,1.53,39.175,16.2998,
2015-12-17,1.0841,132.82,1.9558,N/A,27.031,7.4612,N/A,0.7266,315.96,N/A,N/A,N/A,4.2959,N/A,4.5048,9.3022,N/A,N/A,1.0807,N/A,9.511,7.653,76.5023,N/A,3.1674,1.5097,4.2031,1.4995,7.033,8.405,15204.89,4.22,71.84,1285.85,18.3649,4.678,1.6078,51.434,1.5351,39.125,16.26,
2015-12-16,1.0933,133.18,1.9558,N/A,27.03,7.4617,N/A,0.7283,316.41,N/A,N/A,N/A,4.3186,N/A,4.5035,9.2991,N/A,N/A,1.0824,N/A,9.5555,7.6425,76.8689,N/A,3.2416,1.5186,4.3042,1.505,7.0726,8.4732,15293.02,4.241,72.935,1285.09,18.7228,4.7045,1.6196,51.754,1.5407,39.431,16.4708,
2015-12-15,1.099,132.97,1.9558,N/A,27.022,7.4614,N/A,0.7252,316.5,N/A,N/A,N/A,4.3537,N/A,4.496,9.2883,N/A,N/A,1.0831,N/A,9.4945,7.639,77.492,N/A,3.2573,1.52,4.2609,1.5069,7.1017,8.5173,15423.14,4.241,73.5161,1292.34,18.9649,4.7295,1.6186,52.057,1.5457,39.427,16.4213,
2015-12-14,1.0983,132.54,1.9558,N/A,27.024,7.461,N/A,0.726,317.12,N/A,N/A,N/A,4.3658,N/A,4.5191,9.363,N/A,N/A,1.0771,N/A,9.5695,7.633,77.9268,N/A,3.2837,1.5231,4.2883,1.5106,7.0929,8.5125,15526.48,4.2379,73.7454,1304.72,19.1214,4.8,1.627,52.127,1.549,39.674,16.8045,
2015-12-11,1.095,133.02,1.9558,N/A,27.023,7.4609,N/A,0.7224,316.66,N/A,N/A,N/A,4.3456,N/A,4.5248,9.3007,N/A,N/A,1.0819,N/A,9.5385,7.639,76.328,N/A,3.2416,1.518,4.219,1.4962,7.0716,8.4868,15441.3,4.2287,73.3719,1300.93,18.9987,4.7424,1.6258,51.96,1.5436,39.519,17.3954,
2015-12-10,1.0943,132.97,1.9558,N/A,27.021,7.4609,N/A,0.7235,316.61,N/A,N/A,N/A,4.3389,N/A,4.503,9.2761,N/A,N/A,1.0806,N/A,9.437,7.629,75.3885,N/A,3.194,1.5,4.1177,1.4817,7.0416,8.4813,15262.1,4.231,73.0416,1287.37,18.6731,4.6599,1.6191,51.688,1.5338,39.422,16.7143,
2015-12-09,1.0941,134.04,1.9558,N/A,27.021,7.4609,N/A,0.7251,314.7,N/A,N/A,N/A,4.3404,N/A,4.4954,9.2587,N/A,N/A,1.083,N/A,9.537,7.63,75.9443,N/A,3.1939,1.5182,4.1247,1.4847,7.0325,8.4796,15361.85,4.2494,73.1296,1293.16,18.5713,4.6806,1.6517,51.641,1.5383,39.333,15.9487,
2015-12-08,1.0875,133.64,1.9558,N/A,27.022,7.4607,N/A,0.7271,314.53,N/A,N/A,N/A,4.3357,N/A,4.4854,9.2236,N/A,N/A,1.082,N/A,9.5675,7.6368,75.92,N/A,3.1788,1.5099,4.1297,1.4793,6.9795,8.4286,15299.16,4.2278,72.6871,1287.02,18.5495,4.6675,1.643,51.339,1.5363,39.116,15.9518,
2015-12-07,1.0809,133.4,1.9558,N/A,27.022,7.4607,N/A,0.7177,311.85,N/A,N/A,N/A,4.3133,N/A,4.4803,9.2188,N/A,N/A,1.083,N/A,9.3265,7.638,74.6306,N/A,3.1349,1.4849,4.0425,1.455,6.9266,8.3771,14965.26,4.1678,72.1325,1264,18.1229,4.5744,1.6238,50.88,1.5191,38.761,15.6593,
2015-12-04,1.0902,134.08,1.9558,N/A,27.035,7.4603,N/A,0.7201,313.1,N/A,N/A,N/A,4.3131,N/A,4.4711,9.2724,N/A,N/A,1.0882,N/A,9.2495,7.636,73.6109,N/A,3.1747,1.4899,4.118,1.454,6.9802,8.4492,15094.88,4.1816,72.802,1268.29,18.2499,4.6052,1.6319,51.327,1.5216,39.081,15.7275,
2015-12-03,1.0671,131.58,1.9558,N/A,27.036,7.4584,N/A,0.7122,310.93,N/A,N/A,N/A,4.2859,N/A,4.4585,9.225,N/A,N/A,1.084,N/A,9.174,7.6358,72.2652,N/A,3.0768,1.455,4.0476,1.4213,6.8273,8.2701,14733.44,4.1291,71.1343,1240.24,17.6658,4.5088,1.6038,50.269,1.501,38.263,15.2736,
2015-12-02,1.0612,130.7,1.9558,N/A,27.024,7.4592,N/A,0.7059,311.23,N/A,N/A,N/A,4.2728,N/A,4.4573,9.2132,N/A,N/A,1.088,N/A,9.1405,7.641,71.0589,N/A,3.0605,1.4489,4.0884,1.4204,6.7903,8.2247,14646.1,4.1137,70.6171,1234.96,17.5353,4.4905,1.5945,50.034,1.496,38.004,15.2134,
2015-12-01,1.06,130.57,1.9558,N/A,27.023,7.4602,N/A,0.7036,310.5,N/A,N/A,N/A,4.2679,N/A,4.4588,9.2118,N/A,N/A,1.0908,N/A,9.2015,7.6365,70.714,N/A,3.0625,1.454,4.1255,1.4118,6.7808,8.218,14641.99,4.1114,70.5123,1229,17.508,4.488,1.5935,50.009,1.4947,37.953,15.3361,
2015-11-30,1.0579,130.22,1.9558,N/A,27.03,7.4604,N/A,0.7048,311.58,N/A,N/A,N/A,4.2721,N/A,4.4503,9.207,N/A,N/A,1.0903,N/A,9.1935,7.633,69.9854,N/A,3.0789,1.4671,4.0709,1.4143,6.7689,8.1989,14645.43,4.0972,70.5275,1224.21,17.5569,4.5067,1.612,49.921,1.494,37.926,15.2894,
2015-11-27,1.058,129.75,1.9558,N/A,27.024,7.4605,N/A,0.7029,312.08,N/A,N/A,N/A,4.2631,N/A,4.4467,9.242,N/A,N/A,1.09,N/A,9.1885,7.623,69.9945,N/A,3.0865,1.4689,3.9359,1.4121,6.765,8.2001,14628.6,4.113,70.6449,1221.76,17.5099,4.515,1.6189,49.921,1.4927,37.972,15.149,
2015-11-26,1.0612,130.06,1.9558,N/A,27.032,7.4602,N/A,0.7028,312.27,N/A,N/A,N/A,4.2724,N/A,4.4424,9.2756,N/A,N/A,1.0868,N/A,9.193,7.6295,69.9537,N/A,3.087,1.4685,3.9935,1.4119,6.7805,8.2247,14609.48,4.1199,70.6402,1219.31,17.5522,4.4952,1.6144,50.013,1.4944,37.949,15.0956,
2015-11-25,1.0586,129.94,1.9558,N/A,27.025,7.4606,N/A,0.70175,312.11,N/A,N/A,N/A,4.2603,N/A,4.4414,9.2717,N/A,N/A,1.082,N/A,9.181,7.6335,69.7339,N/A,3.0472,1.4601,3.989,1.4108,6.7611,8.2047,14490.93,4.1098,70.1855,1211.88,17.5204,4.4619,1.616,49.834,1.4888,37.809,14.9158,
2015-11-24,1.0651,130.52,1.9558,N/A,27.033,7.4605,N/A,0.7062,311.89,N/A,N/A,N/A,4.2607,N/A,4.4467,9.2622,N/A,N/A,1.0832,N/A,9.209,7.6335,70.4467,N/A,3.0675,1.4763,3.955,1.4229,6.8048,8.2547,14618.17,4.13,70.6582,1229.46,17.6141,4.5192,1.6368,50.145,1.5074,38.141,14.9808,
2015-11-23,1.0631,130.92,1.9558,N/A,27.025,7.4606,N/A,0.7025,311.13,N/A,N/A,N/A,4.2403,N/A,4.449,9.2496,N/A,N/A,1.0848,N/A,9.1755,7.628,69.6382,N/A,3.0267,1.4793,3.9654,1.4222,6.7926,8.2391,14542.92,4.1278,70.5699,1232.02,17.632,4.5667,1.6322,50.129,1.508,38.133,14.9056,
2015-11-20,1.0688,131.28,1.9558,N/A,27.031,7.4602,N/A,0.701,309.96,N/A,N/A,N/A,4.2411,N/A,4.4438,9.2796,N/A,N/A,1.0844,N/A,9.2035,7.6278,69.3309,N/A,3.0165,1.4825,3.966,1.4229,6.8239,8.2833,14529.52,4.1473,70.7492,1234.46,17.7282,4.5803,1.6296,50.231,1.5093,38.199,14.8862,
2015-11-19,1.0687,131.6,1.9558,N/A,27.025,7.4603,N/A,0.6998,310.26,N/A,N/A,N/A,4.25,N/A,4.4438,9.3089,N/A,N/A,1.0893,N/A,9.2556,7.631,69.4086,N/A,3.0433,1.4925,4.0154,1.4203,6.8244,8.2829,14714.18,4.1597,70.78,1241.54,17.8206,4.6314,1.6404,50.259,1.5129,38.324,15.1806,
2015-11-18,1.0666,131.65,1.9558,N/A,27.029,7.4608,N/A,0.7009,310.94,N/A,N/A,N/A,4.254,N/A,4.4467,9.3019,N/A,N/A,1.0838,N/A,9.2335,7.6215,69.3696,N/A,3.055,1.5028,4.0563,1.4223,6.8054,8.2669,14746.47,4.1638,70.6304,1247.9,17.8707,4.6594,1.6505,50.341,1.5185,38.392,15.1537,
2015-11-17,1.067,131.49,1.9558,N/A,27.031,7.4613,N/A,0.7017,311.64,N/A,N/A,N/A,4.2475,N/A,4.4375,9.3243,N/A,N/A,1.0806,N/A,9.237,7.6065,69.871,N/A,3.0593,1.496,4.0684,1.42,6.8045,8.27,14646.25,4.1655,70.4322,1247.07,17.888,4.6861,1.6447,50.339,1.5175,38.365,15.1915,
2015-11-16,1.0723,132.01,1.9558,N/A,27.031,7.461,N/A,0.7058,311.9,N/A,N/A,N/A,4.2408,N/A,4.4387,9.3206,N/A,N/A,1.0791,N/A,9.305,7.6075,70.785,N/A,3.0922,1.511,4.1144,1.4293,6.833,8.3109,14776.33,4.1736,70.7613,1257.58,17.9456,4.7036,1.6554,50.644,1.5253,38.565,15.43,
2015-11-13,1.0764,132.04,1.9558,N/A,27.032,7.4606,N/A,0.70705,312.23,N/A,N/A,N/A,4.2429,N/A,4.4452,9.3388,N/A,N/A,1.0786,N/A,9.332,7.6155,71.7143,N/A,3.096,1.5077,4.0847,1.4322,6.8607,8.3429,14764.07,4.1836,71.2,1257.07,18.062,4.7125,1.6483,50.722,1.5305,38.643,15.4459,
2015-11-12,1.0726,131.92,1.9558,N/A,27.031,7.4602,N/A,0.7064,312.25,N/A,N/A,N/A,4.227,N/A,4.443,9.3009,N/A,N/A,1.0769,N/A,9.324,7.617,70.923,N/A,3.0938,1.5073,4.0793,1.4293,6.833,8.3132,14615.93,4.1748,71.1282,1245.87,18.0004,4.6819,1.6447,50.475,1.5246,38.528,15.2929,
2015-11-11,1.0716,131.9,1.9558,N/A,27.022,7.4604,N/A,0.706,311.7,N/A,N/A,N/A,4.2215,N/A,4.4366,9.329,N/A,N/A,1.0783,N/A,9.223,7.6205,69.086,N/A,3.0929,1.5183,4.0013,1.4213,6.8235,8.306,14551.32,4.1841,70.978,1238.51,17.9011,4.6634,1.6344,50.475,1.5236,38.446,15.2006,
2015-11-10,1.0711,131.98,1.9558,N/A,27.044,7.4601,N/A,0.7084,312.69,N/A,N/A,N/A,4.2432,N/A,4.452,9.3102,N/A,N/A,1.0765,N/A,9.2765,7.6,69.0542,N/A,3.122,1.5189,4.0627,1.4204,6.8121,8.3026,14601.38,4.1989,70.9818,1242.06,17.9789,4.6946,1.636,50.6,1.5234,38.485,15.3716,
2015-11-09,1.0776,133.08,1.9558,N/A,27.042,7.46,N/A,0.7141,314.44,N/A,N/A,N/A,4.263,N/A,4.4622,9.3378,N/A,N/A,1.0815,N/A,9.2875,7.5658,69.4677,N/A,3.145,1.5263,4.0896,1.4285,6.8569,8.354,14710.03,4.2222,71.5769,1251.28,18.1743,4.7344,1.6465,50.819,1.535,38.724,15.359,
2015-11-06,1.0864,132.41,1.9558,N/A,27.026,7.46,N/A,0.71765,314.02,N/A,N/A,N/A,4.2544,N/A,4.4545,9.3839,N/A,N/A,1.083,N/A,9.2715,7.5575,69.2906,N/A,3.1294,1.5204,4.1206,1.4342,6.9035,8.4212,14719.76,4.2298,71.5938,1243.27,18.0924,4.6797,1.6412,50.981,1.5314,38.66,15.1534,
2015-11-05,1.0883,132.65,1.9558,N/A,27.044,7.4592,N/A,0.7126,313.97,N/A,N/A,N/A,4.2392,N/A,4.4486,9.3916,N/A,N/A,1.0833,N/A,9.3065,7.5545,68.8654,N/A,3.1215,1.5233,4.1364,1.432,6.9065,8.4351,14751.76,4.2333,71.71,1240.66,17.9972,4.6781,1.645,51.047,1.531,38.702,15.1123,
2015-11-04,1.0935,132.45,1.9558,N/A,27.074,7.4594,N/A,0.7094,314.91,N/A,N/A,N/A,4.2377,N/A,4.4484,9.3663,N/A,N/A,1.0813,N/A,9.3275,7.5785,68.3984,N/A,3.1052,1.521,4.1035,1.4292,6.9291,8.4748,14744.32,4.239,71.6093,1236.88,17.9197,4.6638,1.6485,51.17,1.5286,38.776,15.108,
2015-11-03,1.0976,132.65,1.9558,N/A,27.1,7.4587,N/A,0.71315,313.48,N/A,N/A,N/A,4.254,N/A,4.4345,9.3935,N/A,N/A,1.0869,N/A,9.341,7.586,69.5445,N/A,3.1222,1.5301,4.1813,1.4406,6.9545,8.5065,14936.68,4.2544,72.1429,1245.49,18.0939,4.7104,1.6364,51.495,1.5363,39.048,15.2542,
2015-11-02,1.1032,133.02,1.9558,N/A,27.097,7.4585,N/A,0.7132,312.19,N/A,N/A,N/A,4.2532,N/A,4.4383,9.3843,N/A,N/A,1.0885,N/A,9.337,7.5855,70.7262,N/A,3.095,1.5457,4.2724,1.445,6.9914,8.55,15062.24,4.2679,72.3534,1254.62,18.2111,4.7441,1.6356,51.713,1.5466,39.276,15.1851,
2015-10-30,1.1017,132.88,1.9558,N/A,27.09,7.4578,N/A,0.7182,309.9,N/A,N/A,N/A,4.2644,N/A,4.435,9.3866,N/A,N/A,1.09,N/A,9.393,7.586,70.569,N/A,3.2128,1.5544,4.2724,1.4515,6.9703,8.5382,15070.66,4.2589,72.0155,1253.98,18.2497,4.735,1.6369,51.492,1.5445,39.194,15.2222,
2015-10-29,1.093,132.3,1.9558,N/A,27.113,7.4576,N/A,0.7167,311.45,N/A,N/A,N/A,4.2699,N/A,4.4343,9.3574,N/A,N/A,1.0851,N/A,9.367,7.605,70.0745,N/A,3.21,1.5446,4.3022,1.4411,6.946,8.4709,14953.22,4.2436,71.4429,1251.76,18.1941,4.7414,1.636,51.42,1.5374,38.991,15.1247,
2015-10-28,1.1085,133.38,1.9558,N/A,27.134,7.4599,N/A,0.7248,311.78,N/A,N/A,N/A,4.2936,N/A,4.433,9.3358,N/A,N/A,1.0899,N/A,9.42,7.6125,71.275,N/A,3.2047,1.5539,4.3062,1.4643,7.0484,8.5909,15003.98,4.2916,72.0535,1254.8,18.3058,4.7338,1.6505,51.898,1.5448,39.318,15.0531,
2015-10-27,1.1061,133.06,1.9558,N/A,27.098,7.46,N/A,0.7214,312.85,N/A,N/A,N/A,4.2919,N/A,4.437,9.4065,N/A,N/A,1.088,N/A,9.363,7.6225,71.6121,N/A,3.2185,1.5299,4.3377,1.4622,7.0265,8.5724,15099.05,4.2755,71.8563,1257.44,18.3502,4.728,1.6261,51.789,1.5422,39.27,15.201,
2015-10-26,1.1011,133.26,1.9558,N/A,27.088,7.4603,N/A,0.7184,310.17,N/A,N/A,N/A,4.2678,N/A,4.4367,9.3814,N/A,N/A,1.0823,N/A,9.226,7.6265,68.803,N/A,3.1774,1.5182,4.2481,1.4482,6.9943,8.5335,14989.96,4.2776,71.4685,1247.38,18.1891,4.6521,1.6244,51.308,1.5347,39.034,14.943,
2015-10-23,1.1084,133.8,1.9558,N/A,27.074,7.4597,N/A,0.71955,309.95,N/A,N/A,N/A,4.2529,N/A,4.4269,9.4079,N/A,N/A,1.0793,N/A,9.2525,7.6243,68.5882,N/A,3.1868,1.525,4.3168,1.4483,7.039,8.5901,15057.7,4.3146,71.8562,1249.33,18.2027,4.6862,1.6306,51.565,1.5408,39.254,14.9007,
2015-10-22,1.1313,135.49,1.9558,N/A,27.069,7.4596,N/A,0.7314,311.12,N/A,N/A,N/A,4.2849,N/A,4.43,9.4207,N/A,N/A,1.0886,N/A,9.274,7.621,70.7525,N/A,3.2683,1.5692,4.4791,1.4847,7.1929,8.7677,15402.12,4.3611,73.6774,1284.93,18.7683,4.8463,1.6704,52.643,1.5744,40.267,15.3007,
2015-10-21,1.1354,136.3,1.9558,N/A,27.079,7.4596,N/A,0.7349,311.25,N/A,N/A,N/A,4.2757,N/A,4.4315,9.4219,N/A,N/A,1.0864,N/A,9.2625,7.6165,71.3405,N/A,3.2989,1.5707,4.4577,1.4764,7.2088,8.7995,15610.11,4.3824,73.9444,1292.65,18.9044,4.8669,1.6869,52.73,1.5815,40.375,15.2444,
2015-10-20,1.1373,136.16,1.9558,N/A,27.08,7.4597,N/A,0.7352,310.33,N/A,N/A,N/A,4.2466,N/A,4.4252,9.4235,N/A,N/A,1.0823,N/A,9.2355,7.6267,70.609,N/A,3.2882,1.5612,4.3898,1.4788,7.2201,8.8141,15565.42,4.3955,73.9899,1283.93,18.7711,4.8534,1.6664,52.741,1.5791,40.268,15.0119,
2015-10-19,1.1333,135.29,1.9558,N/A,27.083,7.4592,N/A,0.7317,309.51,N/A,N/A,N/A,4.2367,N/A,4.4183,9.394,N/A,N/A,1.0834,N/A,9.185,7.6265,70.3984,N/A,3.2849,1.5581,4.4185,1.4671,7.2082,8.7832,15439.68,4.3611,73.4435,1280.57,18.636,4.7695,1.6668,52.243,1.5685,40.073,14.9509,
2015-10-16,1.136,135.25,1.9558,N/A,27.081,7.4597,N/A,0.7356,309.68,N/A,N/A,N/A,4.2383,N/A,4.4167,9.3557,N/A,N/A,1.0809,N/A,9.2005,7.6285,70.264,N/A,3.2972,1.5654,4.3792,1.4685,7.2159,8.8041,15359.84,4.3526,73.6891,1284.8,18.7145,4.7462,1.6737,52.25,1.5714,40.108,14.9339,
2015-10-15,1.1439,135.23,1.9558,N/A,27.084,7.4612,N/A,0.7397,309.39,N/A,N/A,N/A,4.2291,N/A,4.4176,9.3274,N/A,N/A,1.0873,N/A,9.217,7.62,71.0735,N/A,3.2975,1.5612,4.3425,1.4756,7.2583,8.8652,15389.36,4.3703,74.1533,1282.89,18.7577,4.7166,1.6683,52.341,1.5752,40.217,14.9957,
2015-10-14,1.141,136.48,1.9558,N/A,27.113,7.4612,N/A,0.7418,311.04,N/A,N/A,N/A,4.2378,N/A,4.4145,9.2716,N/A,N/A,1.0901,N/A,9.24,7.628,71.975,N/A,3.35,1.5722,4.4198,1.4816,7.2435,8.8429,15534.04,4.3949,74.1465,1308.96,18.8927,4.8055,1.6938,52.447,1.5815,40.533,15.3094,
2015-10-13,1.1374,136.16,1.9558,N/A,27.131,7.4608,N/A,0.748,311.53,N/A,N/A,N/A,4.2391,N/A,4.4163,9.256,N/A,N/A,1.091,N/A,9.269,7.6165,71.4085,N/A,3.36,1.5585,4.3271,1.484,7.2123,8.8149,15511.63,4.3961,74.1414,1308.93,18.8763,4.7735,1.6974,52.384,1.5929,40.532,15.306,
2015-10-12,1.1373,136.61,1.9558,N/A,27.108,7.4604,N/A,0.7401,310.86,N/A,N/A,N/A,4.2246,N/A,4.413,9.3017,N/A,N/A,1.0928,N/A,9.158,7.6265,69.4822,N/A,3.3177,1.5429,4.2818,1.4702,7.1917,8.8141,15285.16,4.3623,73.643,1298.28,18.6802,4.717,1.6905,52.007,1.5897,40.204,15.0949,
2015-10-09,1.1362,136.65,1.9558,N/A,27.109,7.4599,N/A,0.7407,311.59,N/A,N/A,N/A,4.217,N/A,4.415,9.2683,N/A,N/A,1.0919,N/A,9.1895,7.629,69.364,N/A,3.2973,1.5502,4.2601,1.4698,7.2094,8.8057,15346.5,4.345,73.6258,1298.05,18.6271,4.6919,1.6964,51.945,1.5855,40.392,15.0674,
2015-10-08,1.1254,134.92,1.9558,N/A,27.117,7.4611,N/A,0.7366,312.17,N/A,N/A,N/A,4.2321,N/A,4.4162,9.279,N/A,N/A,1.0935,N/A,9.2185,7.6135,70.3304,N/A,3.3012,1.5664,4.3574,1.4683,7.1507,8.722,15619.12,4.3431,73.2592,1305.49,18.6929,4.75,1.705,51.923,1.589,40.5,15.1556,
2015-10-07,1.1266,135.3,1.9558,N/A,27.099,7.4615,N/A,0.7358,312.17,N/A,N/A,N/A,4.23,N/A,4.4174,9.2924,N/A,N/A,1.0882,N/A,9.258,7.6095,69.9561,N/A,3.2997,1.5586,4.3238,1.4649,7.1621,8.7312,15492.07,4.3375,73.114,1299.71,18.6678,4.74,1.6966,51.829,1.587,40.401,15.069,
2015-10-06,1.1224,135.07,1.9558,N/A,27.109,7.4612,N/A,0.7399,313.58,N/A,N/A,N/A,4.2487,N/A,4.4186,9.3121,N/A,N/A,1.0936,N/A,9.3765,7.6135,72.6872,N/A,3.3576,1.5781,4.4209,1.4701,7.1358,8.6987,15970.48,4.3423,73.3854,1311.31,18.8647,4.8962,1.7293,52.091,1.5986,40.768,15.3607,
2015-10-05,1.1236,135.07,1.9558,N/A,27.122,7.4605,N/A,0.7402,311.9,N/A,N/A,N/A,4.2449,N/A,4.4168,9.3513,N/A,N/A,1.0938,N/A,9.387,7.6263,73.155,N/A,3.3649,1.5853,4.4059,1.4735,7.1417,8.708,16204.96,4.3394,73.3711,1304.86,18.7147,4.909,1.7272,52.193,1.5984,40.854,15.2697,
2015-10-02,1.116,134.24,1.9558,N/A,27.163,7.4598,N/A,0.7358,312.97,N/A,N/A,N/A,4.2452,N/A,4.4138,9.3412,N/A,N/A,1.0923,N/A,9.4125,7.639,74.0858,N/A,3.3774,1.587,4.468,1.4775,7.0945,8.6491,16350.64,4.3806,73.112,1318.86,18.8107,4.9271,1.7409,52.153,1.5996,40.846,15.5101,
2015-10-01,1.1153,133.56,1.9558,N/A,27.173,7.4605,N/A,0.7367,312.8,N/A,N/A,N/A,4.2459,N/A,4.4159,9.3754,N/A,N/A,1.0903,N/A,9.4565,7.64,73.0745,N/A,3.3796,1.5777,4.4023,1.4799,7.0901,8.6436,16360.31,4.3856,73.0661,1314.36,18.8045,4.9148,1.7332,52.147,1.5916,40.63,15.4495,
2015-09-30,1.1203,134.69,1.9558,N/A,27.187,7.4598,N/A,0.7385,313.45,N/A,N/A,N/A,4.2448,N/A,4.4176,9.4083,N/A,N/A,1.0915,N/A,9.5245,7.6445,73.2416,N/A,3.3903,1.5939,4.4808,1.5034,7.1206,8.6824,16347.81,4.4001,73.4805,1328.27,18.9768,4.9237,1.7568,52.347,1.5921,40.712,15.4984,
2015-09-29,1.1204,134.38,1.9558,N/A,27.208,7.4607,N/A,0.7391,313.75,N/A,N/A,N/A,4.2356,N/A,4.4223,9.4462,N/A,N/A,1.0901,N/A,9.522,7.6535,73.4567,N/A,3.403,1.6009,4.5834,1.5,7.1316,8.6831,16442.26,4.4048,73.9411,1338.63,19.016,4.9835,1.7616,52.48,1.6004,40.832,15.5812,
2015-09-28,1.117,134.13,1.9558,N/A,27.22,7.4597,N/A,0.7352,315.43,N/A,N/A,N/A,4.2343,N/A,4.4173,9.4527,N/A,N/A,1.0941,N/A,9.582,7.636,73.3737,N/A,3.4137,1.5967,4.4787,1.4921,7.1099,8.6569,16419.85,4.4024,73.8391,1334.11,19.0756,4.941,1.7585,52.271,1.596,40.603,15.6728,
2015-09-25,1.1151,134.92,1.9558,N/A,27.193,7.4597,N/A,0.73475,315.46,N/A,N/A,N/A,4.2218,N/A,4.4111,9.3917,N/A,N/A,1.0922,N/A,9.513,7.6405,73.2,N/A,3.3767,1.5895,4.3383,1.4845,7.1082,8.642,16341.76,4.3807,73.7709,1326.92,18.6723,4.8912,1.7578,52.126,1.586,40.322,15.3184,
2015-09-24,1.1241,134.48,1.9558,N/A,27.162,7.4612,N/A,0.7387,314.21,N/A,N/A,N/A,4.23,N/A,4.4178,9.4292,N/A,N/A,1.0928,N/A,9.463,7.625,74.7945,N/A,3.437,1.6147,4.7304,1.5039,7.1743,8.7119,16584.1,4.4376,74.4594,1344.25,19.4059,4.8862,1.7857,52.84,1.6054,40.85,15.7352,
2015-09-23,1.115,134.03,1.9558,N/A,27.09,7.4599,N/A,0.7297,310.91,N/A,N/A,N/A,4.2036,N/A,4.4183,9.3798,N/A,N/A,1.0882,N/A,9.237,7.5833,73.6019,N/A,3.373,1.5813,4.4794,1.479,7.1165,8.6414,16297.4,4.406,73.569,1328.24,18.7989,4.8471,1.7712,52.174,1.585,40.286,15.2287,
2015-09-22,1.1155,133.75,1.9558,N/A,27.057,7.4602,N/A,0.7223,310.55,N/A,N/A,N/A,4.197,N/A,4.4225,9.3412,N/A,N/A,1.086,N/A,9.2145,7.6235,73.979,N/A,3.3881,1.5732,4.4809,1.4804,7.1129,8.6451,16257.25,4.3864,73.5068,1322.15,18.7248,4.8017,1.7715,52.041,1.5817,40.164,15.2542,
2015-09-21,1.125,135.5,1.9558,N/A,27.053,7.4608,N/A,0.7243,310.12,N/A,N/A,N/A,4.1866,N/A,4.421,9.33,N/A,N/A,1.0906,N/A,9.2205,7.6363,74.1125,N/A,3.3612,1.5693,4.4529,1.4831,7.1643,8.7188,16280.28,4.4085,73.9297,1325.46,18.6722,4.7931,1.7696,52.274,1.5843,40.269,15.0071,
2015-09-18,1.1419,136.31,1.9558,N/A,27.071,7.4612,N/A,0.7298,309.81,N/A,N/A,N/A,4.203,N/A,4.4187,9.3248,N/A,N/A,1.0913,N/A,9.237,7.6305,75.1599,N/A,3.4253,1.5709,4.437,1.4876,7.2674,8.8498,16399.84,4.4277,74.9929,1329,18.7957,4.8053,1.7703,52.878,1.5886,40.596,15.0962,
2015-09-17,1.1312,136.76,1.9558,N/A,27.112,7.4619,N/A,0.72865,310.99,N/A,N/A,N/A,4.2036,N/A,4.4253,9.3317,N/A,N/A,1.095,N/A,9.2165,7.6075,74.5206,N/A,3.4138,1.5776,4.3696,1.4925,7.2016,8.767,16379.05,4.3896,74.942,1315.48,18.7496,4.7771,1.7821,52.548,1.5818,40.437,15.1419,
2015-09-16,1.1228,135.45,1.9558,N/A,27.065,7.461,N/A,0.72665,311.82,N/A,N/A,N/A,4.197,N/A,4.4265,9.3251,N/A,N/A,1.0943,N/A,9.2385,7.574,73.8232,N/A,3.3706,1.5677,4.3134,1.4877,7.1531,8.7021,16204,4.3565,74.6213,1319.08,18.6879,4.7531,1.7701,52.356,1.5726,40.387,15,
2015-09-15,1.132,135.44,1.9558,N/A,27.088,7.4609,N/A,0.7346,312.48,N/A,N/A,N/A,4.2011,N/A,4.4207,9.3277,N/A,N/A,1.0971,N/A,9.2565,7.5623,75.4818,N/A,3.4298,1.5885,4.3486,1.4984,7.2107,8.7731,16325.95,4.3831,75.1238,1335.54,18.9457,4.8587,1.7877,52.887,1.5849,40.695,15.2568,
2015-09-14,1.1305,136.04,1.9558,N/A,27.116,7.4604,N/A,0.7334,313.33,N/A,N/A,N/A,4.2097,N/A,4.4175,9.335,N/A,N/A,1.0979,N/A,9.257,7.547,76.4851,N/A,3.4695,1.5874,4.3678,1.4983,7.2008,8.7615,16212.39,4.395,75.022,1335.76,18.9743,4.8666,1.7905,52.889,1.5919,40.743,15.3545,
2015-09-11,1.1268,136.02,1.9558,N/A,27.074,7.4608,N/A,0.7306,314.74,N/A,N/A,N/A,4.208,N/A,4.4189,9.3709,N/A,N/A,1.1031,N/A,9.271,7.55,76.606,N/A,3.4302,1.5955,4.3272,1.4945,7.1832,8.7327,16114.26,4.3532,74.8967,1333.25,18.8722,4.8642,1.7914,52.755,1.5948,40.734,15.2887,
2015-09-10,1.1185,135.38,1.9558,N/A,27.038,7.4611,N/A,0.72655,314.51,N/A,N/A,N/A,4.2125,N/A,4.4228,9.4001,N/A,N/A,1.0923,N/A,9.176,7.552,76.3445,N/A,3.4067,1.5831,4.3489,1.4822,7.1329,8.6685,15992.53,4.3675,74.3061,1327.1,18.9163,4.8238,1.7775,52.388,1.5837,40.387,15.4986,
2015-09-09,1.1139,134.65,1.9558,N/A,27.057,7.4611,N/A,0.7251,313.17,N/A,N/A,N/A,4.2067,N/A,4.4174,9.4024,N/A,N/A,1.0893,N/A,9.2,7.551,75.7811,N/A,3.3633,1.586,4.234,1.4757,7.1047,8.6334,15869.33,4.324,73.9755,1325.47,18.6895,4.8043,1.7461,52.258,1.5782,40.193,15.2276,
2015-09-08,1.1162,133.82,1.9558,N/A,27.047,7.4615,N/A,0.7244,314.22,N/A,N/A,N/A,4.2268,N/A,4.4263,9.4188,N/A,N/A,1.092,N/A,9.2245,7.5605,76.0808,N/A,3.3633,1.5976,4.2346,1.4757,7.1075,8.6514,15934.91,4.3763,74.23,1334.07,18.8117,4.8435,1.7747,52.335,1.5847,40.285,15.421,
2015-09-07,1.1146,133.09,1.9558,N/A,27.026,7.4614,N/A,0.73035,314.03,N/A,N/A,N/A,4.2298,N/A,4.4343,9.4197,N/A,N/A,1.0871,N/A,9.2645,7.5565,76.1067,N/A,3.3717,1.6062,4.2798,1.4802,7.0954,8.6382,15948.73,4.3855,74.5187,1339.65,18.8887,4.8327,1.7801,52.366,1.5901,40.253,15.5102,
2015-09-04,1.1138,132.82,1.9558,N/A,27.03,7.4604,N/A,0.7315,313.55,N/A,N/A,N/A,4.2281,N/A,4.4308,9.4147,N/A,N/A,1.0839,N/A,9.2165,7.559,75.1586,N/A,3.3167,1.5948,4.2066,1.4736,7.0792,8.6321,15787.71,4.3595,74.0625,1323.93,18.7826,4.7325,1.7478,52.076,1.58,39.919,15.1744,
2015-09-03,1.1229,134.98,1.9558,N/A,27.022,7.4615,N/A,0.7345,314.2,N/A,N/A,N/A,4.233,N/A,4.4305,9.3907,N/A,N/A,1.0903,N/A,9.273,7.5585,75.5386,N/A,3.335,1.6035,4.2672,1.4893,7.137,8.7026,15951.04,4.4354,74.3837,1338.03,18.9809,4.7613,1.7679,52.579,1.5901,40.295,15.2883,
2015-09-02,1.1255,135.21,1.9558,N/A,27.023,7.4632,N/A,0.7369,313.95,N/A,N/A,N/A,4.2359,N/A,4.4403,9.4968,N/A,N/A,1.0867,N/A,9.3015,7.5535,75.8536,N/A,3.3126,1.6061,4.1992,1.4919,7.1537,8.7226,15920.1,4.4248,74.5011,1332.76,19.0198,4.7391,1.7766,52.647,1.5938,40.25,15.148,
2015-09-01,1.1236,134.87,1.9558,N/A,27.022,7.4634,N/A,0.7328,314.5,N/A,N/A,N/A,4.2375,N/A,4.4407,9.4954,N/A,N/A,1.0825,N/A,9.356,7.552,72.9868,N/A,3.2845,1.5956,4.1066,1.4856,7.1514,8.7079,15856.11,4.4135,74.5056,1321.48,18.9495,4.7,1.7749,52.515,1.5869,40.165,15.0403,
2015-08-31,1.1215,136.07,1.9558,N/A,27.021,7.4629,N/A,0.72753,314.7,N/A,N/A,N/A,4.2289,N/A,4.4307,9.5032,N/A,N/A,1.0825,N/A,9.3585,7.553,74.8581,N/A,3.2731,1.5753,4.0671,1.4863,7.1579,8.692,15769.29,4.4094,74.4698,1326.96,18.913,4.6998,1.7536,52.487,1.5842,40.2,14.9546,
2015-08-28,1.1268,136.16,1.9558,N/A,27.048,7.463,N/A,0.7321,314.8,N/A,N/A,N/A,4.2405,N/A,4.4313,9.4953,N/A,N/A,1.0807,N/A,9.34,7.561,75.5398,N/A,3.2921,1.5789,4.0171,1.4954,7.1998,8.7327,15794.75,4.418,74.5519,1327.2,19.0764,4.7165,1.7477,52.631,1.5844,40.439,14.9146,
2015-08-27,1.1284,135.62,1.9558,N/A,27.098,7.4627,N/A,0.7312,315.15,N/A,N/A,N/A,4.2357,N/A,4.4391,9.5701,N/A,N/A,1.0771,N/A,9.4025,7.5495,76,N/A,3.296,1.579,4.0435,1.4924,7.2281,8.7452,15796.18,4.4255,74.5252,1330.87,19.1585,4.7752,1.7469,52.668,1.5793,40.222,14.8012,
2015-08-26,1.1402,136.46,1.9558,N/A,27.085,7.4637,N/A,0.7314,315.54,N/A,N/A,N/A,4.231,N/A,4.4353,9.6557,N/A,N/A,1.0778,N/A,9.502,7.562,79.3846,N/A,3.337,1.5963,4.0954,1.5125,7.3079,8.8383,16085.51,4.472,75.475,1353.57,19.3982,4.8413,1.7558,53.208,1.6006,40.671,14.8996,
2015-08-25,1.1506,137.84,1.9558,N/A,27.109,7.4635,N/A,0.729,312.31,N/A,N/A,N/A,4.2242,N/A,4.4328,9.5653,N/A,N/A,1.0834,N/A,9.3885,7.5553,79.655,N/A,3.3606,1.5937,4.0621,1.5181,7.3786,8.9182,16146.48,4.442,76.0504,1356.95,19.5343,4.8489,1.7596,53.624,1.6084,40.888,15.0211,
2015-08-24,1.1497,137.8,1.9558,N/A,27.068,7.4633,N/A,0.7302,315.23,N/A,N/A,N/A,4.2428,N/A,4.4458,9.5035,N/A,N/A,1.0777,N/A,9.369,7.5603,81.442,N/A,3.397,1.5903,4.0935,1.5236,7.3636,8.9137,16151.96,4.4654,76.7681,1389.25,19.6875,4.9063,1.7527,53.867,1.6275,41.121,15.2533,
2015-08-21,1.1281,138.4,1.9558,N/A,27.021,7.4629,N/A,0.7198,312.77,N/A,N/A,N/A,4.2038,N/A,4.4295,9.5314,N/A,N/A,1.0765,N/A,9.2745,7.559,77.0944,N/A,3.3039,1.5384,3.9161,1.4787,7.2064,8.7441,15725.28,4.3741,74.3454,1346.41,18.9972,4.6915,1.6936,52.653,1.5852,40.191,14.5991,
2015-08-20,1.1183,138.5,1.9558,N/A,27.023,7.4627,N/A,0.7138,312.38,N/A,N/A,N/A,4.1904,N/A,4.4357,9.5014,N/A,N/A,1.0772,N/A,9.2325,7.5493,75.3275,N/A,3.3105,1.5287,3.919,1.4679,7.1449,8.6695,15554.86,4.3449,73.3046,1332.53,18.7203,4.592,1.6898,52.143,1.5702,39.854,14.4775,
2015-08-19,1.1041,137.31,1.9558,N/A,27.022,7.4633,N/A,0.7049,309.82,N/A,N/A,N/A,4.1731,N/A,4.4331,9.4604,N/A,N/A,1.0755,N/A,9.168,7.55,72.558,N/A,3.2243,1.5026,3.8404,1.4431,7.0614,8.5594,15283.36,4.2825,72.0687,1308.79,18.1282,4.529,1.6789,51.138,1.5505,39.3,14.2438,
2015-08-18,1.106,137.44,1.9558,N/A,27.021,7.4633,N/A,0.7042,309.01,N/A,N/A,N/A,4.1626,N/A,4.4211,9.4282,N/A,N/A,1.0798,N/A,9.1555,7.5585,72.681,N/A,3.1954,1.5065,3.8564,1.4494,7.072,8.5764,15277.87,4.248,72.2384,1307.94,18.186,4.524,1.68,51.161,1.5514,39.308,14.2847,
2015-08-17,1.11,138.22,1.9558,N/A,27.021,7.4633,N/A,0.7105,310.01,N/A,N/A,N/A,4.1708,N/A,4.43,9.445,N/A,N/A,1.0841,N/A,9.1585,7.5566,72.6325,N/A,3.1725,1.5096,3.8851,1.4581,7.0983,8.6077,15393.34,4.227,72.4997,1316.04,18.29,4.553,1.6927,51.403,1.5644,39.264,14.334,
2015-08-14,1.1171,138.7,1.9558,N/A,27.028,7.4633,N/A,0.7145,310.69,N/A,N/A,N/A,4.1862,N/A,4.4257,9.4308,N/A,N/A,1.0875,N/A,9.1375,7.5435,72.4516,N/A,3.1652,1.5122,3.91,1.4571,7.1396,8.664,15387.8,4.2187,72.6199,1314.78,18.326,4.5583,1.7033,51.557,1.5667,39.322,14.2927,
2015-08-13,1.1109,138.23,1.9558,N/A,27.024,7.4631,N/A,0.7106,310.67,N/A,N/A,N/A,4.1882,N/A,4.41,9.452,N/A,N/A,1.0849,N/A,9.0745,7.5475,71.429,N/A,3.0993,1.5121,3.8793,1.4455,7.1078,8.612,15368.89,4.2264,72.463,1309.14,18.0982,4.4555,1.6895,51.312,1.5539,39.19,14.2205,
2015-08-12,1.1155,138.45,1.9558,N/A,27.021,7.4624,N/A,0.7149,311.21,N/A,N/A,N/A,4.1889,N/A,4.4132,9.5815,N/A,N/A,1.0864,N/A,9.076,7.5645,72.1582,N/A,3.0965,1.5128,3.8597,1.4467,7.1234,8.65,15334.84,4.2518,72.194,1310.33,18.0895,4.5061,1.6847,51.495,1.5652,39.321,14.2173,
2015-08-11,1.1055,137.99,1.9558,N/A,27.026,7.4623,N/A,0.7088,312.25,N/A,N/A,N/A,4.1973,N/A,4.4151,9.5853,N/A,N/A,1.0859,N/A,9.0835,7.5415,70.8091,N/A,3.0596,1.5092,3.8366,1.4454,6.9923,8.5743,15073.49,4.221,70.9786,1304.4,17.9843,4.3927,1.6866,50.925,1.5465,39.013,14.063,
2015-08-10,1.096,136.67,1.9558,N/A,27.034,7.4619,N/A,0.7071,311.27,N/A,N/A,N/A,4.1968,N/A,4.4118,9.5958,N/A,N/A,1.08,N/A,9.026,7.531,70.41,N/A,3.0591,1.4884,3.8559,1.4392,6.8058,8.4968,14823.56,4.1754,70.0028,1275.09,17.7623,4.3144,1.6668,50.213,1.5191,38.513,13.9475,
2015-08-07,1.0941,136.43,1.9558,N/A,27.024,7.462,N/A,0.7051,310.35,N/A,N/A,N/A,4.1853,N/A,4.4115,9.5744,N/A,N/A,1.0738,N/A,9.041,7.5515,70.2133,N/A,3.0512,1.4809,3.8579,1.4313,6.794,8.4811,14809.32,4.1737,69.82,1272.46,17.818,4.296,1.6647,50.04,1.5136,38.46,13.8948,
2015-08-06,1.0885,135.94,1.9558,N/A,27.029,7.4614,N/A,0.7014,310.45,N/A,N/A,N/A,4.1846,N/A,4.4125,9.5365,N/A,N/A,1.0713,N/A,9.026,7.566,69.853,N/A,3.0316,1.4849,3.8273,1.4333,6.7593,8.4401,14724.55,4.1451,69.4082,1270.42,17.8345,4.2588,1.6665,49.83,1.508,38.283,13.8905,
2015-08-05,1.0883,135.23,1.9558,N/A,27.037,7.4617,N/A,0.6963,309.3,N/A,N/A,N/A,4.1697,N/A,4.4145,9.4776,N/A,N/A,1.0658,N/A,8.9955,7.58,68.584,N/A,3.0247,1.4755,3.7721,1.4334,6.758,8.4386,14707.43,4.1425,69.3846,1273.24,17.7295,4.2202,1.6641,49.758,1.5057,38.346,13.8983,
2015-08-04,1.0973,136.07,1.9558,N/A,27.055,7.4616,N/A,0.70275,308.1,N/A,N/A,N/A,4.1498,N/A,4.4095,9.445,N/A,N/A,1.064,N/A,9.0015,7.583,68.883,N/A,3.043,1.4831,3.7718,1.4408,6.8143,8.5084,14790.33,4.1612,69.9556,1274.78,17.6781,4.2271,1.663,50.074,1.5104,38.448,13.8875,
2015-08-03,1.0951,136.07,1.9558,N/A,27.041,7.4615,N/A,0.7028,307.89,N/A,N/A,N/A,4.1498,N/A,4.405,9.4865,N/A,N/A,1.0598,N/A,9.0005,7.5905,68.5891,N/A,3.043,1.5071,3.7824,1.4404,6.8002,8.4903,14790.19,4.1316,70.1343,1281.97,17.6897,4.2181,1.6618,50.078,1.5087,38.419,13.9277,
2015-07-31,1.0967,136.34,1.9558,N/A,27.031,7.4615,N/A,0.7041,308.3,N/A,N/A,N/A,4.1435,N/A,4.4048,9.4622,N/A,N/A,1.0565,N/A,9.0015,7.592,66.8596,N/A,3.0485,1.514,3.6974,1.431,6.8102,8.5032,14866.29,4.144,70.3382,1287.41,17.7473,4.2015,1.6769,50.146,1.5082,38.571,13.921,
2015-07-30,1.0955,136.25,1.9558,N/A,27.053,7.4609,N/A,0.701,308.93,N/A,N/A,N/A,4.1426,N/A,4.4083,9.4714,N/A,N/A,1.0633,N/A,8.943,7.5955,65.3858,N/A,3.0472,1.5065,3.6735,1.422,6.8027,8.492,14778.97,4.142,70.1571,1285.21,17.9459,4.1837,1.6577,50.1,1.5053,38.436,13.8962,
2015-07-29,1.103,136.5,1.9558,N/A,27.066,7.4614,N/A,0.7053,309.29,N/A,N/A,N/A,4.1392,N/A,4.4223,9.4766,N/A,N/A,1.0622,N/A,8.9975,7.598,65.694,N/A,3.0434,1.5101,3.7163,1.4289,6.8486,8.5494,14850.85,4.1708,70.4872,1277.13,17.9695,4.2028,1.6531,50.196,1.5075,38.552,13.8317,
2015-07-28,1.1025,136.46,1.9558,N/A,27.023,7.4615,N/A,0.7074,309.88,N/A,N/A,N/A,4.1216,N/A,4.4149,9.4537,N/A,N/A,1.0659,N/A,9.0215,7.591,66.377,N/A,3.0315,1.5089,3.6916,1.4348,6.8459,8.5457,14823.65,4.1649,70.4663,1283.83,17.8941,4.206,1.6545,50.163,1.5073,38.477,13.8491,
2015-07-27,1.1058,136.23,1.9558,N/A,27.029,7.4615,N/A,0.7127,310.02,N/A,N/A,N/A,4.1285,N/A,4.418,9.453,N/A,N/A,1.0595,N/A,9.042,7.5965,65.8165,N/A,3.0679,1.5184,3.7354,1.4409,6.8668,8.5708,14924.55,4.2071,70.9592,1293.39,18.0555,4.2242,1.6741,50.356,1.5152,38.585,14.0287,
2015-07-24,1.0939,135.7,1.9558,N/A,27.042,7.4615,N/A,0.7069,311.19,N/A,N/A,N/A,4.1286,N/A,4.4211,9.4263,N/A,N/A,1.0512,N/A,8.9955,7.583,63.919,N/A,3.0085,1.5058,3.6466,1.432,6.7918,8.4793,14742.32,4.1926,70.1404,1284.37,17.8076,4.1844,1.667,49.839,1.5039,38.233,13.8192,
2015-07-23,1.0999,136.15,1.9558,N/A,27.039,7.4614,N/A,0.7044,309.6,N/A,N/A,N/A,4.1229,N/A,4.4235,9.4322,N/A,N/A,1.0517,N/A,8.963,7.583,63.174,N/A,2.9975,1.4844,3.5932,1.4271,6.8299,8.5255,14758.12,4.2047,70.1379,1274.7,17.6836,4.1846,1.6477,49.873,1.5029,38.215,13.6702,
2015-07-22,1.0902,134.98,1.9558,N/A,27.068,7.4616,N/A,0.6982,308.33,N/A,N/A,N/A,4.1208,N/A,4.4198,9.3836,N/A,N/A,1.0482,N/A,8.899,7.588,62.3115,N/A,2.966,1.4765,3.4816,1.4167,6.7695,8.4498,14621.13,4.161,69.3814,1257.5,17.5173,4.1359,1.6562,49.26,1.4889,37.795,13.4922,
2015-07-21,1.0867,135.17,1.9558,N/A,27.072,7.4618,N/A,0.6987,309,N/A,N/A,N/A,4.1138,N/A,4.4175,9.3683,N/A,N/A,1.044,N/A,8.9165,7.592,61.9215,N/A,2.9222,1.4746,3.468,1.4118,6.7479,8.4229,14535.28,4.1392,69.125,1252.96,17.3622,4.1309,1.646,49.119,1.4841,37.469,13.4696,
2015-07-20,1.0852,134.83,1.9558,N/A,27.072,7.4615,N/A,0.6971,309.26,N/A,N/A,N/A,4.1173,N/A,4.4149,9.3443,N/A,N/A,1.0443,N/A,8.8955,7.597,61.8838,N/A,2.9189,1.4703,3.4666,1.4091,6.7378,8.4117,14561.06,4.1532,69.0785,1254.49,17.2628,4.1349,1.6486,49.18,1.4895,37.363,13.4684,
2015-07-17,1.0889,135.01,1.9558,N/A,27.054,7.4621,N/A,0.6983,308.84,N/A,N/A,N/A,4.1053,N/A,4.419,9.3435,N/A,N/A,1.0431,N/A,8.8805,7.6,61.917,N/A,2.8862,1.4712,3.4455,1.4132,6.7615,8.4394,14529.02,4.1358,69.1166,1249.02,17.2141,4.1343,1.6619,49.212,1.487,37.189,13.4191,
2015-07-16,1.0867,134.9,1.9558,N/A,27.116,7.4617,N/A,0.6981,309.15,N/A,N/A,N/A,4.1084,N/A,4.4274,9.2787,N/A,N/A,1.0407,N/A,8.858,7.5915,61.9145,N/A,2.884,1.4713,3.4219,1.407,6.7496,8.4229,14548.21,4.1202,69.0173,1248.24,17.1981,4.1311,1.6674,49.165,1.4854,37.187,13.4938,
2015-07-15,1.1009,135.95,1.9558,N/A,27.078,7.4629,N/A,0.7045,310.77,N/A,N/A,N/A,4.129,N/A,4.4238,9.357,N/A,N/A,1.0439,N/A,8.9405,7.578,62.415,N/A,2.9112,1.4753,3.4606,1.403,6.8357,8.533,14681.95,4.1438,69.8218,1258.96,17.2346,4.1867,1.6445,49.818,1.4999,37.514,13.5986,
2015-07-14,1.1031,136.02,1.9558,N/A,27.08,7.4625,N/A,0.7084,310.9,N/A,N/A,N/A,4.15,N/A,4.4235,9.408,N/A,N/A,1.0422,N/A,8.9925,7.5767,62.5347,N/A,2.9086,1.4828,3.4515,1.4076,6.8478,8.55,14706.09,4.1558,69.8704,1259.33,17.3076,4.1912,1.6468,49.886,1.5002,37.536,13.6795,
2015-07-13,1.1049,136.3,1.9558,N/A,27.102,7.4624,N/A,0.7115,310.9,N/A,N/A,N/A,4.1469,N/A,4.4289,9.3884,N/A,N/A,1.0478,N/A,8.9035,7.575,62.692,N/A,2.9391,1.4874,3.5091,1.4055,6.8597,8.5653,14694.28,4.1794,70.2075,1252.35,17.4077,4.2059,1.647,49.874,1.4955,37.599,13.7985,
2015-07-10,1.1185,136.88,1.9558,N/A,27.123,7.4627,N/A,0.7208,311.01,N/A,N/A,N/A,4.1756,N/A,4.4446,9.4101,N/A,N/A,1.0464,N/A,8.9005,7.578,63.039,N/A,2.9796,1.4975,3.5626,1.4212,6.9452,8.6697,14861.47,4.2125,70.9129,1260.38,17.5694,4.2436,1.657,50.448,1.5075,37.951,13.8826,
2015-07-09,1.1054,134.3,1.9558,N/A,27.11,7.4622,N/A,0.7176,315,N/A,N/A,N/A,4.2132,N/A,4.4773,9.3627,N/A,N/A,1.0504,N/A,9.0185,7.5668,62.8445,N/A,2.9526,1.4816,3.5677,1.4022,6.8632,8.5693,14728.14,4.1863,70.0713,1249.29,17.4211,4.1952,1.6399,49.924,1.4931,37.5,13.7689,
2015-07-08,1.1024,133.88,1.9558,N/A,27.116,7.4621,N/A,0.7173,317.87,N/A,N/A,N/A,4.2237,N/A,4.4867,9.3927,N/A,N/A,1.0463,N/A,9.07,7.5725,62.9475,N/A,2.9592,1.4866,3.5334,1.4048,6.8449,8.5472,14725.56,4.186,70.1086,1249.49,17.4455,4.1979,1.6484,49.818,1.4917,37.5,13.7974,
2015-07-07,1.0931,133.88,1.9558,N/A,27.1,7.4614,N/A,0.7077,316.18,N/A,N/A,N/A,4.1949,N/A,4.4813,9.3288,N/A,N/A,1.0383,N/A,8.983,7.573,62.9407,N/A,2.9327,1.4722,3.4547,1.3925,6.7909,8.4771,14576.82,4.1374,69.395,1238.42,17.3038,4.1727,1.6487,49.489,1.4841,37.119,13.6408,
2015-07-06,1.1008,135.11,1.9558,N/A,27.135,7.461,N/A,0.708,316.13,N/A,N/A,N/A,4.2005,N/A,4.4863,9.3699,N/A,N/A,1.0422,N/A,8.9095,7.575,62.134,N/A,2.9622,1.4688,3.4659,1.3914,6.8337,8.5338,14700.08,4.1622,69.8398,1241.95,17.4537,4.2018,1.644,49.651,1.4876,37.257,13.6731,
2015-07-03,1.1096,136.38,1.9558,N/A,27.145,7.4607,N/A,0.7102,315.48,N/A,N/A,N/A,4.1955,N/A,4.4832,9.3726,N/A,N/A,1.0466,N/A,8.85,7.597,61.8765,N/A,2.9873,1.4747,3.4584,1.3961,6.8856,8.6021,14792.54,4.1756,70.3917,1246.81,17.424,4.1937,1.6581,49.988,1.4953,37.482,13.6359,
2015-07-02,1.1066,136.82,1.9558,N/A,27.265,7.4604,N/A,0.7103,314.85,N/A,N/A,N/A,4.1927,N/A,4.4766,9.348,N/A,N/A,1.0507,N/A,8.795,7.5975,61.6618,N/A,2.9925,1.4573,3.485,1.3963,6.8659,8.5778,14752.2,4.19,70.2829,1245.07,17.5086,4.1777,1.6597,49.987,1.4963,37.42,13.6706,
2015-07-01,1.11,136.63,1.9558,N/A,27.246,7.4607,N/A,0.70905,314.33,N/A,N/A,N/A,4.1901,N/A,4.476,9.246,N/A,N/A,1.0457,N/A,8.7435,7.5885,61.5175,N/A,2.9748,1.4458,3.4451,1.3902,6.8838,8.6053,14810.69,4.1963,70.6016,1246.87,17.4492,4.1756,1.6415,50.222,1.4982,37.537,13.5328,
2015-06-30,1.1189,137.01,1.9558,N/A,27.253,7.4604,N/A,0.7114,314.93,N/A,N/A,N/A,4.1911,N/A,4.4725,9.215,N/A,N/A,1.0413,N/A,8.791,7.5948,62.355,N/A,2.9953,1.455,3.4699,1.3839,6.9366,8.674,14938.43,4.2211,71.1873,1251.27,17.5332,4.2185,1.6548,50.474,1.5068,37.796,13.6416,
2015-06-29,1.1133,136.81,1.9558,N/A,27.246,7.4604,N/A,0.7085,314.38,N/A,N/A,N/A,4.1893,N/A,4.4888,9.2447,N/A,N/A,1.0376,N/A,8.8065,7.5887,61.6025,N/A,2.9905,1.4526,3.4959,1.3776,6.9121,8.6306,14868.34,4.225,71.0695,1249.68,17.3959,4.207,1.6268,50.301,1.5016,37.635,13.6434,
2015-06-26,1.1202,138.58,1.9558,N/A,27.23,7.4608,N/A,0.7123,312.66,N/A,N/A,N/A,4.1757,N/A,4.4575,9.2641,N/A,N/A,1.0447,N/A,8.773,7.5875,61.807,N/A,2.9848,1.4631,3.5157,1.3851,6.9553,8.6842,14925.51,4.2511,71.2458,1258.49,17.4219,4.2416,1.6347,50.51,1.51,37.868,13.6412,
2015-06-25,1.1206,138.52,1.9558,N/A,27.235,7.4598,N/A,0.7126,311.78,N/A,N/A,N/A,4.1727,N/A,4.4555,9.2276,N/A,N/A,1.0507,N/A,8.7595,7.5887,61.2318,N/A,2.9845,1.4477,3.4689,1.3878,6.958,8.6866,14918.16,4.2249,71.25,1245.32,17.3559,4.2107,1.6211,50.549,1.5032,37.83,13.5625,
2015-06-24,1.1213,138.93,1.9558,N/A,27.206,7.4619,N/A,0.7118,311.11,N/A,N/A,N/A,4.1671,N/A,4.4675,9.2118,N/A,N/A,1.0449,N/A,8.769,7.588,60.9332,N/A,2.9962,1.4473,3.4442,1.3793,6.9619,8.6927,14917.43,4.2182,71.3016,1244.32,17.249,4.2182,1.6297,50.514,1.5061,37.875,13.5958,
2015-06-23,1.1204,138.72,1.9558,N/A,27.189,7.4625,N/A,0.7101,310.24,N/A,N/A,N/A,4.1697,N/A,4.4805,9.2071,N/A,N/A,1.0449,N/A,8.7255,7.578,60.9175,N/A,3.001,1.4538,3.4655,1.3825,6.9539,8.6859,14878.91,4.2341,71.2742,1238.95,17.2284,4.1925,1.6381,50.536,1.5006,37.819,13.6514,
2015-06-22,1.1345,139.8,1.9558,N/A,27.206,7.4615,N/A,0.7169,310.83,N/A,N/A,N/A,4.1625,N/A,4.4836,9.2253,N/A,N/A,1.0435,N/A,8.742,7.5715,61.168,N/A,3.0408,1.4616,3.5089,1.3879,7.0446,8.7944,15080.9,4.3535,72.07,1249.02,17.3868,4.2345,1.6484,51.027,1.5141,38.178,13.791,
2015-06-19,1.1299,139.19,1.9558,N/A,27.211,7.4611,N/A,0.7134,312.85,N/A,N/A,N/A,4.1729,N/A,4.4875,9.2177,N/A,N/A,1.0449,N/A,8.8255,7.5765,61.4023,N/A,3.0645,1.4591,3.4665,1.3865,7.016,8.7585,15050.27,4.3247,71.8193,1249.77,17.3146,4.2298,1.6393,50.887,1.511,38.066,13.8608,
2015-06-18,1.1404,139.94,1.9558,N/A,27.275,7.4605,N/A,0.7167,311.14,N/A,N/A,N/A,4.1667,N/A,4.486,9.216,N/A,N/A,1.0461,N/A,8.831,7.5753,61.0685,N/A,3.096,1.457,3.4778,1.3867,7.0786,8.8415,15177.38,4.3503,72.6805,1258.22,17.3278,4.2231,1.6399,51.181,1.5186,38.348,13.8857,
2015-06-17,1.1279,139.78,1.9558,N/A,27.24,7.4575,N/A,0.717,311.84,N/A,N/A,N/A,4.1576,N/A,4.486,9.2185,N/A,N/A,1.0451,N/A,8.7245,7.582,61.0345,N/A,3.086,1.4694,3.4952,1.3887,7.001,8.7445,15051.87,4.334,72.3435,1263.34,17.3843,4.2356,1.6284,50.962,1.5189,38.015,14.0226,
2015-06-16,1.1215,138.42,1.9558,N/A,27.254,7.4573,N/A,0.7182,311.88,N/A,N/A,N/A,4.1448,N/A,4.4853,9.1944,N/A,N/A,1.0465,N/A,8.723,7.576,60.889,N/A,3.0707,1.4482,3.515,1.3843,6.9651,8.6949,14965.3,4.3056,72.1229,1256.05,17.3283,4.2107,1.6058,50.707,1.5098,37.789,13.9607,
2015-06-15,1.1218,138.54,1.9558,N/A,27.279,7.4598,N/A,0.7234,313.3,N/A,N/A,N/A,4.1573,N/A,4.488,9.178,N/A,N/A,1.0512,N/A,8.712,7.5755,61.506,N/A,3.0738,1.4466,3.5134,1.3845,6.9653,8.6972,14953.21,4.3107,71.9831,1253.5,17.3273,4.2185,1.6053,50.735,1.5107,37.818,13.9372,
2015-06-12,1.122,138.78,1.9558,N/A,27.3,7.4613,N/A,0.7245,312.13,N/A,N/A,N/A,4.1497,N/A,4.4738,9.204,N/A,N/A,1.0469,N/A,8.695,7.565,61.81,N/A,3.048,1.456,3.472,1.3804,6.9655,8.699,14951.03,4.3175,71.8973,1251.48,17.3125,4.2106,1.6083,50.776,1.5126,37.82,13.9279,
2015-06-11,1.1232,138.95,1.9558,N/A,27.318,7.4614,N/A,0.7266,312.21,N/A,N/A,N/A,4.1405,N/A,4.4668,9.2558,N/A,N/A,1.0523,N/A,8.786,7.566,61.3375,N/A,3.0749,1.4533,3.5479,1.3839,6.9707,8.7078,14946.03,4.3073,71.8644,1252.23,17.4152,4.2062,1.6042,50.879,1.5135,37.911,13.9601,
2015-06-10,1.1279,138.69,1.9558,N/A,27.318,7.4615,N/A,0.7284,312.27,N/A,N/A,N/A,4.15,N/A,4.467,9.3616,N/A,N/A,1.0486,N/A,8.699,7.541,61.4818,N/A,3.0936,1.4571,3.4761,1.3801,7.0008,8.7446,14984.62,4.3188,72.0444,1255,17.4289,4.2169,1.5689,50.756,1.5168,37.944,13.9499,
2015-06-09,1.1249,139.56,1.9558,N/A,27.356,7.4603,N/A,0.7354,312.28,N/A,N/A,N/A,4.1657,N/A,4.4708,9.3535,N/A,N/A,1.0465,N/A,8.778,7.5535,62.8285,N/A,3.0758,1.4606,3.4925,1.3889,6.981,8.7211,14997.17,4.3119,71.9645,1258.68,17.5448,4.2212,1.5715,50.757,1.5196,37.941,13.9876,
2015-06-08,1.1162,139.84,1.9558,N/A,27.431,7.4602,N/A,0.7318,313.95,N/A,N/A,N/A,4.1551,N/A,4.465,9.3678,N/A,N/A,1.047,N/A,8.827,7.553,62.3147,N/A,3.0865,1.4615,3.5023,1.3879,6.9278,8.6536,14900.68,4.3139,71.536,1252.08,17.4998,4.2075,1.5776,50.465,1.5165,37.694,14.0463,
2015-06-05,1.1218,139.97,1.9557,N/A,27.396,7.4603,N/A,0.7317,311.28,N/A,N/A,N/A,4.1441,N/A,4.4545,9.3417,N/A,N/A,1.0478,N/A,8.8085,7.5589,62.81,N/A,2.9899,1.4534,3.5189,1.4023,6.9596,8.6979,14912.5,4.3118,71.5602,1249.74,17.4451,4.1766,1.5713,50.501,1.5122,37.829,13.9126,
2015-06-04,1.1317,140.47,1.9558,N/A,27.467,7.4599,N/A,0.7354,312.3,N/A,N/A,N/A,4.1692,N/A,4.4285,9.3396,N/A,N/A,1.0551,N/A,8.737,7.5605,62.1695,N/A,3.0377,1.4618,3.5498,1.4089,7.0177,8.7733,15047.75,4.3416,72.4362,1256.92,17.5812,4.1867,1.5834,50.79,1.5221,38.171,13.9625,
2015-06-03,1.1134,138.46,1.9558,N/A,27.46,7.4597,N/A,0.7275,311.35,N/A,N/A,N/A,4.1261,N/A,4.4288,9.389,N/A,N/A,1.0427,N/A,8.7145,7.5555,59.77,N/A,2.9824,1.4321,3.4937,1.3856,6.9026,8.633,14746.95,4.2932,71.1522,1233.44,17.2326,4.1079,1.5586,49.872,1.5018,37.506,13.6489,
2015-06-02,1.1029,137.52,1.9558,N/A,27.439,7.459,N/A,0.7243,309.29,N/A,N/A,N/A,4.1288,N/A,4.4408,9.381,N/A,N/A,1.0391,N/A,8.6755,7.5725,58.564,N/A,2.9556,1.4342,3.4735,1.3784,6.8358,8.5539,14570.85,4.2564,70.4047,1228.83,17.0376,4.0769,1.5487,49.29,1.4945,37.255,13.5207,
2015-06-01,1.0944,135.79,1.9558,N/A,27.44,7.4588,N/A,0.71925,309.11,N/A,N/A,N/A,4.1335,N/A,4.4425,9.3734,N/A,N/A,1.0331,N/A,8.7065,7.574,58.2567,N/A,2.9297,1.4341,3.5066,1.3673,6.7807,8.4871,14444.1,4.2342,69.7123,1217.13,16.8773,4.0368,1.5372,48.697,1.4795,36.881,13.4116,
2015-05-29,1.097,135.95,1.9558,N/A,27.401,7.4597,N/A,0.719,308.9,N/A,N/A,N/A,4.1298,N/A,4.4425,9.3272,N/A,N/A,1.0341,N/A,8.536,7.572,57.4638,N/A,2.9188,1.4338,3.4522,1.365,6.7994,8.5052,14512.24,4.2484,69.9893,1220.31,16.8433,4.0195,1.5405,48.949,1.4799,37.007,13.3409,
2015-05-28,1.0896,135.36,1.9558,N/A,27.463,7.4598,N/A,0.7124,308.65,N/A,N/A,N/A,4.1289,N/A,4.4435,9.2617,N/A,N/A,1.0344,N/A,8.491,7.5817,57.1277,N/A,2.897,1.4267,3.4373,1.3594,6.7568,8.4484,14380.97,4.2277,69.541,1208.3,16.7079,3.9797,1.5213,48.56,1.4723,36.909,13.2001,
2015-05-27,1.0863,134.37,1.9558,N/A,27.404,7.4565,N/A,0.707,308.8,N/A,N/A,N/A,4.1335,N/A,4.448,9.2708,N/A,N/A,1.0331,N/A,8.4255,7.5755,56.41,N/A,2.8848,1.4089,3.4335,1.3531,6.7338,8.4222,14361.48,4.2134,69.5788,1205.12,16.655,3.9615,1.5031,48.586,1.4691,36.777,13.162,
2015-05-26,1.0926,134.07,1.9558,N/A,27.407,7.4549,N/A,0.7096,309.17,N/A,N/A,N/A,4.1391,N/A,4.4598,9.186,N/A,N/A,1.0351,N/A,8.3685,7.5598,55.0995,N/A,2.8751,1.402,3.4121,1.352,6.7785,8.4706,14436.2,4.2423,69.8445,1207.02,16.7097,3.9642,1.4981,48.79,1.4707,36.799,13.1248,
2015-05-25,1.0978,133.39,1.9558,N/A,27.372,7.4552,N/A,0.71,307.71,N/A,N/A,N/A,4.1075,N/A,4.4539,9.2425,N/A,N/A,1.0349,N/A,8.39,7.5383,54.881,N/A,2.8665,1.4023,3.425,1.3496,6.8098,8.51,14471.4,4.269,69.7761,1204.41,16.7662,3.9668,1.5025,48.958,1.4728,36.882,13.1034,
2015-05-22,1.1164,135.01,1.9558,N/A,27.395,7.4567,N/A,0.7138,306.96,N/A,N/A,N/A,4.1003,N/A,4.4536,9.2476,N/A,N/A,1.0417,N/A,8.4135,7.539,55.85,N/A,2.8945,1.4163,3.3931,1.362,6.9194,8.6543,14679.48,4.3097,70.8589,1218.15,17.005,4.0013,1.5169,49.804,1.4848,37.242,13.1543,
2015-05-21,1.1133,134.79,1.9558,N/A,27.351,7.4577,N/A,0.7099,306.97,N/A,N/A,N/A,4.0959,N/A,4.449,9.2613,N/A,N/A,1.0394,N/A,8.433,7.5398,55.2685,N/A,2.8611,1.4112,3.353,1.36,6.898,8.6322,14620.12,4.3031,70.8201,1218.13,16.8999,4.0123,1.5239,49.433,1.4875,37.203,13.1113,
2015-05-20,1.1118,134.43,1.9558,N/A,27.33,7.4598,N/A,0.7157,306.5,N/A,N/A,N/A,4.0653,N/A,4.4458,9.2927,N/A,N/A,1.0429,N/A,8.3975,7.5338,55.4715,N/A,2.8845,1.407,3.3759,1.3578,6.8974,8.6193,14609.91,4.305,70.9265,1218.25,16.8716,4.018,1.5143,49.579,1.4851,37.334,13.2281,
2015-05-19,1.118,134.36,1.9558,N/A,27.357,7.459,N/A,0.72185,305.07,N/A,N/A,N/A,4.0486,N/A,4.448,9.3133,N/A,N/A,1.042,N/A,8.3545,7.533,55.2035,N/A,2.89,1.4027,3.3653,1.3618,6.9384,8.6668,14690.46,4.3132,71.2153,1219.29,16.9139,4.0207,1.5103,49.862,1.4885,37.375,13.254,
2015-05-18,1.1389,136.33,1.9558,N/A,27.401,7.464,N/A,0.727,307.55,N/A,N/A,N/A,4.0615,N/A,4.4465,9.3836,N/A,N/A,1.0482,N/A,8.3815,7.5325,56.0016,N/A,2.9385,1.4228,3.4161,1.3733,7.0661,8.8283,14967.91,4.3569,72.5115,1236.94,17.1188,4.065,1.5356,50.596,1.5056,37.977,13.5051,
2015-05-15,1.1328,135.78,1.9558,N/A,27.401,7.4652,N/A,0.7211,306.67,N/A,N/A,N/A,4.0432,N/A,4.4415,9.4273,N/A,N/A,1.0463,N/A,8.3745,7.5468,56.7475,N/A,2.9405,1.4159,3.4119,1.3636,7.0278,8.7803,14878.12,4.3386,72.1159,1234.48,17.2921,4.0449,1.5237,50.365,1.5023,38.07,13.4438,
2015-05-14,1.1419,136.12,1.9558,N/A,27.458,7.4646,N/A,0.7231,307.52,N/A,N/A,N/A,4.0827,N/A,4.458,9.3907,N/A,N/A,1.0386,N/A,8.4328,7.5495,57.061,N/A,2.9764,1.4087,3.4572,1.3645,7.0812,8.851,14891.45,4.3618,72.7162,1245.36,17.3826,4.0762,1.5199,50.839,1.5053,38.241,13.5127,
2015-05-13,1.1221,134.31,1.9558,N/A,27.45,7.463,N/A,0.7174,306.95,N/A,N/A,N/A,4.0872,N/A,4.4602,9.3267,N/A,N/A,1.041,N/A,8.357,7.5591,55.608,N/A,2.9744,1.3945,3.3684,1.3436,6.9622,8.6987,14723.46,4.3235,71.8256,1229.03,17.1482,4.036,1.5061,50.12,1.4916,37.661,13.445,
2015-05-12,1.1239,134.85,1.9558,N/A,27.394,7.463,N/A,0.7164,306.57,N/A,N/A,N/A,4.1028,N/A,4.4655,9.3147,N/A,N/A,1.0396,N/A,8.3945,7.58,56.93,N/A,3.0245,1.407,3.4514,1.3532,6.9822,8.7133,14844.94,4.3442,72.2546,1231.25,17.3215,4.0609,1.5239,50.366,1.5013,37.939,13.6327,
2015-05-11,1.1142,133.64,1.9558,N/A,27.4,7.4628,N/A,0.7196,304.4,N/A,N/A,N/A,4.0668,N/A,4.4509,9.269,N/A,N/A,1.0403,N/A,8.4245,7.562,57.3713,N/A,3.0042,1.4117,3.3277,1.3497,6.9194,8.6381,14647.3,4.3118,71.135,1219.64,16.9074,4.0102,1.5115,49.83,1.4871,37.521,13.3584,
2015-05-08,1.1221,134.9,1.9558,N/A,27.411,7.4639,N/A,0.728,303.91,N/A,N/A,N/A,4.0679,N/A,4.4508,9.2945,N/A,N/A,1.0385,N/A,8.3815,7.5545,56.905,N/A,3.0324,1.4181,3.406,1.3581,6.9639,8.7002,14727.17,4.3375,71.8031,1227.08,17.1765,4.0362,1.5085,50.141,1.4923,37.597,13.5267,
2015-05-07,1.1305,134.72,1.9558,N/A,27.405,7.4637,N/A,0.7425,304.56,N/A,N/A,N/A,4.0461,N/A,4.4353,9.2951,N/A,N/A,1.0343,N/A,8.3275,7.574,57.055,N/A,3.0332,1.4186,3.4218,1.3645,7.0129,8.7642,14853.95,4.3658,72.5279,1234.03,17.3362,4.0671,1.5108,50.551,1.5049,37.967,13.5617,
2015-05-06,1.123,134.59,1.9558,N/A,27.415,7.4648,N/A,0.7376,304.55,N/A,N/A,N/A,4.0483,N/A,4.4432,9.3066,N/A,N/A,1.0374,N/A,8.413,7.581,56.0901,N/A,3.0405,1.403,3.4394,1.3487,6.963,8.7053,14662.18,4.3465,71.3554,1215.84,17.2044,4.0089,1.499,50.061,1.4899,37.373,13.5142,
2015-05-05,1.1117,133.92,1.9558,N/A,27.362,7.4647,N/A,0.735,301.7,N/A,N/A,N/A,4.0182,N/A,4.4308,9.3284,N/A,N/A,1.0376,N/A,8.4475,7.5878,57.16,N/A,3.0169,1.4119,3.4318,1.344,6.895,8.6169,14526.52,4.3172,70.5142,1204.72,17.1652,4.0166,1.4822,49.623,1.4862,37.131,13.3938,
2015-05-04,1.1152,134.07,1.9558,N/A,27.364,7.4646,N/A,0.73788,303.42,N/A,N/A,N/A,4.048,N/A,4.4275,9.334,N/A,N/A,1.0431,N/A,8.463,7.5826,57.7651,N/A,3.0278,1.4225,3.4312,1.3512,6.9245,8.646,14521.99,4.3367,70.9961,1206.68,17.3313,4.0152,1.4727,49.803,1.4861,37.158,13.439,
2015-04-30,1.1215,133.26,1.9558,N/A,27.43,7.4631,N/A,0.7267,302.81,N/A,N/A,N/A,4.025,N/A,4.4183,9.3261,N/A,N/A,1.0486,N/A,8.3845,7.5715,57.6465,N/A,2.9815,1.4161,3.3232,1.348,6.9568,8.6925,14547.71,4.334,71.2153,1202.48,17.0894,3.9895,1.4727,50.088,1.4815,36.976,13.2413,
2015-04-29,1.1002,131.2,1.9558,N/A,27.435,7.4619,N/A,0.7161,302.55,N/A,N/A,N/A,4.012,N/A,4.4125,9.2723,N/A,N/A,1.0491,N/A,8.385,7.5763,56.785,N/A,2.9437,1.3762,3.2467,1.3262,6.8211,8.5278,14212.78,4.2601,69.7841,1179.14,16.8221,3.9178,1.431,48.743,1.4557,36.142,13.0682,
2015-04-28,1.0927,130.09,1.9558,N/A,27.471,7.4607,N/A,0.715,301.35,N/A,N/A,N/A,4.0015,N/A,4.4026,9.3808,N/A,N/A,1.0464,N/A,8.392,7.586,57.0315,N/A,2.9161,1.3752,3.1786,1.3188,6.7806,8.4696,14149.02,4.2577,68.9985,1167.18,16.7325,3.8755,1.4226,48.32,1.4433,35.611,13.0108,
2015-04-27,1.0822,129.23,1.9558,N/A,27.441,7.4608,N/A,0.7162,301.21,N/A,N/A,N/A,4.0037,N/A,4.4173,9.3562,N/A,N/A,1.0367,N/A,8.4345,7.5943,55.8503,N/A,2.9414,1.3867,3.2023,1.3155,6.7311,8.3877,14057.78,4.2497,68.7926,1162.38,16.6591,3.8533,1.425,47.933,1.4435,35.386,13.1046,
2015-04-24,1.0824,129.36,1.9558,N/A,27.454,7.4607,N/A,0.7159,301.48,N/A,N/A,N/A,4.0131,N/A,4.4162,9.3816,N/A,N/A,1.0338,N/A,8.475,7.6075,55.4355,N/A,2.9565,1.3884,3.2183,1.3118,6.7053,8.3886,14021.41,4.2478,68.8001,1167.1,16.6235,3.8686,1.4305,47.93,1.4477,35.232,13.1863,
2015-04-23,1.0772,129.36,1.9558,N/A,27.399,7.4601,N/A,0.717,301.57,N/A,N/A,N/A,4.0185,N/A,4.4235,9.379,N/A,N/A,1.0383,N/A,8.516,7.5883,55.2952,N/A,2.9398,1.3937,3.2328,1.317,6.6764,8.3484,13947.48,4.2464,68.211,1167.64,16.611,3.9067,1.4259,47.608,1.4513,34.963,13.2001,
2015-04-22,1.0743,128.45,1.9558,N/A,27.469,7.4619,N/A,0.7129,300.27,N/A,N/A,N/A,4.0022,N/A,4.4278,9.2985,N/A,N/A,1.0323,N/A,8.443,7.576,56.818,N/A,2.9145,1.3796,3.2461,1.3152,6.6543,8.3258,13845.22,4.2236,67.622,1157.83,16.5727,3.8619,1.3922,47.457,1.4456,34.764,13.0357,
2015-04-21,1.07,127.75,1.9558,N/A,27.418,7.461,N/A,0.7187,297.41,N/A,N/A,N/A,3.9683,N/A,4.4374,9.2863,N/A,N/A,1.0252,N/A,8.425,7.577,57.4375,N/A,2.8755,1.3821,3.2423,1.3085,6.6358,8.2926,13865.38,4.2198,67.3091,1158.82,16.5053,3.8859,1.3884,47.329,1.4443,34.631,12.9576,
2015-04-20,1.0723,127.68,1.9558,N/A,27.417,7.4603,N/A,0.71955,297.9,N/A,N/A,N/A,3.9891,N/A,4.425,9.3018,N/A,N/A,1.0283,N/A,8.442,7.565,57.177,N/A,2.8995,1.3823,3.2728,1.3138,6.6543,8.3134,13840.5,4.2133,67.526,1160.25,16.4689,3.893,1.397,47.451,1.4464,34.732,12.9749,
2015-04-17,1.0814,128.45,1.9558,N/A,27.486,7.4608,N/A,0.7199,301.36,N/A,N/A,N/A,4.0187,N/A,4.418,9.2921,N/A,N/A,1.0297,N/A,8.397,7.569,54.9086,N/A,2.9037,1.3842,3.2562,1.3183,6.7013,8.382,13838.67,4.239,67.474,1167.11,16.4205,3.911,1.4025,47.819,1.4522,34.992,12.9192,
2015-04-16,1.0711,127.64,1.9558,N/A,27.503,7.4637,N/A,0.7189,300.95,N/A,N/A,N/A,4.031,N/A,4.4158,9.2606,N/A,N/A,1.0327,N/A,8.3725,7.5748,53.4111,N/A,2.8899,1.379,3.2312,1.318,6.6377,8.3031,13758.43,4.2206,66.6873,1164.56,16.3075,3.9046,1.4038,47.562,1.4502,34.709,12.9081,
2015-04-15,1.0579,126.52,1.9558,N/A,27.415,7.4671,N/A,0.7168,297.85,N/A,N/A,N/A,4.0178,N/A,4.4197,9.3115,N/A,N/A,1.0321,N/A,8.415,7.5798,53.611,N/A,2.8711,1.3945,3.2661,1.3277,6.5644,8.2004,13686.9,4.2095,65.9826,1159.5,16.2123,3.9206,1.4104,47.086,1.4402,34.327,12.8567,
2015-04-14,1.0564,126.67,1.9558,N/A,27.345,7.4691,N/A,0.7217,296.64,N/A,N/A,N/A,4.0105,N/A,4.4118,9.3235,N/A,N/A,1.0344,N/A,8.482,7.583,54.935,N/A,2.8284,1.3936,3.2857,1.3292,6.5633,8.1872,13710.09,4.2108,65.905,1156.94,16.2263,3.9092,1.4169,47.117,1.44,34.291,12.81,
2015-04-13,1.0552,127.2,1.9558,N/A,27.392,7.4715,N/A,0.7215,296.85,N/A,N/A,N/A,4.0136,N/A,4.4156,9.3309,N/A,N/A,1.0373,N/A,8.548,7.568,55.2605,N/A,2.7985,1.3925,3.2694,1.3324,6.5552,8.1779,13723.03,4.2239,65.8671,1163.3,16.1398,3.9172,1.4187,47.2,1.4491,34.376,12.8258,
2015-04-10,1.057,127.32,1.9558,N/A,27.383,7.4716,N/A,0.7244,297.38,N/A,N/A,N/A,4.0181,N/A,4.409,9.3331,N/A,N/A,1.039,N/A,8.613,7.574,54.537,N/A,2.7921,1.3824,3.2639,1.3386,6.5626,8.1919,13665.33,4.213,65.91,1157.92,16.0487,3.876,1.4059,47.147,1.4439,34.415,12.7464,
2015-04-09,1.0774,129.22,1.9558,N/A,27.378,7.4717,N/A,0.7268,297.2,N/A,N/A,N/A,4.0167,N/A,4.3975,9.3421,N/A,N/A,1.0447,N/A,8.662,7.5955,55.999,N/A,2.7915,1.3951,3.2681,1.3493,6.6863,8.35,13889.01,4.2446,67.0115,1175.39,16.0549,3.906,1.4188,47.904,1.4586,35.048,12.7006,
2015-04-08,1.0862,130.09,1.9558,N/A,27.378,7.4717,N/A,0.7264,296.62,N/A,N/A,N/A,4.0171,N/A,4.3955,9.3595,N/A,N/A,1.0438,N/A,8.6766,7.6085,58.6005,N/A,2.814,1.4078,3.3676,1.3487,6.7377,8.4183,14056.95,4.2746,67.6105,1184.59,16.1382,3.9431,1.4315,48.255,1.4706,35.367,12.7982,
2015-04-07,1.0847,130.33,1.9558,N/A,27.455,7.4714,N/A,0.7286,299.08,N/A,N/A,N/A,4.0578,N/A,4.4165,9.374,N/A,N/A,1.0438,N/A,8.73,7.619,59.8265,N/A,2.8079,1.4192,3.3979,1.3563,6.7241,8.4086,14091.77,4.267,67.598,1183.28,16.1919,3.9527,1.4423,48.3,1.4724,35.335,12.8345,
2015-04-02,1.083,129.59,1.9558,N/A,27.57,7.4708,N/A,0.7316,299.58,N/A,N/A,N/A,4.0647,N/A,4.4168,9.3445,N/A,N/A,1.04,N/A,8.6506,7.6303,61.8285,N/A,2.8145,1.4343,3.4307,1.3693,6.7105,8.3958,14080.56,4.2762,67.343,1183.31,16.3666,3.964,1.4499,48.092,1.4719,35.187,12.995,
2015-04-01,1.0755,129.29,1.9558,N/A,27.543,7.4708,N/A,0.7285,298.52,N/A,N/A,N/A,4.0608,N/A,4.413,9.2541,N/A,N/A,1.0426,N/A,8.6695,7.6483,62.4363,N/A,2.8064,1.4153,3.3994,1.3632,6.6662,8.3382,14021.81,4.2811,67.2161,1187.67,16.3847,3.9785,1.4472,47.917,1.4696,34.965,13.0011,
2015-03-31,1.0759,128.95,1.9558,N/A,27.533,7.4697,N/A,0.7273,299.43,N/A,N/A,N/A,4.0854,N/A,4.4098,9.2901,N/A,N/A,1.0463,N/A,8.7035,7.645,62.44,N/A,2.8131,1.4154,3.4958,1.3738,6.671,8.3422,14053.78,4.2795,67.2738,1192.58,16.5124,3.9873,1.4388,48.057,1.4774,35.018,13.1324,
2015-03-30,1.0845,130.02,1.9558,N/A,27.473,7.469,N/A,0.7328,299.83,N/A,N/A,N/A,4.0938,N/A,4.405,9.3207,N/A,N/A,1.0439,N/A,8.6545,7.6448,62.5595,N/A,2.8265,1.4158,3.5616,1.3709,6.7324,8.41,14172.71,4.3019,67.918,1201.04,16.5321,4.0246,1.4417,48.527,1.4898,35.328,13.1446,
2015-03-27,1.0856,129.39,1.9558,N/A,27.523,7.4672,N/A,0.7298,300.54,N/A,N/A,N/A,4.0978,N/A,4.4211,9.3178,N/A,N/A,1.0476,N/A,8.645,7.65,62.232,N/A,2.8302,1.394,3.4846,1.358,6.7478,8.4181,14138.51,4.31,67.87,1199.43,16.4268,3.9994,1.4342,48.657,1.4862,35.335,13.0504,
2015-03-26,1.0973,130.67,1.9558,N/A,27.376,7.4678,N/A,0.7371,299.65,N/A,N/A,N/A,4.0763,N/A,4.427,9.325,N/A,N/A,1.0498,N/A,8.6005,7.6498,62.7707,N/A,2.8425,1.399,3.4904,1.3653,6.8174,8.509,14304.58,4.3239,68.8296,1212.14,16.4244,4.0212,1.4429,49.171,1.4987,35.712,13.0189,
2015-03-25,1.0985,131.13,1.9558,N/A,27.378,7.4688,N/A,0.7365,298.8,N/A,N/A,N/A,4.0858,N/A,4.4147,9.3026,N/A,N/A,1.0517,N/A,8.593,7.6518,62.5738,N/A,2.8089,1.3925,3.4334,1.3711,6.8244,8.5191,14242.59,4.3314,68.515,1208.22,16.3611,4.0271,1.4322,49.163,1.5023,35.715,12.9574,
2015-03-24,1.095,130.89,1.9558,N/A,27.39,7.4603,N/A,0.7344,302.26,N/A,N/A,N/A,4.1131,N/A,4.411,9.2889,N/A,N/A,1.0491,N/A,8.5935,7.648,63.4232,N/A,2.8043,1.3843,3.4202,1.3649,6.7981,8.4912,14150.43,4.3072,68.2484,1209.42,16.3437,3.9951,1.4301,49.011,1.4937,35.569,12.962,
2015-03-23,1.0912,130.8,1.9558,N/A,27.374,7.4555,N/A,0.7318,304.75,N/A,N/A,N/A,4.1215,N/A,4.422,9.2804,N/A,N/A,1.0561,N/A,8.6275,7.646,64.3886,N/A,2.7924,1.3938,3.4963,1.3667,6.7812,8.4628,14168.69,4.3708,67.9572,1208.5,16.3462,4.032,1.4314,48.845,1.4956,35.497,13.0633,
2015-03-20,1.0776,130.26,1.9558,N/A,27.479,7.4516,N/A,0.7255,303.86,N/A,N/A,N/A,4.1272,N/A,4.4327,9.3006,N/A,N/A,1.0552,N/A,8.7125,7.6405,64.9276,N/A,2.7882,1.3988,3.522,1.3655,6.6864,8.3615,14074.33,4.3718,67.169,1207.96,16.265,4.0199,1.4401,48.439,1.4938,35.227,13.0627,
2015-03-19,1.0677,129.12,1.9558,N/A,27.425,7.4508,N/A,0.7183,303.22,N/A,N/A,N/A,4.1288,N/A,4.417,9.2797,N/A,N/A,1.0595,N/A,8.6355,7.65,64.1691,N/A,2.7776,1.3966,3.474,1.3578,6.614,8.2842,13932.02,4.2777,66.8199,1197.86,16.3091,3.9555,1.4453,47.979,1.4809,34.997,13.0815,
2015-03-18,1.0592,128.35,1.9558,N/A,27.318,7.4591,N/A,0.723,304,N/A,N/A,N/A,4.1466,N/A,4.4493,9.3325,N/A,N/A,1.0627,N/A,8.9,7.646,64.9,N/A,2.7793,1.3901,3.4283,1.3583,6.5982,8.2178,13956.88,4.2683,66.4754,1196.29,16.3169,3.9292,1.4461,47.496,1.4735,34.878,13.1048,
2015-03-17,1.0635,128.9,1.9558,N/A,27.183,7.4614,N/A,0.71995,304.12,N/A,N/A,N/A,4.1392,N/A,4.4415,9.1769,N/A,N/A,1.066,N/A,8.7915,7.6466,65.7556,N/A,2.7784,1.3914,3.4796,1.3585,6.6468,8.2573,13997.8,4.2666,66.7156,1197.96,16.4024,3.9311,1.4444,47.47,1.4767,35.017,13.181,
2015-03-16,1.0557,127.96,1.9558,N/A,27.308,7.4659,N/A,0.7131,303.68,N/A,N/A,N/A,4.1281,N/A,4.4365,9.1532,N/A,N/A,1.0615,N/A,8.686,7.6435,65.498,N/A,2.767,1.3797,3.4107,1.3493,6.6113,8.1976,13978.2,4.2381,66.3743,1195.32,16.3206,3.9074,1.4307,46.899,1.467,34.763,13.0917,
2015-03-13,1.0572,128.41,1.9558,N/A,27.315,7.4595,N/A,0.71525,306.5,N/A,N/A,N/A,4.1539,N/A,4.4471,9.1518,N/A,N/A,1.0648,N/A,8.6255,7.6548,64.5063,N/A,2.789,1.38,3.3893,1.3462,6.6172,8.2114,13969.84,4.2527,66.6332,1199.18,16.3713,3.9021,1.4397,46.909,1.4679,34.784,13.1788,
2015-03-12,1.0613,128.29,1.9558,N/A,27.303,7.4575,N/A,0.7091,303.6,N/A,N/A,N/A,4.1371,N/A,4.4373,9.1141,N/A,N/A,1.0636,N/A,8.591,7.645,64.214,N/A,2.7517,1.3771,3.3031,1.3432,6.6458,8.2439,13941.23,4.269,66.2762,1188.78,16.326,3.9061,1.4329,46.976,1.4623,34.823,12.9632,
2015-03-11,1.0578,128.33,1.9558,N/A,27.293,7.4591,N/A,0.70355,304.17,N/A,N/A,N/A,4.1365,N/A,4.4445,9.1204,N/A,N/A,1.0655,N/A,8.657,7.631,65.6568,N/A,2.7721,1.3899,3.3102,1.3432,6.6245,8.2102,13937.63,4.276,66.4101,1193.24,16.5093,3.9109,1.4608,46.852,1.4676,34.789,13.0055,
2015-03-10,1.0738,130.29,1.9558,N/A,27.285,7.4516,N/A,0.7128,307.92,N/A,N/A,N/A,4.1368,N/A,4.4465,9.1849,N/A,N/A,1.0703,N/A,8.6395,7.6153,65.9838,N/A,2.8375,1.4034,3.369,1.3566,6.7236,8.3326,14060.34,4.3332,67.4205,1206.66,16.6847,3.9786,1.4729,47.554,1.4889,35.1,13.1869,
2015-03-09,1.086,131.31,1.9558,N/A,27.251,7.4504,N/A,0.7186,305.21,N/A,N/A,N/A,4.1181,N/A,4.4428,9.1865,N/A,N/A,1.0691,N/A,8.5785,7.6325,66.06,N/A,2.8334,1.4043,3.362,1.3674,6.8034,8.4264,14192.5,4.3573,68.071,1209.21,16.8091,3.9943,1.473,48.018,1.4979,35.371,13.1281,
2015-03-06,1.0963,131.48,1.9558,N/A,27.297,7.4514,N/A,0.722,303.78,N/A,N/A,N/A,4.1178,N/A,4.441,9.1893,N/A,N/A,1.07,N/A,8.542,7.6205,65.217,N/A,2.8275,1.399,3.2949,1.3666,6.8651,8.5055,14182.39,4.3823,68.4064,1203.83,16.6451,3.9923,1.4627,48.282,1.5004,35.531,12.9134,
2015-03-05,1.1069,133.1,1.9558,N/A,27.422,7.4542,N/A,0.7251,305.36,N/A,N/A,N/A,4.1397,N/A,4.4453,9.214,N/A,N/A,1.0697,N/A,8.546,7.6585,67.6095,N/A,2.8663,1.4205,3.3009,1.377,6.9382,8.5847,14363.07,4.427,68.9098,1218.84,16.6566,4.0416,1.4777,48.848,1.5156,35.885,13.0163,
2015-03-04,1.1124,133.15,1.9558,N/A,27.464,7.4575,N/A,0.7259,306.47,N/A,N/A,N/A,4.1727,N/A,4.4555,9.2379,N/A,N/A,1.0694,N/A,8.6145,7.66,68.634,N/A,2.8317,1.4191,3.2999,1.3922,6.9734,8.6266,14455.64,4.4334,69.2626,1222.39,16.7283,4.0629,1.465,49.082,1.5207,36.036,13.1071,
2015-03-03,1.1168,133.74,1.9558,N/A,27.453,7.4533,N/A,0.7276,305.07,N/A,N/A,N/A,4.1582,N/A,4.4563,9.2765,N/A,N/A,1.0736,N/A,8.6095,7.672,69.56,N/A,2.8296,1.4288,3.2536,1.3981,7.0043,8.6609,14513.01,4.4566,69.1544,1225.66,16.7967,4.0597,1.4807,49.22,1.5222,36.131,13.1696,
2015-03-02,1.1227,134.47,1.9558,N/A,27.488,7.4633,N/A,0.7294,303.58,N/A,N/A,N/A,4.1563,N/A,4.4418,9.3436,N/A,N/A,1.0724,N/A,8.6085,7.6755,70.0036,N/A,2.8211,1.4433,3.2133,1.4025,7.0456,8.706,14561.42,4.4796,69.5415,1235.65,16.7816,4.0771,1.4907,49.528,1.5303,36.297,13.1442,
2015-02-27,1.124,134.05,1.9558,N/A,27.438,7.466,N/A,0.7278,303.03,N/A,N/A,N/A,4.1524,N/A,4.4413,9.3693,N/A,N/A,1.0636,N/A,8.574,7.6885,69.2,N/A,2.83,1.4358,3.2579,1.3995,7.0485,8.7167,14555.96,4.4816,69.4822,1236.16,16.8723,4.0576,1.4849,49.486,1.5289,36.336,13.0684,
2015-02-26,1.1317,134.54,1.9558,N/A,27.515,7.4679,N/A,0.7301,302.88,N/A,N/A,N/A,4.1535,N/A,4.4278,9.4146,N/A,N/A,1.0745,N/A,8.564,7.6965,68.8165,N/A,2.8085,1.4357,3.2264,1.4112,7.0831,8.776,14537.82,4.4552,69.8838,1240.6,16.8425,4.0483,1.4919,49.767,1.5293,36.57,12.9381,
2015-02-25,1.1346,134.92,1.9558,N/A,27.419,7.465,N/A,0.7328,305.55,N/A,N/A,N/A,4.1615,N/A,4.4223,9.491,N/A,N/A,1.0773,N/A,8.6325,7.684,70.3432,N/A,2.8017,1.4388,3.2395,1.4116,7.1025,8.7997,14617.03,4.483,70.3083,1248.89,16.9424,4.0908,1.5031,49.988,1.5378,36.909,13.025,
2015-02-24,1.1328,135.36,1.9558,N/A,27.487,7.4595,N/A,0.7344,305,N/A,N/A,N/A,4.1662,N/A,4.4435,9.5199,N/A,N/A,1.0755,N/A,8.625,7.702,71.4174,N/A,2.8082,1.4609,3.2518,1.4322,7.0842,8.7876,14635.14,4.4702,70.463,1261.64,17.1143,4.1257,1.5225,50.137,1.542,36.884,13.149,
2015-02-23,1.1298,134.5,1.9558,N/A,27.444,7.4637,N/A,0.7352,305.09,N/A,N/A,N/A,4.1746,N/A,4.4483,9.5656,N/A,N/A,1.0727,N/A,8.6405,7.7115,72.5628,N/A,2.8037,1.451,3.2729,1.4256,7.0686,8.7631,14607.09,4.3602,70.4035,1253.43,17.0685,4.1093,1.5041,50.063,1.5384,36.786,13.2311,
2015-02-20,1.1298,133.91,1.9558,N/A,27.508,7.4612,N/A,0.7348,305.68,N/A,N/A,N/A,4.1812,N/A,4.4568,9.5213,N/A,N/A,1.0718,N/A,8.593,7.7125,70.2,N/A,2.7835,1.4399,3.2432,1.4073,7.0642,8.7635,14510.22,4.37,70.3122,1254.9,16.9572,4.1221,1.496,50.016,1.536,36.777,13.1681,
2015-02-19,1.1387,135.52,1.9558,N/A,27.373,7.4442,N/A,0.7379,305.34,N/A,N/A,N/A,4.1695,N/A,4.4461,9.5713,N/A,N/A,1.0796,N/A,8.645,7.7253,70.7133,N/A,2.789,1.4632,3.2452,1.4257,7.1229,8.8331,14637.08,4.3743,70.8384,1267.63,17.0207,4.1309,1.5148,50.291,1.5466,37.064,13.2596,
2015-02-18,1.1372,135.69,1.9558,N/A,27.583,7.444,N/A,0.7372,307.71,N/A,N/A,N/A,4.1909,N/A,4.4518,9.5489,N/A,N/A,1.0707,N/A,8.548,7.724,70.5714,N/A,2.794,1.4598,3.2195,1.4158,7.1133,8.8229,14646.88,4.3872,70.85,1267.02,16.9923,4.12,1.5147,50.372,1.5475,37.05,13.2921,
2015-02-17,1.1415,135.61,1.9558,N/A,27.619,7.444,N/A,0.7434,307.81,N/A,N/A,N/A,4.1872,N/A,4.4467,9.5235,N/A,N/A,1.0631,N/A,8.5725,7.725,71.4409,N/A,2.7935,1.4593,3.2395,1.4125,7.1403,8.8568,14574.79,4.4126,70.9893,1262.44,16.933,4.0919,1.5141,50.375,1.5463,37.184,13.2357,
2015-02-16,1.1408,135.26,1.9558,N/A,27.638,7.444,N/A,0.7421,306.91,N/A,N/A,N/A,4.1832,N/A,4.4452,9.5838,N/A,N/A,1.0626,N/A,8.6035,7.714,71.47,N/A,2.7919,1.4669,3.2336,1.4206,7.1292,8.85,14524.29,4.4121,70.9736,1257.23,16.9608,4.0846,1.5193,50.393,1.5481,37.181,13.2698,
2015-02-13,1.1381,135.46,1.9558,N/A,27.64,7.444,N/A,0.7401,306.03,N/A,N/A,N/A,4.1768,N/A,4.4431,9.5887,N/A,N/A,1.0576,N/A,8.6535,7.7128,72.989,N/A,2.8105,1.4689,3.2395,1.4235,7.1011,8.8264,14566.04,4.4286,70.7557,1251.51,17.0348,4.0683,1.5312,50.424,1.5439,37.131,13.343,
2015-02-12,1.1328,135.72,1.9558,N/A,27.702,7.4445,N/A,0.7376,307.76,N/A,N/A,N/A,4.1916,N/A,4.4375,9.6298,N/A,N/A,1.0559,N/A,8.7425,7.723,75.2935,N/A,2.821,1.4761,3.2565,1.4228,7.073,8.7849,14518.77,4.4204,70.5469,1255.7,17.0866,4.0874,1.5373,50.208,1.5397,37.037,13.376,
2015-02-11,1.1314,135.5,1.9558,N/A,27.68,7.444,N/A,0.7396,310.15,N/A,N/A,N/A,4.218,N/A,4.4473,9.4585,N/A,N/A,1.0465,N/A,8.602,7.7218,74.66,N/A,2.8252,1.4606,3.237,1.4268,7.063,8.7726,14510.21,4.3598,70.549,1250.19,16.9653,4.0918,1.5272,50.292,1.5388,36.929,13.3805,
2015-02-10,1.1297,134.67,1.9558,N/A,27.727,7.4441,N/A,0.742,309.34,N/A,N/A,N/A,4.2008,N/A,4.4368,9.4264,N/A,N/A,1.0457,N/A,8.5665,7.7177,74.5672,N/A,2.8155,1.4522,3.1641,1.4088,7.0512,8.7595,14344.72,4.3793,70.2617,1237.19,16.7845,4.0434,1.5266,50.158,1.5322,36.868,13.1443,
2015-02-09,1.1275,133.72,1.9558,N/A,27.72,7.444,N/A,0.7415,307.3,N/A,N/A,N/A,4.1822,N/A,4.4308,9.4685,N/A,N/A,1.0428,N/A,8.6145,7.7165,74.7335,N/A,2.808,1.443,3.143,1.4094,7.0428,8.7416,14281.55,4.3791,70.0515,1236.75,16.7073,4.0142,1.5203,50.1,1.5282,36.807,13.0539,
2015-02-06,1.1447,134.28,1.9558,N/A,27.698,7.4441,N/A,0.7473,306.27,N/A,N/A,N/A,4.165,N/A,4.4143,9.4565,N/A,N/A,1.0534,N/A,8.5715,7.717,76.86,N/A,2.7878,1.4572,3.1536,1.4246,7.1535,8.8739,14430.56,4.4302,70.6442,1244.86,16.8843,4.0347,1.5414,50.573,1.5377,37.237,12.9486,
2015-02-05,1.141,133.98,1.9558,N/A,27.708,7.4456,N/A,0.7482,307.24,N/A,N/A,N/A,4.1655,N/A,4.4133,9.4579,N/A,N/A,1.0587,N/A,8.637,7.7128,76.27,N/A,2.7898,1.4616,3.1238,1.429,7.1307,8.8455,14389.78,4.4229,70.4436,1243.16,16.8862,4.0605,1.5428,50.343,1.5359,37.213,12.983,
2015-02-04,1.1446,134.49,1.9558,N/A,27.77,7.444,N/A,0.7516,308.85,N/A,N/A,N/A,4.1607,N/A,4.408,9.4281,N/A,N/A,1.0602,N/A,8.6305,7.711,75.5,N/A,2.7796,1.4722,3.0919,1.4253,7.1526,8.8753,14468.38,4.4449,70.7736,1243.24,16.8433,4.0824,1.5486,50.458,1.5396,37.325,13.073,
2015-02-03,1.1376,133.48,1.9558,N/A,27.748,7.444,N/A,0.75395,309.18,N/A,N/A,N/A,4.162,N/A,4.4033,9.4118,N/A,N/A,1.0526,N/A,8.637,7.709,75.8145,N/A,2.7382,1.4799,3.0848,1.4316,7.118,8.8214,14358.41,4.4565,70.2086,1251.26,16.8433,4.0819,1.5742,50.136,1.5362,37.12,13.0318,
2015-02-02,1.131,133.06,1.9558,N/A,27.749,7.444,N/A,0.7526,310.56,N/A,N/A,N/A,4.1771,N/A,4.4043,9.3672,N/A,N/A,1.0519,N/A,8.7225,7.703,78.06,N/A,2.7356,1.4523,3.0296,1.4332,7.0771,8.7702,14370.84,4.456,69.9735,1246.12,16.8802,4.0989,1.5562,49.909,1.53,36.848,13.0934,
2015-01-30,1.1305,133.08,1.9558,N/A,27.797,7.444,N/A,0.7511,312.03,N/A,N/A,N/A,4.2075,N/A,4.442,9.3612,N/A,N/A,1.0468,N/A,8.8335,7.6975,79.925,N/A,2.7579,1.4535,3.0114,1.4323,7.0639,8.7636,14342.1,4.4475,70.1133,1246.54,16.8382,4.11,1.5568,49.934,1.5292,37.055,13.1028,
2015-01-29,1.1315,133.43,1.9558,N/A,27.792,7.444,N/A,0.74775,312,N/A,N/A,N/A,4.2324,N/A,4.4405,9.3245,N/A,N/A,1.0372,N/A,8.823,7.6975,78.2726,N/A,2.7267,1.4535,2.9421,1.4179,7.0672,8.7722,14278.77,4.4476,70.0403,1240.27,16.7722,4.1089,1.5552,49.862,1.5305,37.055,13.1531,
2015-01-28,1.1344,133.7,1.9558,N/A,27.846,7.444,N/A,0.7466,312.18,N/A,N/A,N/A,4.2365,N/A,4.4552,9.2895,N/A,N/A,1.0242,N/A,8.795,7.6918,76.912,N/A,2.6959,1.4234,2.9322,1.409,7.0869,8.7939,14188.57,4.4774,69.6578,1231.76,16.5951,4.1048,1.5157,50.046,1.5345,36.925,13.1212,
2015-01-27,1.1306,133.08,1.9558,N/A,27.872,7.4483,N/A,0.74725,312.17,N/A,N/A,N/A,4.23,N/A,4.4693,9.3089,N/A,N/A,1.017,N/A,8.813,7.69,76.6695,N/A,2.6768,1.4233,2.9284,1.4085,7.0603,8.7652,14114.02,4.503,69.401,1219.73,16.5181,4.0741,1.5199,49.839,1.5167,36.808,13.108,
2015-01-26,1.1244,133.03,1.9558,N/A,27.754,7.445,N/A,0.74895,310.67,N/A,N/A,N/A,4.2157,N/A,4.4744,9.3628,N/A,N/A,1.0014,N/A,8.7345,7.702,73.8368,N/A,2.6526,1.4227,2.9184,1.4009,7.0324,8.717,14047.63,4.4938,69.0691,1217.04,16.4691,4.0584,1.5128,49.574,1.5111,36.631,12.9073,
2015-01-23,1.1198,132.12,1.9558,N/A,27.831,7.443,N/A,0.7473,310.91,N/A,N/A,N/A,4.2279,N/A,4.4892,9.3327,N/A,N/A,0.9816,N/A,8.7055,7.7028,72.2195,N/A,2.634,1.4169,2.9057,1.3937,6.975,8.6809,13975.38,4.4766,68.866,1208.9,16.4851,4.0281,1.5032,49.359,1.5058,36.517,12.843,
2015-01-22,1.1618,136.7,1.9558,N/A,27.9,7.4454,N/A,0.7644,315.56,N/A,N/A,N/A,4.2997,N/A,4.5023,9.4405,N/A,N/A,0.9943,N/A,8.831,7.6985,74.78,N/A,2.7128,1.4299,2.9955,1.4353,7.2144,9.0074,14481.47,4.5687,71.5192,1259.38,17.0639,4.1617,1.5344,51.373,1.5479,37.851,13.3367,
2015-01-21,1.1593,136.07,1.9558,N/A,27.939,7.4355,N/A,0.7671,315.35,N/A,N/A,N/A,4.3058,N/A,4.5088,9.4238,N/A,N/A,0.9997,N/A,8.825,7.7065,76.123,N/A,2.7141,1.4113,3.0138,1.3999,7.2017,8.9879,14485.19,4.5519,71.3839,1255.38,16.9351,4.1828,1.5124,51.444,1.5455,37.747,13.3846,
2015-01-20,1.1579,137.37,1.9558,N/A,27.849,7.4351,N/A,0.7637,317.53,N/A,N/A,N/A,4.3275,N/A,4.5093,9.4297,N/A,N/A,1.0087,N/A,8.8015,7.7015,75.3825,N/A,2.701,1.4123,3.0378,1.391,7.1948,8.9772,14535.84,4.5456,71.45,1259.61,16.9308,4.1771,1.5014,51.632,1.5502,37.845,13.4621,
2015-01-19,1.1605,136.27,1.9558,N/A,27.881,7.4345,N/A,0.7664,318.72,N/A,N/A,N/A,4.3164,N/A,4.5027,9.4076,N/A,N/A,1.012,N/A,8.8325,7.6935,75.0288,N/A,2.7149,1.4134,3.0503,1.3906,7.2188,8.9963,14643.19,4.5604,71.6174,1251.03,16.959,4.1447,1.4914,51.724,1.5453,37.821,13.5213,
2015-01-16,1.1588,135.06,1.9558,N/A,27.795,7.4346,N/A,0.7637,320.37,N/A,N/A,N/A,4.3179,N/A,4.5083,9.4085,N/A,N/A,1.0128,N/A,8.7985,7.693,75.658,N/A,2.6888,1.4113,3.0357,1.3946,7.1926,8.983,14581.91,4.542,71.6857,1248.7,16.9787,4.1234,1.4871,51.684,1.5363,37.798,13.403,
2015-01-15,1.1708,136.48,1.9558,N/A,27.841,7.4346,N/A,0.7672,322.39,N/A,N/A,N/A,4.3008,N/A,4.4964,9.4611,N/A,N/A,1.028,N/A,8.914,7.6877,75.41,N/A,2.672,1.4143,3.0537,1.3855,7.2509,9.0751,14674.67,4.5644,72.3361,1262.95,16.9345,4.1689,1.4883,52.216,1.5479,38.338,13.4057,
2015-01-14,1.1775,137.48,1.9558,N/A,28.229,7.4386,N/A,0.7753,319.97,N/A,N/A,N/A,4.2863,N/A,4.4928,9.5011,N/A,N/A,1.201,N/A,9.056,7.6845,77.903,N/A,2.6957,1.4473,3.0909,1.4089,7.2968,9.1301,14863.25,4.6307,73.2273,1277.86,17.2151,4.2317,1.525,52.547,1.5724,38.603,13.5437,
2015-01-13,1.1782,139.56,1.9558,N/A,28.405,7.4398,N/A,0.7767,318.27,N/A,N/A,N/A,4.2824,N/A,4.488,9.4564,N/A,N/A,1.201,N/A,9.115,7.6815,77.91,N/A,2.6875,1.4441,3.1143,1.4098,7.3028,9.1348,14842.5,4.6462,73.0991,1275.75,17.2164,4.2322,1.5215,52.715,1.5735,38.7,13.5487,
2015-01-12,1.1804,140.56,1.9558,N/A,28.287,7.4391,N/A,0.7791,318.03,N/A,N/A,N/A,4.2765,N/A,4.4833,9.541,N/A,N/A,1.201,N/A,9.1275,7.6785,73.9104,N/A,2.709,1.4498,3.1354,1.4043,7.3194,9.1518,14878.94,4.6688,73.3784,1281.23,17.2955,4.2105,1.5222,53.032,1.5775,38.817,13.6056,
2015-01-09,1.1813,140.81,1.9558,N/A,28.062,7.4393,N/A,0.7799,317.39,N/A,N/A,N/A,4.2699,N/A,4.4892,9.4883,N/A,N/A,1.201,N/A,9.0605,7.678,72.891,N/A,2.7154,1.4506,3.1389,1.3963,7.3321,9.1593,14925.34,4.6614,73.6233,1290.29,17.319,4.2054,1.5115,53.09,1.5789,38.846,13.6655,
2015-01-08,1.1768,141,1.9558,N/A,27.865,7.4398,N/A,0.7811,317.05,N/A,N/A,N/A,4.2902,N/A,4.4878,9.434,N/A,N/A,1.201,N/A,9.028,7.6745,72.3732,N/A,2.7181,1.4518,3.1774,1.3905,7.3152,9.1265,14877.39,4.674,73.63,1291.62,17.3087,4.189,1.5113,52.908,1.5753,38.693,13.6912,
2015-01-07,1.1831,141.17,1.9558,N/A,27.783,7.4421,N/A,0.7823,319.53,N/A,N/A,N/A,4.3108,N/A,4.4978,9.3989,N/A,N/A,1.2011,N/A,9.15,7.6753,75,N/A,2.7547,1.466,3.1679,1.3996,7.3512,9.1743,15041.65,4.6835,74.7423,1304.28,17.4803,4.2376,1.5275,53.363,1.5844,38.912,13.8588,
2015-01-06,1.1914,141.69,1.9558,N/A,27.695,7.4414,N/A,0.7842,319.32,N/A,N/A,N/A,4.3075,N/A,4.499,9.4208,N/A,N/A,1.2014,N/A,9.1795,7.674,74.91,N/A,2.7732,1.464,3.2159,1.4014,7.4022,9.2376,15093.06,4.714,75.74,1311.72,17.7781,4.255,1.5378,53.624,1.5905,39.221,13.9771,
2015-01-05,1.1915,143,1.9558,N/A,27.676,7.441,N/A,0.7827,318.32,N/A,N/A,N/A,4.2979,N/A,4.4975,9.4882,N/A,N/A,1.2016,N/A,9.1075,7.6738,70.388,N/A,2.7869,1.4755,3.2334,1.4041,7.4111,9.2409,15027.69,4.712,75.6156,1323.73,17.695,4.2215,1.5515,53.674,1.592,39.297,13.9739,
2015-01-02,1.2043,145.21,1.9558,N/A,27.693,7.4434,N/A,0.78,318.75,N/A,N/A,N/A,4.3053,N/A,4.502,9.4702,N/A,N/A,1.2022,N/A,9.042,7.6713,70.461,N/A,2.8332,1.4841,3.2433,1.4069,7.4759,9.3402,15073.02,4.7291,76.3,1332.24,17.8537,4.2349,1.5609,53.961,1.6,39.69,14.0435,
2014-12-31,1.2141,145.23,1.9558,N/A,27.735,7.4453,N/A,0.7789,315.54,3.4528,N/A,N/A,4.2732,N/A,4.4828,9.393,N/A,N/A,1.2024,N/A,9.042,7.658,72.337,N/A,2.832,1.4829,3.2207,1.4063,7.5358,9.417,15076.1,4.72,76.719,1324.8,17.8679,4.2473,1.5525,54.436,1.6058,39.91,14.0353,
2014-12-30,1.216,145.41,1.9558,N/A,27.728,7.4436,N/A,0.7823,314.98,3.4528,N/A,N/A,4.3103,N/A,4.4847,9.4746,N/A,N/A,1.2028,N/A,9.042,7.6598,69.1315,N/A,2.8587,1.4878,3.2394,1.4132,7.5442,9.434,15099.67,4.752,77.1686,1334.19,17.9293,4.2559,1.5536,54.42,1.6085,40.019,14.1487,
2014-12-29,1.2197,146.96,1.9558,N/A,27.717,7.4404,N/A,0.7842,314.68,3.4528,N/A,N/A,4.3023,N/A,4.4741,9.6234,N/A,N/A,1.2028,N/A,9.0475,7.658,68.065,N/A,2.8313,1.4964,3.2602,1.4183,7.592,9.4632,15128.58,4.7916,77.666,1341.07,17.9281,4.2659,1.5644,54.558,1.6134,40.223,14.1557,
2014-12-24,1.2219,147.07,1.9558,N/A,27.777,7.4396,N/A,0.7865,316.08,3.4528,N/A,N/A,4.3078,N/A,4.4628,9.54,N/A,N/A,1.2025,N/A,9.1511,7.663,66.8863,N/A,2.841,1.5053,3.2921,1.4164,7.5969,9.4844,15214.5,4.778,77.5589,1347.55,18.0123,4.2729,1.5807,54.596,1.616,40.169,14.2498,
2014-12-23,1.2213,146.8,1.9558,N/A,27.66,7.4408,N/A,0.7867,313.93,3.4528,N/A,N/A,4.2765,N/A,4.4799,9.5031,N/A,N/A,1.2032,N/A,9.029,7.6651,66.9335,N/A,2.8407,1.5027,3.2498,1.4213,7.6034,9.4761,15205.81,4.7708,77.2991,1346.58,17.8924,4.2697,1.5772,54.563,1.6141,40.184,14.1729,
2014-12-22,1.2259,147.06,1.9558,N/A,27.618,7.4401,N/A,0.7849,315.33,3.4528,N/A,N/A,4.2665,N/A,4.4666,9.5536,N/A,N/A,1.2035,N/A,9.0565,7.665,67.1555,N/A,2.8423,1.5057,3.2455,1.4257,7.6271,9.5098,15255.54,4.8109,77.4769,1343.82,17.8608,4.2839,1.5803,54.723,1.6171,40.282,14.2082,
2014-12-19,1.2279,146.41,1.9558,N/A,27.636,7.4391,N/A,0.7847,316.45,3.4528,N/A,N/A,4.2738,N/A,4.4738,9.4624,N/A,N/A,1.2039,N/A,9.0145,7.666,73.4223,N/A,2.8552,1.5012,3.2525,1.4239,7.64,9.5233,15254.85,4.8211,77.7322,1349.92,17.8389,4.2668,1.5789,54.937,1.6147,40.361,14.2467,
2014-12-18,1.2285,145.96,1.9558,N/A,27.606,7.4393,N/A,0.7865,314.73,3.4528,N/A,N/A,4.2422,N/A,4.4713,9.4361,N/A,N/A,1.2052,N/A,9.0645,7.6675,75.485,N/A,2.8533,1.5005,3.2777,1.4248,7.6364,9.5292,15440.5,4.8515,77.4772,1347.16,17.812,4.2521,1.5861,54.972,1.6149,40.376,14.1879,
2014-12-17,1.2448,145.89,1.9558,N/A,27.626,7.4405,N/A,0.7932,314.42,3.4528,N/A,N/A,4.2258,N/A,4.475,9.5019,N/A,N/A,1.201,N/A,9.2505,7.67,82.1728,N/A,2.933,1.5203,3.3988,1.4482,7.7143,9.6518,15758.64,4.8805,79.1973,1363.34,18.3496,4.34,1.6073,55.751,1.6247,41.035,14.571,
2014-12-16,1.2537,145.79,1.9558,N/A,27.607,7.4407,N/A,0.7965,312.23,3.4528,N/A,N/A,4.2061,N/A,4.479,9.551,N/A,N/A,1.2009,N/A,9.542,7.667,91.52,N/A,2.9797,1.5206,3.4196,1.4612,7.7624,9.7206,16144.54,4.9055,80.2218,1354.09,18.5391,4.3769,1.605,56.118,1.6312,41.302,14.6054,
2014-12-15,1.2426,147.67,1.9558,N/A,27.565,7.4379,N/A,0.7936,308.32,3.4528,N/A,N/A,4.1782,N/A,4.4813,9.4096,N/A,N/A,1.2011,N/A,9.1765,7.666,74.7717,N/A,2.9025,1.5128,3.3181,1.4407,7.696,9.6334,15972.98,4.8862,78.582,1368.94,18.3628,4.3525,1.6062,55.539,1.6322,40.931,14.4703,
2014-12-12,1.245,147.41,1.9558,N/A,27.59,7.437,N/A,0.7925,308.93,3.4528,N/A,N/A,4.1735,N/A,4.4673,9.37,N/A,N/A,1.201,N/A,9.119,7.674,71.4175,N/A,2.8523,1.5056,3.3071,1.4417,7.7049,9.6517,15579.32,4.8569,77.7677,1372.22,18.5119,4.3502,1.5946,55.41,1.6307,40.824,14.4769,
2014-12-11,1.2428,147.2,1.9558,N/A,27.633,7.4387,N/A,0.7927,308.14,3.4528,N/A,N/A,4.1798,N/A,4.4508,9.3575,N/A,N/A,1.2012,N/A,9.006,7.674,68.6459,N/A,2.8153,1.5056,3.2593,1.4281,7.6916,9.6348,15384,4.8575,77.5644,1368.53,18.0523,4.3385,1.5892,55.262,1.6323,40.792,14.3385,
2014-12-10,1.2392,147.33,1.9558,N/A,27.618,7.4397,N/A,0.78975,307.21,3.4528,N/A,N/A,4.1619,N/A,4.443,9.3276,N/A,N/A,1.2024,N/A,8.8765,7.668,67.2763,N/A,2.8,1.4846,3.2105,1.4186,7.6526,9.6059,15298.55,4.878,76.9233,1369.94,17.8541,4.3088,1.6034,55.25,1.6263,40.658,14.243,
2014-12-09,1.2369,148.02,1.9558,N/A,27.618,7.4403,N/A,0.79015,305.75,3.4528,N/A,N/A,4.1602,N/A,4.4393,9.3004,N/A,N/A,1.2021,N/A,8.8105,7.6655,66.986,N/A,2.794,1.4903,3.2238,1.4166,7.6549,9.5889,15271.39,4.8645,76.6415,1370.84,17.809,4.3049,1.6102,55.119,1.63,40.731,14.1656,
2014-12-08,1.2258,148.45,1.9558,N/A,27.611,7.4401,N/A,0.7845,306.55,3.4528,N/A,N/A,4.1611,N/A,4.4425,9.3058,N/A,N/A,1.2023,N/A,8.7975,7.67,65.6218,N/A,2.7946,1.4789,3.1777,1.4027,7.5666,9.5013,15153.97,4.8957,75.9015,1367.65,17.6331,4.2815,1.6037,54.776,1.6201,40.515,14.1223,
2014-12-05,1.2362,149.03,1.9558,N/A,27.635,7.4399,N/A,0.7881,307.25,3.4528,N/A,N/A,4.1628,N/A,4.4321,9.299,N/A,N/A,1.2021,N/A,8.8105,7.674,66.3305,N/A,2.766,1.4765,3.1832,1.4085,7.6055,9.5823,15220.71,4.8945,76.3786,1377.79,17.499,4.2911,1.5928,55.123,1.6293,40.717,13.8773,
2014-12-04,1.2311,147.64,1.9558,N/A,27.616,7.44,N/A,0.7861,306.9,3.4528,N/A,N/A,4.1614,N/A,4.429,9.2747,N/A,N/A,1.2035,N/A,8.721,7.6753,65.7875,N/A,2.7556,1.4692,3.1728,1.3998,7.5777,9.544,15157.92,4.9109,76.2063,1373.54,17.3743,4.2454,1.5888,54.846,1.6187,40.518,13.7641,
2014-12-03,1.2331,147.2,1.9558,N/A,27.623,7.4411,N/A,0.7862,306.72,3.4528,N/A,N/A,4.1598,N/A,4.4268,9.2713,N/A,N/A,1.2032,N/A,8.656,7.6755,65.375,N/A,2.7572,1.462,3.1534,1.4034,7.5752,9.5597,15167.74,4.9219,76.2179,1373.85,17.362,4.2505,1.5884,55.018,1.6149,40.511,13.7793,
2014-12-02,1.2424,148.08,1.9558,N/A,27.605,7.4406,N/A,0.7936,306.93,3.4528,N/A,N/A,4.1637,N/A,4.4288,9.2795,N/A,N/A,1.204,N/A,8.697,7.6755,66.267,N/A,2.7655,1.472,3.1875,1.4125,7.6413,9.6348,15272.2,4.9255,76.8834,1382.24,17.4172,4.2705,1.5884,55.649,1.6242,40.825,13.7499,
2014-12-01,1.2469,147.62,1.9558,N/A,27.626,7.4401,N/A,0.7927,306.43,3.4528,N/A,N/A,4.1782,N/A,4.4335,9.2562,N/A,N/A,1.2028,N/A,8.6745,7.6758,65.2758,N/A,2.7673,1.4681,3.1991,1.4213,7.6742,9.6691,15317.53,4.8818,77.3564,1381.4,17.3472,4.272,1.5838,55.869,1.6285,40.958,13.7542,
2014-11-28,1.2483,147.69,1.9558,N/A,27.652,7.4409,N/A,0.7953,306.81,3.4528,N/A,N/A,4.1839,N/A,4.4278,9.266,N/A,N/A,1.2018,N/A,8.6975,7.6785,61.345,N/A,2.7594,1.4647,3.1831,1.4227,7.6673,9.6806,15284.73,4.8592,77.5469,1385.58,17.2709,4.234,1.5879,56.146,1.6268,40.992,13.7648,
2014-11-27,1.248,146.67,1.9558,N/A,27.609,7.4397,N/A,0.792,307.14,3.4528,N/A,N/A,4.1798,N/A,4.4205,9.2613,N/A,N/A,1.2022,N/A,8.597,7.677,58.668,N/A,2.7664,1.456,3.1346,1.4039,7.661,9.6752,15184.96,4.851,77.22,1372.39,17.1266,4.1764,1.5807,55.994,1.6202,40.897,13.6833,
2014-11-26,1.2475,146.91,1.9558,N/A,27.579,7.4396,N/A,0.79095,306.6,3.4528,N/A,N/A,4.1801,N/A,4.4173,9.2514,N/A,N/A,1.2026,N/A,8.51,7.6772,58.39,N/A,2.7687,1.4667,3.134,1.4057,7.6578,9.6737,15193.91,4.8348,77.1579,1382.65,17.0658,4.1806,1.5921,56.1,1.6234,40.893,13.686,
2014-11-25,1.2424,146.66,1.9558,N/A,27.583,7.4395,N/A,0.7929,305.82,3.4528,N/A,N/A,4.1868,N/A,4.4358,9.2662,N/A,N/A,1.203,N/A,8.463,7.675,56.569,N/A,2.7675,1.4563,3.1322,1.4003,7.625,9.6357,15103.21,4.8046,76.895,1378.98,16.9695,4.1651,1.5958,55.862,1.6192,40.767,13.6664,
2014-11-24,1.241,146.82,1.9558,N/A,27.592,7.44,N/A,0.7916,304.76,3.4528,N/A,N/A,4.1943,N/A,4.4313,9.2396,N/A,N/A,1.2027,N/A,8.407,7.671,55.915,N/A,2.7649,1.4387,3.1419,1.3961,7.6212,9.6262,15067.59,4.7955,76.8291,1385.46,16.9047,4.1618,1.5772,55.817,1.6179,40.737,13.6398,
2014-11-21,1.2422,146.46,1.9558,N/A,27.66,7.4413,N/A,0.7921,304.56,3.4528,N/A,N/A,4.2047,N/A,4.4446,9.2295,N/A,N/A,1.2024,N/A,8.402,7.6723,56.5081,N/A,2.7595,1.4257,3.1657,1.3987,7.6113,9.6348,15003.9,4.7801,76.588,1380.64,16.9107,4.1463,1.5681,55.792,1.6113,40.663,13.5636,
2014-11-20,1.2539,148.25,1.9558,N/A,27.657,7.4437,N/A,0.7989,304.62,3.4528,N/A,N/A,4.214,N/A,4.4426,9.279,N/A,N/A,1.2014,N/A,8.492,7.6755,58.203,N/A,2.7954,1.4565,3.2002,1.42,7.6824,9.7247,15234.24,4.8238,77.654,1396.94,17.0584,4.2218,1.5964,56.51,1.6327,41.147,13.7811,
2014-11-19,1.2535,147.45,1.9558,N/A,27.683,7.4439,N/A,0.79965,304.8,3.4528,N/A,N/A,4.2184,N/A,4.4389,9.2598,N/A,N/A,1.2014,N/A,8.493,7.6775,58.8432,N/A,2.8001,1.4512,3.2431,1.4226,7.671,9.7213,15241.84,4.8057,77.7095,1391.24,17.0288,4.2119,1.5949,56.652,1.6347,41.136,13.8612,
2014-11-18,1.2514,145.91,1.9558,N/A,27.677,7.4439,N/A,0.7994,305.54,3.4528,N/A,N/A,4.2141,N/A,4.4348,9.2388,N/A,N/A,1.2013,N/A,8.429,7.6733,58.491,N/A,2.7819,1.4342,3.2543,1.413,7.6605,9.7044,15158.81,4.8054,77.275,1374.09,16.9671,4.1961,1.5707,56.298,1.624,41.006,13.8083,
2014-11-17,1.2496,145.3,1.9558,N/A,27.701,7.4434,N/A,0.7989,306.01,3.4528,N/A,N/A,4.2238,N/A,4.428,9.2449,N/A,N/A,1.2013,N/A,8.444,7.674,59.2177,N/A,2.7854,1.4312,3.2631,1.4133,7.6523,9.6899,15240.7,4.7764,77.2603,1370.14,16.9539,4.1874,1.5775,56.189,1.6217,40.943,13.8937,
2014-11-14,1.2436,144.94,1.9558,N/A,27.653,7.4434,N/A,0.7944,306.12,3.4528,N/A,N/A,4.2295,N/A,4.4275,9.2376,N/A,N/A,1.2015,N/A,8.453,7.6703,58.828,N/A,2.7905,1.4336,3.261,1.4155,7.623,9.6436,15207.35,4.7468,76.8735,1372.11,16.9441,4.1769,1.5829,56.01,1.6158,40.865,13.9236,
2014-11-13,1.2456,143.87,1.9558,N/A,27.644,7.4424,N/A,0.7912,306.36,3.4528,N/A,N/A,4.2282,N/A,4.4305,9.2442,N/A,N/A,1.2018,N/A,8.4565,7.6683,58.0382,N/A,2.8054,1.4254,3.2058,1.4111,7.6319,9.6601,15183.2,4.751,76.6293,1361.16,16.9243,4.1557,1.5766,55.901,1.6086,40.862,13.981,
2014-11-12,1.2467,143.63,1.9558,N/A,27.603,7.4416,N/A,0.788,307.36,3.4528,N/A,N/A,4.2192,N/A,4.4323,9.2283,N/A,N/A,1.2023,N/A,8.4415,7.6676,57.718,N/A,2.818,1.4318,3.1936,1.4109,7.6382,9.6677,15190.5,4.7634,76.5848,1365.32,16.9676,4.1526,1.5857,55.93,1.608,40.944,14.0105,
2014-11-11,1.2424,143.88,1.9558,N/A,27.592,7.4401,N/A,0.7836,307.59,3.4528,N/A,N/A,4.2235,N/A,4.424,9.1908,N/A,N/A,1.2024,N/A,8.4865,7.665,57.987,N/A,2.8137,1.4386,3.1908,1.415,7.6077,9.6332,15186.49,4.7483,76.4635,1362.54,16.8979,4.1562,1.6008,55.827,1.6077,40.848,14.0199,
2014-11-10,1.2486,142.56,1.9558,N/A,27.585,7.4387,N/A,0.7852,307.04,3.4528,N/A,N/A,4.2147,N/A,4.423,9.2074,N/A,N/A,1.2028,N/A,8.4235,7.663,56.788,N/A,2.8092,1.4406,3.1654,1.4124,7.6413,9.6826,15201.7,4.7282,76.7951,1355.53,16.8936,4.1585,1.602,56.044,1.6097,40.939,13.9935,
2014-11-07,1.2393,142.89,1.9558,N/A,27.705,7.4386,N/A,0.7834,309.84,3.4528,N/A,N/A,4.2284,N/A,4.435,9.2125,N/A,N/A,1.204,N/A,8.4965,7.661,57.1802,N/A,2.8189,1.4418,3.1987,1.4168,7.5876,9.6087,15115.13,4.7198,76.3857,1356.41,16.8944,4.1467,1.6096,55.813,1.6056,40.745,14.004,
2014-11-06,1.2517,143.33,1.9558,N/A,27.769,7.4404,N/A,0.78615,310.02,3.4528,N/A,N/A,4.2214,N/A,4.4282,9.2027,N/A,N/A,1.2045,N/A,8.5165,7.6625,57.593,N/A,2.802,1.453,3.1783,1.4281,7.6521,9.7047,15211.3,4.7403,76.958,1360.61,16.9925,4.176,1.617,56.37,1.6171,41.085,13.922,
2014-11-05,1.248,143.21,1.9558,N/A,27.823,7.4426,N/A,0.7843,309.05,3.4528,N/A,N/A,4.2336,N/A,4.4193,9.2164,N/A,N/A,1.2043,N/A,8.574,7.6628,55.352,N/A,2.7919,1.4494,3.1428,1.4281,7.631,9.6747,15223.74,4.7442,76.7511,1360.83,16.9834,4.1798,1.6135,56.288,1.617,40.993,13.9,
2014-11-04,1.2514,141.96,1.9558,N/A,27.788,7.4429,N/A,0.7819,309.08,3.4528,N/A,N/A,4.2248,N/A,4.4198,9.2623,N/A,N/A,1.2055,N/A,8.5775,7.6635,54.6375,N/A,2.7866,1.4342,3.1589,1.4286,7.6538,9.7014,15160.11,4.7535,76.8422,1348.77,17.081,4.1659,1.6144,56.27,1.6143,40.883,13.83,
2014-11-03,1.2493,142.19,1.9558,N/A,27.788,7.4441,N/A,0.78085,308.64,3.4528,N/A,N/A,4.2188,N/A,4.4138,9.23,N/A,N/A,1.2054,N/A,8.464,7.6655,54.1135,N/A,2.7839,1.4347,3.1106,1.41,7.6447,9.6879,15149.62,4.7343,76.7133,1345.9,16.8643,4.1452,1.6131,56.215,1.6107,40.815,13.786,
2014-10-31,1.2524,140.18,1.9558,N/A,27.77,7.4444,N/A,0.78425,308.26,3.4528,N/A,N/A,4.2177,N/A,4.4163,9.2664,N/A,N/A,1.2067,N/A,8.49,7.664,53.8575,N/A,2.7769,1.4249,3.0714,1.412,7.6559,9.7125,15169.68,4.7545,76.8535,1343.43,16.8711,4.121,1.6045,56.355,1.6111,40.832,13.7517,
2014-10-30,1.2598,137.27,1.9558,N/A,27.729,7.4449,N/A,0.7872,308.82,3.4528,N/A,N/A,4.2168,N/A,4.4175,9.271,N/A,N/A,1.2059,N/A,8.4605,7.6615,53.0991,N/A,2.7888,1.4311,3.0453,1.4074,7.7032,9.7706,15305.96,4.7532,77.3946,1330.35,16.9467,4.1396,1.6134,56.541,1.6105,41.025,13.7374,
2014-10-29,1.2737,137.75,1.9558,N/A,27.784,7.4445,N/A,0.79095,309.05,3.4528,N/A,N/A,4.2252,N/A,4.4245,9.3294,N/A,N/A,1.2059,N/A,8.4675,7.665,54.6031,N/A,2.8029,1.4334,3.0902,1.4192,7.7842,9.8778,15405.88,4.7749,78.0619,1333.04,17.1338,4.1653,1.6035,56.982,1.6196,41.353,13.8447,
2014-10-28,1.2748,137.45,1.9558,N/A,27.749,7.444,N/A,0.7881,309.26,3.4528,N/A,N/A,4.2318,N/A,4.4233,9.363,N/A,N/A,1.2056,N/A,8.4415,7.663,54.149,N/A,2.8261,1.437,3.1687,1.4287,7.7935,9.8893,15457.56,4.7918,78.0592,1336.25,17.2117,4.1716,1.6039,57.08,1.6227,41.348,13.8886,
2014-10-27,1.2679,136.76,1.9558,N/A,27.705,7.4445,N/A,0.7871,308.78,3.4528,N/A,N/A,4.2236,N/A,4.426,9.2568,N/A,N/A,1.206,N/A,8.395,7.6747,53.608,N/A,2.837,1.4422,3.215,1.4261,7.7547,9.8355,15375.22,4.805,77.7286,1334.29,17.213,4.1543,1.6105,56.792,1.6177,41.118,13.9078,
2014-10-24,1.2659,136.64,1.9558,N/A,27.695,7.4452,N/A,0.7887,308.65,3.4528,N/A,N/A,4.2235,N/A,4.423,9.1881,N/A,N/A,1.206,N/A,8.34,7.673,53.133,N/A,2.8332,1.4396,3.1541,1.4191,7.7426,9.8206,15286.41,4.7906,77.4541,1338.21,17.1406,4.1496,1.6116,56.69,1.6158,41.025,13.8878,
2014-10-23,1.2669,136.42,1.9558,N/A,27.69,7.4462,N/A,0.7904,307.4,3.4528,N/A,N/A,4.229,N/A,4.4245,9.1869,N/A,N/A,1.2067,N/A,8.309,7.6733,52.6736,N/A,2.8336,1.4404,3.1596,1.4208,7.7542,9.8279,15257.82,4.7737,77.5153,1339.01,17.1095,4.144,1.6115,56.775,1.6134,40.993,13.8557,
2014-10-22,1.2693,135.79,1.9558,N/A,27.683,7.4468,N/A,0.7909,306.17,3.4528,N/A,N/A,4.2246,N/A,4.4175,9.2118,N/A,N/A,1.2062,N/A,8.3815,7.6698,52.143,N/A,2.8489,1.443,3.1532,1.4242,7.7672,9.8452,15235.87,4.7497,77.7142,1334.58,17.1803,4.1411,1.5916,56.821,1.6114,41.017,14.009,
2014-10-21,1.2762,136.2,1.9558,N/A,27.613,7.447,N/A,0.79,306.38,3.4528,N/A,N/A,4.2184,N/A,4.417,9.2004,N/A,N/A,1.2068,N/A,8.367,7.6665,52.3621,N/A,2.8584,1.4475,3.1766,1.4356,7.8147,9.8987,15308.47,4.7588,78.1047,1345.98,17.2351,4.1648,1.5965,57.147,1.6222,41.196,14.0062,
2014-10-20,1.2773,136.62,1.9558,N/A,27.562,7.447,N/A,0.7914,306.37,3.4528,N/A,N/A,4.2227,N/A,4.4173,9.1969,N/A,N/A,1.2064,N/A,8.39,7.6663,52.4198,N/A,2.873,1.456,3.1318,1.4381,7.821,9.909,15347.29,4.7831,78.2921,1352.67,17.271,4.1774,1.6053,57.306,1.6238,41.263,14.1028,
2014-10-17,1.2823,136.45,1.9558,N/A,27.492,7.446,N/A,0.7955,307.4,3.4528,N/A,N/A,4.2318,N/A,4.4195,9.1532,N/A,N/A,1.2074,N/A,8.3815,7.665,52.3111,N/A,2.8817,1.4597,3.1491,1.4416,7.8546,9.9478,15502.4,4.7586,78.7717,1362.2,17.3136,4.1958,1.614,57.513,1.6326,41.521,14.204,
2014-10-16,1.2749,134.95,1.9558,N/A,27.546,7.4455,N/A,0.797,308.9,3.4528,N/A,N/A,4.2286,N/A,4.43,9.1931,N/A,N/A,1.2061,N/A,8.4565,7.6648,52.404,N/A,2.9017,1.4645,3.1688,1.4446,7.8071,9.8891,15653.93,4.721,78.8628,1358.14,17.375,4.2025,1.6117,57.327,1.6255,41.423,14.2101,
2014-10-15,1.2666,135.5,1.9558,N/A,27.545,7.4453,N/A,0.7957,306.46,3.4528,N/A,N/A,4.2081,N/A,4.4148,9.2003,N/A,N/A,1.2072,N/A,8.38,7.661,51.6883,N/A,2.8772,1.4527,3.0617,1.4405,7.7601,9.824,15483.49,4.7188,77.8009,1345.25,17.0548,4.1489,1.615,56.878,1.6173,41.18,14.0336,
2014-10-14,1.2646,135.29,1.9558,N/A,27.545,7.4445,N/A,0.7945,306.65,3.4528,N/A,N/A,4.2032,N/A,4.4127,9.1585,N/A,N/A,1.2079,N/A,8.29,7.6555,51.6102,N/A,2.8809,1.4475,3.036,1.4223,7.7466,9.8091,15448.97,4.729,77.7236,1347.42,16.9924,4.1376,1.6085,56.747,1.612,41.116,14.0042,
2014-10-13,1.2679,135.95,1.9558,N/A,27.545,7.4439,N/A,0.788,305.51,3.4528,N/A,N/A,4.1916,N/A,4.4008,9.1103,N/A,N/A,1.2077,N/A,8.2295,7.6515,51.3027,N/A,2.8822,1.448,3.0303,1.4216,7.7684,9.8371,15460.12,4.7387,77.3356,1352.15,17.0317,4.1356,1.6107,56.741,1.6115,41.113,14.0093,
2014-10-10,1.2638,136.27,1.9558,N/A,27.493,7.4435,N/A,0.7882,306.84,3.4528,N/A,N/A,4.1835,N/A,4.4058,9.1506,N/A,N/A,1.2092,N/A,8.258,7.6465,51.0952,N/A,2.8836,1.4511,3.058,1.4151,7.7484,9.8066,15464.2,4.7095,77.5152,1358.62,17.0161,4.1172,1.6166,56.611,1.6105,41.028,14.064,
2014-10-09,1.2763,137.37,1.9558,N/A,27.47,7.4435,N/A,0.7875,306.27,3.4528,N/A,N/A,4.1758,N/A,4.4038,9.1262,N/A,N/A,1.2107,N/A,8.191,7.6461,50.9955,N/A,2.8836,1.4408,3.0212,1.418,7.8269,9.8991,15525.58,4.7151,77.8001,1356.7,17.0061,4.1343,1.6081,57.021,1.6185,41.342,14.0531,
2014-10-08,1.2645,136.97,1.9558,N/A,27.48,7.4442,N/A,0.787,307.92,3.4528,N/A,N/A,4.1919,N/A,4.4108,9.1322,N/A,N/A,1.2132,N/A,8.1945,7.644,50.5925,N/A,2.8992,1.4416,3.0246,1.4131,7.7624,9.808,15490.74,4.7167,77.63,1360.58,17.0353,4.1388,1.621,56.673,1.6173,41.238,14.177,
2014-10-07,1.2607,136.9,1.9558,N/A,27.47,7.444,N/A,0.784,307.92,3.4528,N/A,N/A,4.184,N/A,4.406,9.0668,N/A,N/A,1.2115,N/A,8.165,7.644,50.3533,N/A,2.8657,1.4329,3.0562,1.4054,7.7406,9.7765,15425.28,4.6755,77.4385,1348.06,16.9022,4.1158,1.6102,56.472,1.6103,41.129,14.1425,
2014-10-06,1.2565,137.25,1.9558,N/A,27.481,7.4439,N/A,0.78575,308.27,3.4528,N/A,N/A,4.1844,N/A,4.409,9.0773,N/A,N/A,1.212,N/A,8.1575,7.6415,50.0375,N/A,2.8588,1.4381,3.0014,1.4078,7.7149,9.7465,15316.16,4.61,77.25,1341.07,16.8044,4.0996,1.6104,56.276,1.6054,40.986,14.1403,
2014-10-03,1.2616,137.46,1.9558,N/A,27.479,7.4441,N/A,0.78525,309.17,3.4528,N/A,N/A,4.1789,N/A,4.4108,9.1122,N/A,N/A,1.2089,N/A,8.1785,7.639,50.1813,N/A,2.8755,1.4415,3.1441,1.4108,7.7445,9.79,15388.82,4.6172,77.9877,1338.63,16.9048,4.1201,1.6054,56.609,1.609,41.028,14.2021,
2014-10-02,1.2631,137.47,1.9558,N/A,27.495,7.4439,N/A,0.7824,309.71,3.4528,N/A,N/A,4.1761,N/A,4.4109,9.0894,N/A,N/A,1.2085,N/A,8.1475,7.6396,50.034,N/A,2.8749,1.4393,3.1273,1.4067,7.7557,9.8052,15347.27,4.6082,78.0804,1341.7,16.954,4.108,1.6051,56.654,1.6081,40.976,14.1616,
2014-10-01,1.2603,138.53,1.9558,N/A,27.502,7.4437,N/A,0.7782,310.3,3.4528,N/A,N/A,4.1815,N/A,4.4093,9.0932,N/A,N/A,1.2072,N/A,8.142,7.6425,49.9202,N/A,2.8842,1.4496,3.0971,1.4139,7.7382,9.7838,15308.17,4.6196,77.7857,1342.39,16.9372,4.1199,1.6171,56.557,1.6085,40.94,14.2188,
2014-09-30,1.2583,138.11,1.9558,N/A,27.5,7.4431,N/A,0.7773,310.57,3.4528,N/A,N/A,4.1776,N/A,4.4102,9.1465,N/A,N/A,1.2063,N/A,8.119,7.6425,49.7653,N/A,2.8779,1.4442,3.0821,1.4058,7.7262,9.774,15366.97,4.6474,77.8564,1330.34,16.9977,4.1314,1.6209,56.597,1.6063,40.8,14.2606,
2014-09-29,1.2701,138.97,1.9558,N/A,27.54,7.4432,N/A,0.7827,312.18,3.4528,N/A,N/A,4.1827,N/A,4.4125,9.2018,N/A,N/A,1.2071,N/A,8.196,7.6365,50.1927,N/A,2.9047,1.4555,3.1431,1.4172,7.8143,9.8625,15464.08,4.6837,78.2572,1341.86,17.1845,4.144,1.6351,57.248,1.6182,41.132,14.3604,
2014-09-26,1.2732,138.93,1.9558,N/A,27.534,7.4432,N/A,0.7807,311.51,3.4528,N/A,N/A,4.1805,N/A,4.4027,9.2132,N/A,N/A,1.2071,N/A,8.1675,7.629,49.673,N/A,2.8736,1.4483,3.085,1.4148,7.7991,9.8772,15343.94,4.6828,77.9841,1330.36,17.0351,4.1518,1.611,57.134,1.6189,41.133,14.2343,
2014-09-25,1.2712,138.88,1.9558,N/A,27.572,7.4433,N/A,0.7804,310.54,3.4528,N/A,N/A,4.1771,N/A,4.4,9.1836,N/A,N/A,1.2076,N/A,8.145,7.6246,48.952,N/A,2.8684,1.4432,3.0551,1.4136,7.8016,9.8564,15244.83,4.6772,78.0873,1325.85,16.9832,4.1433,1.6006,56.965,1.6152,41.083,14.2561,
2014-09-24,1.2826,139.5,1.9558,N/A,27.497,7.4436,N/A,0.7823,310.22,3.4528,N/A,N/A,4.1695,N/A,4.4022,9.1825,N/A,N/A,1.2077,N/A,8.179,7.6248,48.96,N/A,2.8672,1.446,3.085,1.4207,7.8716,9.9425,15339.21,4.7057,78.2386,1332.05,17.0409,4.156,1.5908,56.995,1.6239,41.337,14.2735,
2014-09-23,1.2892,139.87,1.9558,N/A,27.517,7.4438,N/A,0.786,310.9,3.4528,N/A,N/A,4.1754,N/A,4.4018,9.1725,N/A,N/A,1.2069,N/A,8.1595,7.625,49.7345,N/A,2.8791,1.4481,3.0934,1.4185,7.914,9.9932,15421.92,4.7167,78.5793,1340.4,17.0722,4.1836,1.5882,57.283,1.6333,41.524,14.3063,
2014-09-22,1.2845,140.09,1.9558,N/A,27.543,7.4437,N/A,0.7866,311.95,3.4528,N/A,N/A,4.1816,N/A,4.4043,9.1715,N/A,N/A,1.2069,N/A,8.1475,7.6243,49.5265,N/A,2.8774,1.4481,3.0699,1.4135,7.888,9.9564,15398.32,4.6995,78.2094,1340.29,17.01,4.167,1.5826,57.278,1.6293,41.385,14.2833,
2014-09-19,1.2852,139.84,1.9558,N/A,27.574,7.4444,N/A,0.7865,310.76,3.4528,N/A,N/A,4.1877,N/A,4.402,9.165,N/A,N/A,1.2067,N/A,8.154,7.625,49.4327,N/A,2.861,1.4321,3.0349,1.4109,7.8923,9.9617,15376.27,4.6841,78.1787,1340,16.9743,4.1606,1.5784,57.187,1.6269,41.399,14.176,
2014-09-18,1.2872,140.11,1.9558,N/A,27.518,7.4451,N/A,0.7883,312.27,3.4528,N/A,N/A,4.193,N/A,4.4093,9.1928,N/A,N/A,1.2086,N/A,8.1895,7.6273,49.5097,N/A,2.8745,1.439,3.0605,1.4159,7.9056,9.9775,15477.89,4.6998,78.5745,1345.51,17.0799,4.1898,1.5882,57.43,1.6341,41.588,14.2162,
2014-09-17,1.2956,139.05,1.9558,N/A,27.532,7.4458,N/A,0.7936,313.7,3.4528,N/A,N/A,4.1876,N/A,4.4218,9.2634,N/A,N/A,1.2101,N/A,8.304,7.6255,49.7251,N/A,2.862,1.4302,3.0247,1.4218,7.9546,10.0425,15505.64,4.7268,78.9268,1341.81,17.0802,4.1742,1.5857,57.408,1.6371,41.771,14.184,
2014-09-16,1.2949,138.67,1.9558,N/A,27.555,7.4448,N/A,0.7992,314.35,3.4528,N/A,N/A,4.1956,N/A,4.4145,9.2376,N/A,N/A,1.2085,N/A,8.279,7.62,50.016,N/A,2.8635,1.434,3.0322,1.4297,7.9578,10.037,15483.02,4.7199,79.0867,1341.66,17.126,4.1745,1.5866,57.327,1.6326,41.748,14.1811,
2014-09-15,1.2911,138.48,1.9558,N/A,27.579,7.4442,N/A,0.79495,314.53,3.4528,N/A,N/A,4.198,N/A,4.4139,9.2329,N/A,N/A,1.2099,N/A,8.275,7.62,49.3255,N/A,2.8584,1.4311,3.0186,1.4313,7.9317,10.0071,15438.38,4.6843,78.9211,1341.07,17.0879,4.1706,1.5812,57.253,1.6336,41.683,14.234,
2014-09-12,1.2931,138.72,1.9558,N/A,27.6,7.4437,N/A,0.7966,314.88,3.4528,N/A,N/A,4.1977,N/A,4.4248,9.2308,N/A,N/A,1.2089,N/A,8.2405,7.6248,49.0034,N/A,2.8507,1.4283,2.9828,1.43,7.9312,10.0223,15304.21,4.6975,78.597,1338.42,17.1271,4.1308,1.5835,56.897,1.6314,41.631,14.1961,
2014-09-11,1.2928,138.38,1.9558,N/A,27.635,7.4435,N/A,0.7958,314.8,3.4528,N/A,N/A,4.1986,N/A,4.419,9.1945,N/A,N/A,1.21,N/A,8.2035,7.622,48.567,N/A,2.844,1.4182,2.9671,1.4236,7.9245,10.02,15325.23,4.692,78.8026,1341.49,17.0953,4.1337,1.5794,56.92,1.6346,41.628,14.1981,
2014-09-10,1.2929,137.9,1.9558,N/A,27.724,7.4441,N/A,0.80125,316.13,3.4528,N/A,N/A,4.2032,N/A,4.4248,9.1819,N/A,N/A,1.2072,N/A,8.2005,7.6188,48.212,N/A,2.8505,1.4146,2.9625,1.4213,7.9252,10.0204,15275.61,4.6813,78.8087,1337.49,17.1135,4.1422,1.5724,56.844,1.635,41.6,14.1847,
2014-09-09,1.2902,136.9,1.9558,N/A,27.678,7.445,N/A,0.8005,316.84,3.4528,N/A,N/A,4.203,N/A,4.4205,9.1708,N/A,N/A,1.206,N/A,8.1715,7.6153,47.8535,N/A,2.8371,1.3903,2.9374,1.4163,7.9177,9.9996,15220.97,4.6639,78.1926,1335.06,17.0106,4.12,1.558,56.46,1.6268,41.428,14.0941,
2014-09-08,1.2947,136.32,1.9558,N/A,27.637,7.4456,N/A,0.80235,313.85,3.4528,N/A,N/A,4.177,N/A,4.4095,9.1732,N/A,N/A,1.2069,N/A,8.154,7.625,48.085,N/A,2.8032,1.387,2.9041,1.4119,7.9517,10.0342,15180.23,4.6627,78.004,1328.16,16.912,4.1116,1.559,56.428,1.6248,41.46,13.9193,
2014-09-05,1.2948,136.27,1.9558,N/A,27.596,7.4455,N/A,0.79455,314.16,3.4528,N/A,N/A,4.1932,N/A,4.4024,9.1813,N/A,N/A,1.2064,N/A,8.137,7.6263,47.834,N/A,2.8072,1.3826,2.9079,1.4085,7.9515,10.035,15224.67,4.6705,78.2141,1327.73,17.0195,4.1207,1.5613,56.508,1.6252,41.536,13.9042,
2014-09-04,1.3015,136.89,1.9558,N/A,27.662,7.447,N/A,0.7932,312.44,3.4528,N/A,N/A,4.1854,N/A,4.4015,9.157,N/A,N/A,1.2055,N/A,8.1175,7.62,48.2042,N/A,2.8047,1.3927,2.9176,1.416,7.9896,10.087,15320.8,4.666,78.4199,1325.56,17.0223,4.1325,1.5665,56.716,1.6306,41.699,13.8787,
2014-09-03,1.3151,138.11,1.9558,N/A,27.658,7.4476,N/A,0.79855,314.02,3.4528,N/A,N/A,4.1905,N/A,4.4043,9.1969,N/A,N/A,1.2078,N/A,8.1605,7.621,48.4385,N/A,2.8427,1.4094,2.9397,1.4336,8.0772,10.1923,15472.66,4.7154,79.4518,1341.18,17.2022,4.1844,1.5802,57.395,1.6469,42.14,14.0505,
2014-09-02,1.3115,137.63,1.9558,N/A,27.784,7.4477,N/A,0.7933,315.49,3.4528,N/A,N/A,4.2141,N/A,4.4116,9.2018,N/A,N/A,1.2072,N/A,8.122,7.6083,49.1505,N/A,2.8511,1.4129,2.9553,1.4307,8.063,10.1645,15407.39,4.6942,79.5949,1335.88,17.2207,4.1766,1.5746,57.333,1.6441,42.097,14.0767,
2014-09-01,1.3133,136.97,1.9558,N/A,27.738,7.4494,N/A,0.79025,314.25,3.4528,N/A,N/A,4.2082,N/A,4.396,9.1921,N/A,N/A,1.2072,N/A,8.133,7.6135,48.9815,N/A,2.8367,1.4059,2.9375,1.4266,8.0679,10.1783,15390.36,4.6992,79.5006,1330.2,17.1822,4.1495,1.566,57.115,1.6404,41.993,14.0027,
2014-08-29,1.3188,137.11,1.9558,N/A,27.725,7.452,N/A,0.7953,315.02,3.4528,N/A,N/A,4.2171,N/A,4.4065,9.1658,N/A,N/A,1.2061,N/A,8.1465,7.621,48.7406,N/A,2.8506,1.4123,2.96,1.4314,8.1018,10.2208,15437.61,4.7057,79.81,1337.97,17.2664,4.1648,1.5752,57.583,1.6456,42.141,14.019,
2014-08-28,1.3178,136.68,1.9558,N/A,27.775,7.4519,N/A,0.7945,313.91,3.4528,N/A,N/A,4.2145,N/A,4.4025,9.199,N/A,N/A,1.206,N/A,8.1525,7.6318,48.447,N/A,2.8549,1.4079,2.9732,1.429,8.0934,10.2131,15439.93,4.6909,79.8982,1338.21,17.2675,4.161,1.5717,57.645,1.6459,42.12,14.041,
2014-08-27,1.3177,136.88,1.9558,N/A,27.75,7.4539,N/A,0.794,312.55,3.4528,N/A,N/A,4.1967,N/A,4.3976,9.1608,N/A,N/A,1.2068,N/A,8.1555,7.6308,47.4986,N/A,2.8425,1.4102,2.9722,1.4372,8.0952,10.2123,15389.55,4.7071,79.6565,1336.71,17.2217,4.1459,1.5735,57.53,1.6433,42.056,14.0324,
2014-08-26,1.3192,137.15,1.9558,N/A,27.841,7.4547,N/A,0.79605,313.16,3.4528,N/A,N/A,4.1828,N/A,4.4,9.1563,N/A,N/A,1.2086,N/A,8.146,7.627,47.684,N/A,2.8615,1.4157,3.0136,1.4465,8.1265,10.2243,15432.59,4.7141,79.8327,1341.15,17.2974,4.165,1.583,57.801,1.6474,42.114,14.0825,
2014-08-25,1.32,137.13,1.9558,N/A,27.833,7.4552,N/A,0.79567,312.96,3.4528,N/A,N/A,4.1785,N/A,4.3952,9.1489,N/A,N/A,1.2087,N/A,8.1515,7.6308,47.7272,N/A,2.8758,1.4175,3.0069,1.4457,8.1242,10.2303,15462.78,4.6722,79.9326,1346.49,17.3243,4.1746,1.5787,57.881,1.6492,42.219,14.1174,
2014-08-22,1.3267,137.7,1.9558,N/A,27.838,7.4553,N/A,0.8003,313.5,3.4528,N/A,N/A,4.1863,N/A,4.4108,9.1532,N/A,N/A,1.21,N/A,8.1495,7.6285,48.049,N/A,2.8966,1.4248,3.0177,1.4537,8.1624,10.2822,15494.08,4.6738,80.2952,1351.3,17.3944,4.1981,1.5767,58.251,1.6555,42.395,14.2172,
2014-08-21,1.3262,137.71,1.9558,N/A,27.814,7.4556,N/A,0.79925,314.18,3.4528,N/A,N/A,4.1891,N/A,4.413,9.1695,N/A,N/A,1.2109,N/A,8.163,7.6243,48.1708,N/A,2.891,1.4283,2.9979,1.454,8.1613,10.2781,15499.54,4.6894,80.4619,1356.31,17.3845,4.2064,1.5829,58.137,1.6581,42.412,14.1937,
2014-08-20,1.3284,137.23,1.9558,N/A,27.928,7.456,N/A,0.7981,313.25,3.4528,N/A,N/A,4.1828,N/A,4.422,9.1651,N/A,N/A,1.2106,N/A,8.2035,7.6195,48.1988,N/A,2.8866,1.4295,2.9932,1.4549,8.1562,10.2959,15565.29,4.6917,80.645,1358.26,17.3788,4.207,1.5836,58.25,1.6594,42.461,14.1898,
2014-08-19,1.3354,137.12,1.9558,N/A,28.004,7.4561,N/A,0.80265,313.48,3.4528,N/A,N/A,4.1893,N/A,4.4313,9.1529,N/A,N/A,1.2104,N/A,8.1975,7.6076,48.3057,N/A,2.8929,1.4298,3.0211,1.4568,8.2022,10.3499,15596.14,4.7027,81.1032,1359.96,17.4323,4.2165,1.5787,58.259,1.6628,42.546,14.1996,
2014-08-18,1.3383,137.22,1.9558,N/A,27.9,7.4555,N/A,0.8002,313.88,3.4528,N/A,N/A,4.1883,N/A,4.4354,9.1633,N/A,N/A,1.2107,N/A,8.2315,7.621,48.232,N/A,2.9014,1.436,3.0191,1.4559,8.2267,10.3728,15638.88,4.6899,81.435,1361.82,17.4728,4.2246,1.5766,58.429,1.6659,42.601,14.2015,
2014-08-15,1.3388,137.33,1.9558,N/A,27.882,7.4556,N/A,0.80215,312.89,3.4528,N/A,N/A,4.1805,N/A,4.4399,9.1542,N/A,N/A,1.2114,N/A,8.2205,7.625,48.1435,N/A,2.8918,1.4362,3.0283,1.4593,8.2372,10.3765,15643.29,4.6684,81.4881,1362.35,17.467,4.2232,1.5755,58.423,1.6656,42.67,14.1087,
2014-08-14,1.3373,136.99,1.9558,N/A,27.845,7.4554,N/A,0.8016,312.73,3.4528,N/A,N/A,4.1799,N/A,4.4333,9.1842,N/A,N/A,1.2124,N/A,8.226,7.627,48.0355,N/A,2.8836,1.4354,3.0463,1.4565,8.2287,10.3655,15612.96,4.6411,81.3513,1364.74,17.528,4.2411,1.573,58.274,1.666,42.625,14.1157,
2014-08-13,1.336,136.89,1.9558,N/A,27.839,7.4556,N/A,0.7997,314.08,3.4528,N/A,N/A,4.1945,N/A,4.4361,9.1884,N/A,N/A,1.2135,N/A,8.2375,7.632,48.4324,N/A,2.883,1.4375,3.0374,1.4593,8.2216,10.3555,15621.81,4.6684,81.83,1376.14,17.5363,4.2658,1.5825,58.69,1.6701,42.749,14.1787,
2014-08-12,1.3346,136.49,1.9558,N/A,27.845,7.4555,N/A,0.7955,314.44,3.4528,N/A,N/A,4.206,N/A,4.4378,9.1817,N/A,N/A,1.2138,N/A,8.2425,7.6328,48.2382,N/A,2.8893,1.4406,3.0458,1.4614,8.217,10.345,15596.35,4.6533,81.811,1372.34,17.6134,4.2671,1.5835,58.62,1.6693,42.842,14.2288,
2014-08-11,1.3386,136.72,1.9558,N/A,27.852,7.4556,N/A,0.7976,313.68,3.4528,N/A,N/A,4.1991,N/A,4.4385,9.1941,N/A,N/A,1.2134,N/A,8.279,7.6481,48.295,N/A,2.8783,1.4443,3.0476,1.4663,8.2387,10.3774,15674.42,4.6453,81.8355,1379.21,17.7083,4.282,1.582,58.816,1.6731,42.97,14.3043,
2014-08-08,1.3388,136.45,1.9558,N/A,27.825,7.455,N/A,0.7967,313.72,3.4528,N/A,N/A,4.201,N/A,4.4435,9.244,N/A,N/A,1.2137,N/A,8.36,7.647,48.579,N/A,2.892,1.4419,3.0632,1.4614,8.2446,10.3772,15766.43,4.6438,81.9212,1381.25,17.7284,4.2843,1.5791,58.876,1.6751,43.022,14.3352,
2014-08-07,1.3368,136.76,1.9558,N/A,27.853,7.4556,N/A,0.794,315.8,3.4528,N/A,N/A,4.2038,N/A,4.4409,9.2334,N/A,N/A,1.215,N/A,8.37,7.652,48.6417,N/A,2.89,1.4414,3.0406,1.4615,8.2359,10.3613,15769.21,4.6172,81.8556,1385.3,17.6959,4.2875,1.5783,58.798,1.673,43.139,14.3322,
2014-08-06,1.3345,136.58,1.9558,N/A,27.834,7.4557,N/A,0.79285,316.06,3.4528,N/A,N/A,4.2045,N/A,4.442,9.2454,N/A,N/A,1.2152,N/A,8.4105,7.6463,48.3508,N/A,2.8874,1.4329,3.0584,1.4643,8.2245,10.3414,15749.29,4.5716,82.045,1381.98,17.7502,4.2704,1.5795,58.662,1.6681,43.06,14.3597,
2014-08-05,1.3382,137.46,1.9558,N/A,27.668,7.4557,N/A,0.7939,314.86,3.4528,N/A,N/A,4.1747,N/A,4.4308,9.2066,N/A,N/A,1.2175,N/A,8.3865,7.646,47.9809,N/A,2.8518,1.4365,3.0355,1.4655,8.2578,10.3711,15669.57,4.5687,81.4696,1380.61,17.6826,4.2655,1.5726,58.296,1.6681,43.01,14.3004,
2014-08-04,1.3422,137.72,1.9558,N/A,27.645,7.4556,N/A,0.7972,313.4,3.4528,N/A,N/A,4.1716,N/A,4.435,9.2563,N/A,N/A,1.2167,N/A,8.4285,7.646,48.0252,N/A,2.8658,1.4408,3.0264,1.466,8.2939,10.4021,15782.86,4.5889,81.787,1386.25,17.705,4.2977,1.5771,58.709,1.6732,43.173,14.3492,
2014-08-01,1.3395,137.92,1.9558,N/A,27.638,7.4557,N/A,0.7961,314.49,3.4528,N/A,N/A,4.1888,N/A,4.4378,9.2205,N/A,N/A,1.2163,N/A,8.439,7.64,47.9648,N/A,2.8795,1.4431,3.0546,1.4635,8.2774,10.3811,15822.45,4.5907,82.025,1389.24,17.7517,4.3025,1.5801,58.78,1.6721,43.2,14.4015,
2014-07-31,1.3379,137.66,1.9558,N/A,27.57,7.4564,N/A,0.7928,312.96,3.4528,N/A,N/A,4.1691,N/A,4.4281,9.2261,N/A,N/A,1.2169,N/A,8.405,7.636,47.522,N/A,2.8551,1.4396,3.0156,1.461,8.2621,10.3689,15490.58,4.5898,81.017,1378.5,17.6355,4.2769,1.5761,58.211,1.6681,42.959,14.2861,
2014-07-30,1.3401,137.05,1.9558,N/A,27.509,7.4567,N/A,0.7917,311.14,3.4528,N/A,N/A,4.1516,N/A,4.4015,9.2272,N/A,N/A,1.2165,N/A,8.377,7.6418,47.767,N/A,2.8504,1.431,2.9963,1.4572,8.271,10.3859,15511.94,4.5924,80.5256,1373.22,17.5305,4.2651,1.5746,58.162,1.6667,42.757,14.2273,
2014-07-29,1.3429,137.04,1.9558,N/A,27.49,7.4568,N/A,0.7924,310.26,3.4528,N/A,N/A,4.1516,N/A,4.4028,9.1801,N/A,N/A,1.2152,N/A,8.362,7.645,47.8542,N/A,2.8259,1.4303,2.9905,1.4529,8.2996,10.4081,15568.64,4.6026,80.805,1376.76,17.4762,4.263,1.5776,58.285,1.6674,42.731,14.2225,
2014-07-28,1.3433,136.74,1.9558,N/A,27.481,7.4565,N/A,0.79055,308.2,3.4528,N/A,N/A,4.1437,N/A,4.3888,9.1523,N/A,N/A,1.215,N/A,8.3365,7.6372,47.5507,N/A,2.8204,1.4275,2.9952,1.452,8.311,10.4107,15550.26,4.6056,80.6813,1379.01,17.4092,4.2679,1.5703,58.246,1.6674,42.72,14.1523,
2014-07-25,1.344,136.97,1.9558,N/A,27.482,7.4568,N/A,0.79115,308.06,3.4528,N/A,N/A,4.1435,N/A,4.3973,9.1661,N/A,N/A,1.2152,N/A,8.3395,7.633,47.1871,N/A,2.8145,1.4289,2.9968,1.4472,8.3272,10.416,15561.78,4.6004,80.7677,1380.11,17.4162,4.2655,1.5728,58.199,1.6682,42.78,14.1489,
2014-07-24,1.3472,136.97,1.9558,N/A,27.48,7.4573,N/A,0.79215,307.76,3.4528,N/A,N/A,4.1408,N/A,4.4068,9.2102,N/A,N/A,1.2152,N/A,8.361,7.625,47.108,N/A,2.8194,1.4272,2.9884,1.4449,8.3464,10.4412,15585.25,4.5846,81.0071,1385.96,17.4368,4.2827,1.5679,58.349,1.6688,42.891,14.138,
2014-07-23,1.3465,136.51,1.9558,N/A,27.454,7.4569,N/A,0.7908,307.15,3.4528,N/A,N/A,4.134,N/A,4.4228,9.2016,N/A,N/A,1.215,N/A,8.3235,7.621,46.9397,N/A,2.8204,1.4248,2.9864,1.4436,8.3475,10.4362,15473.21,4.5921,80.8573,1378.93,17.4173,4.2654,1.5501,58.183,1.6674,42.813,14.1759,
2014-07-22,1.3481,136.93,1.9558,N/A,27.485,7.4567,N/A,0.7905,309.63,3.4528,N/A,N/A,4.1473,N/A,4.4396,9.2414,N/A,N/A,1.2151,N/A,8.344,7.617,47.083,N/A,2.8574,1.4368,2.9966,1.4502,8.3655,10.4499,15631.21,4.6043,81.1826,1382.35,17.4926,4.2805,1.5564,58.495,1.673,42.867,14.3199,
2014-07-21,1.3518,136.97,1.9558,N/A,27.468,7.4567,N/A,0.7915,309.56,3.4528,N/A,N/A,4.1511,N/A,4.4445,9.2592,N/A,N/A,1.2144,N/A,8.3975,7.6165,47.4681,N/A,2.8662,1.4407,3.0101,1.4524,8.3956,10.4789,15605.95,4.6272,81.5203,1388.26,17.5369,4.2883,1.5553,58.687,1.6774,43.145,14.3647,
2014-07-18,1.3525,137.07,1.9558,N/A,27.433,7.457,N/A,0.79155,310.05,3.4528,N/A,N/A,4.1476,N/A,4.4394,9.2282,N/A,N/A,1.2144,N/A,8.3575,7.616,47.4,N/A,2.875,1.4407,3.0228,1.4533,8.3971,10.4835,15716.88,4.6308,81.6099,1392.53,17.5189,4.3032,1.558,58.792,1.6789,43.463,14.4211,
2014-07-17,1.3525,137.27,1.9558,N/A,27.44,7.4569,N/A,0.7909,310.48,3.4528,N/A,N/A,4.144,N/A,4.4437,9.247,N/A,N/A,1.2147,N/A,8.3825,7.6205,47.259,N/A,2.876,1.4426,3.0175,1.4537,8.392,10.4831,15799.64,4.613,81.3833,1390.59,17.5047,4.2985,1.5569,58.899,1.6794,43.505,14.5073,
2014-07-16,1.3532,137.73,1.9558,N/A,27.446,7.4566,N/A,0.7903,309.13,3.4528,N/A,N/A,4.1373,N/A,4.4361,9.2495,N/A,N/A,1.2156,N/A,8.385,7.622,46.551,N/A,2.8711,1.448,3.0047,1.4564,8.3976,10.4881,15832.67,4.6129,81.3003,1393.23,17.5179,4.3154,1.5548,59.01,1.6816,43.453,14.4569,
2014-07-15,1.3613,138.28,1.9558,N/A,27.431,7.4567,N/A,0.7931,309.2,3.4528,N/A,N/A,4.1408,N/A,4.4235,9.2564,N/A,N/A,1.2142,N/A,8.4305,7.621,46.7311,N/A,2.8878,1.4522,3.0166,1.4611,8.4448,10.5501,15991.34,4.6354,81.8277,1397.96,17.652,4.3451,1.5465,59.389,1.6905,43.751,14.537,
2014-07-14,1.3627,138.29,1.9558,N/A,27.439,7.4568,N/A,0.7966,309.68,3.4528,N/A,N/A,4.1388,N/A,4.418,9.2482,N/A,N/A,1.2139,N/A,8.41,7.613,46.7905,N/A,2.8881,1.45,3.0231,1.4619,8.4566,10.5611,15903.49,4.6662,81.8301,1388.46,17.696,4.336,1.5457,59.215,1.6897,43.784,14.5806,
2014-07-11,1.3595,137.75,1.9558,N/A,27.44,7.4557,N/A,0.7941,310.15,3.4528,N/A,N/A,4.1427,N/A,4.4165,9.2176,N/A,N/A,1.2143,N/A,8.377,7.6155,46.4237,N/A,2.8856,1.4463,3.0251,1.4466,8.4353,10.5363,15756.32,4.6637,81.5686,1385.87,17.6718,4.3319,1.5417,59.161,1.6865,43.715,14.5806,
2014-07-10,1.3604,137.87,1.9558,N/A,27.44,7.4553,N/A,0.79505,310.4,3.4528,N/A,N/A,4.142,N/A,4.3956,9.2168,N/A,N/A,1.2143,N/A,8.377,7.612,46.3325,N/A,2.8997,1.452,3.0238,1.4515,8.4401,10.5431,15753.59,4.6643,81.9043,1380.61,17.7042,4.3326,1.5451,59.204,1.6911,43.786,14.6176,
2014-07-09,1.3603,138.38,1.9558,N/A,27.433,7.4552,N/A,0.79555,309.13,3.4528,N/A,N/A,4.1284,N/A,4.3903,9.2585,N/A,N/A,1.2158,N/A,8.4035,7.6068,46.403,N/A,2.8927,1.4486,3.0133,1.4506,8.4343,10.5426,15816.01,4.6676,81.2983,1377.32,17.6839,4.318,1.5466,58.945,1.6906,43.844,14.562,
2014-07-08,1.3589,138.26,1.9558,N/A,27.437,7.4556,N/A,0.79385,308.86,3.4528,N/A,N/A,4.1344,N/A,4.3893,9.2977,N/A,N/A,1.2155,N/A,8.3965,7.6018,46.5133,N/A,2.8902,1.4459,3.0196,1.4508,8.428,10.5317,15801.68,4.6599,81.2529,1375.88,17.6589,4.3102,1.548,58.971,1.6898,44.011,14.529,
2014-07-07,1.3592,138.53,1.9558,N/A,27.434,7.4562,N/A,0.79385,310.58,3.4528,N/A,N/A,4.1432,N/A,4.3876,9.3098,N/A,N/A,1.2155,N/A,8.402,7.5915,46.9781,N/A,2.8967,1.4522,3.0137,1.4466,8.4325,10.5342,15916.64,4.6509,81.5757,1375.1,17.6417,4.3353,1.5547,59.145,1.6944,44.051,14.6821,
2014-07-04,1.3588,138.67,1.9558,N/A,27.444,7.4566,N/A,0.7926,310.28,3.4528,N/A,N/A,4.1394,N/A,4.3895,9.3129,N/A,N/A,1.216,N/A,8.4115,7.589,46.745,N/A,2.8939,1.4529,3.0089,1.4451,8.4314,10.5311,16091.5,4.6445,81.1679,1372.56,17.6284,4.3291,1.5548,59.089,1.6928,44.009,14.6051,
2014-07-03,1.3646,139.06,1.9558,N/A,27.439,7.4569,N/A,0.7965,311.39,3.4528,N/A,N/A,4.1471,N/A,4.3888,9.3286,N/A,N/A,1.2147,N/A,8.481,7.5875,46.705,N/A,2.9102,1.4552,3.0388,1.453,8.4769,10.577,16278.74,4.6704,81.3916,1376.98,17.7357,4.3596,1.5563,59.467,1.7008,44.212,14.7099,
2014-07-02,1.3656,138.65,1.9558,N/A,27.432,7.4563,N/A,0.7958,311.1,3.4528,N/A,N/A,4.1456,N/A,4.3864,9.1574,N/A,N/A,1.2137,N/A,8.425,7.5865,46.756,N/A,2.9053,1.4447,3.0113,1.4535,8.4816,10.5835,16272.8,4.6774,81.3283,1377.92,17.6777,4.3706,1.5568,59.538,1.7013,44.204,14.6314,
2014-07-01,1.3688,138.98,1.9558,N/A,27.433,7.4557,N/A,0.7981,310.43,3.4528,N/A,N/A,4.1582,N/A,4.3881,9.16,N/A,N/A,1.2138,N/A,8.438,7.58,46.895,N/A,2.9066,1.4479,3.0349,1.4587,8.4883,10.6083,16251.94,4.692,82.2307,1384.55,17.7759,4.3893,1.5624,59.764,1.7054,44.367,14.5848,
2014-06-30,1.3658,138.44,1.9558,N/A,27.453,7.4557,N/A,0.8015,309.3,3.4528,N/A,N/A,4.1568,N/A,4.383,9.1762,N/A,N/A,1.2156,N/A,8.4035,7.576,46.3779,N/A,2.8969,1.4537,3.0002,1.4589,8.4722,10.5858,16248.15,4.696,82.2023,1382.04,17.7124,4.3856,1.5626,59.652,1.7047,44.323,14.4597,
2014-06-27,1.362,138.09,1.9558,N/A,27.459,7.4571,N/A,0.79965,308.59,3.4528,N/A,N/A,4.1522,N/A,4.3882,9.1962,N/A,N/A,1.2162,N/A,8.368,7.573,45.8969,N/A,2.8944,1.446,2.9905,1.4556,8.4689,10.5573,16368.96,4.6708,81.863,1380.96,17.7087,4.3754,1.5542,59.66,1.7015,44.221,14.4394,
2014-06-26,1.3606,138.49,1.9558,N/A,27.447,7.4559,N/A,0.7991,307.9,3.4528,N/A,N/A,4.1431,N/A,4.387,9.1841,N/A,N/A,1.2164,N/A,8.3565,7.5728,45.8775,N/A,2.9,1.446,3.0112,1.4577,8.4696,10.5475,16469.46,4.6666,81.8809,1382.84,17.7164,4.3809,1.5531,59.599,1.7015,44.191,14.4987,
2014-06-25,1.3615,138.73,1.9558,N/A,27.435,7.455,N/A,0.80225,307.23,3.4528,N/A,N/A,4.1504,N/A,4.3925,9.1734,N/A,N/A,1.2168,N/A,8.3585,7.5765,45.9875,N/A,2.9135,1.4539,3.0133,1.462,8.4884,10.5537,16458.09,4.6832,81.8704,1387.97,17.7689,4.3902,1.5652,59.714,1.7028,44.208,14.4494,
2014-06-24,1.3618,138.8,1.9558,N/A,27.443,7.4548,N/A,0.8015,305.73,3.4528,N/A,N/A,4.154,N/A,4.3865,9.1516,N/A,N/A,1.2173,N/A,8.3035,7.5763,46.055,N/A,2.9065,1.449,3.0212,1.4615,8.4852,10.5561,16328.71,4.6792,81.8714,1387,17.73,4.3761,1.5639,59.788,1.7012,44.154,14.3666,
2014-06-23,1.3596,138.46,1.9558,N/A,27.458,7.4549,N/A,0.7994,305.25,3.4528,N/A,N/A,4.1498,N/A,4.3969,9.1283,N/A,N/A,1.2167,N/A,8.324,7.5766,46.5038,N/A,2.9044,1.4405,3.0261,1.4594,8.4643,10.5385,16297.11,4.6942,81.7874,1385.25,17.6486,4.3691,1.5573,59.606,1.6972,44.131,14.4086,
2014-06-20,1.3588,138.68,1.9558,N/A,27.433,7.4561,N/A,0.7975,305.71,3.4528,N/A,N/A,4.1606,N/A,4.3953,9.149,N/A,N/A,1.2169,N/A,8.342,7.575,46.6935,N/A,2.9121,1.4456,3.0331,1.4694,8.46,10.5322,16266.76,4.6833,81.7909,1386.93,17.6787,4.3801,1.5623,59.465,1.699,44.097,14.5523,
2014-06-19,1.362,138.82,1.9558,N/A,27.435,7.4564,N/A,0.79985,305.31,3.4528,N/A,N/A,4.1326,N/A,4.394,9.0885,N/A,N/A,1.217,N/A,8.314,7.5755,46.694,N/A,2.9025,1.4478,3.0426,1.4749,8.4881,10.5566,16254.03,4.6889,81.7677,1387.13,17.6774,4.3813,1.5622,59.588,1.7003,44.33,14.5054,
2014-06-18,1.3563,138.65,1.9558,N/A,27.481,7.4563,N/A,0.8005,307.36,3.4528,N/A,N/A,4.1444,N/A,4.3987,9.007,N/A,N/A,1.218,N/A,8.1695,7.578,46.8889,N/A,2.9086,1.4525,3.0657,1.4742,8.4506,10.5132,16251.79,4.6877,81.8256,1386.42,17.7512,4.3852,1.5646,59.782,1.6986,44.093,14.5885,
2014-06-17,1.3568,138.4,1.9558,N/A,27.445,7.4563,N/A,0.7994,307.34,3.4528,N/A,N/A,4.1371,N/A,4.4015,9.0058,N/A,N/A,1.2188,N/A,8.13,7.577,47.1895,N/A,2.8972,1.4492,3.0322,1.4742,8.4491,10.5174,16137.22,4.6867,81.5844,1386.98,17.6906,4.3738,1.5651,59.663,1.6982,44.02,14.5637,
2014-06-16,1.3532,137.81,1.9558,N/A,27.438,7.4571,N/A,0.7974,307.51,3.4528,N/A,N/A,4.1425,N/A,4.3963,9.0005,N/A,N/A,1.2176,N/A,8.119,7.5805,46.9129,N/A,2.8979,1.4426,3.0187,1.4724,8.4248,10.4893,15999.04,4.6804,81.422,1380.77,17.6505,4.365,1.5611,59.436,1.6927,43.781,14.5266,
2014-06-13,1.3534,138.08,1.9558,N/A,27.44,7.4588,N/A,0.7979,306.6,3.4528,N/A,N/A,4.1265,N/A,4.3952,9.0232,N/A,N/A,1.2178,N/A,8.1255,7.5785,46.6002,N/A,2.8752,1.4414,3.0289,1.4683,8.4018,10.4909,15962.62,4.6759,80.913,1379.66,17.6047,4.3576,1.5634,59.382,1.6922,43.858,14.5789,
2014-06-12,1.3528,138.12,1.9558,N/A,27.42,7.4602,N/A,0.8039,305.84,3.4528,N/A,N/A,4.104,N/A,4.391,9.0637,N/A,N/A,1.2174,N/A,8.1085,7.5875,46.452,N/A,2.8498,1.4383,3.0216,1.469,8.4127,10.4863,15945.61,4.6818,80.0114,1375.88,17.5769,4.3493,1.5591,59.164,1.6879,43.905,14.4648,
2014-06-11,1.3547,138.19,1.9558,N/A,27.445,7.4615,N/A,0.807,305.62,3.4528,N/A,N/A,4.1138,N/A,4.3958,9.0467,N/A,N/A,1.2179,N/A,8.1085,7.581,46.5863,N/A,2.846,1.4419,3.0194,1.4749,8.4376,10.5012,16000.89,4.6894,80.3554,1377.96,17.6653,4.354,1.5831,59.363,1.6936,44.041,14.5603,
2014-06-10,1.3547,138.63,1.9558,N/A,27.451,7.4611,N/A,0.8075,304.13,3.4528,N/A,N/A,4.1058,N/A,4.3892,9.0686,N/A,N/A,1.2188,N/A,8.089,7.578,46.5798,N/A,2.8274,1.4458,3.0207,1.4784,8.4329,10.5011,15994.24,4.6902,80.216,1378.02,17.6694,4.3452,1.5909,59.21,1.6938,44.03,14.5132,
2014-06-09,1.3608,139.39,1.9558,N/A,27.451,7.4619,N/A,0.80985,303.34,3.4528,N/A,N/A,4.0997,N/A,4.3879,9.0795,N/A,N/A,1.2193,N/A,8.0997,7.579,46.6685,N/A,2.8325,1.4545,3.0488,1.4861,8.4932,10.5483,16027.08,4.7091,80.405,1382.37,17.5951,4.3518,1.599,59.326,1.7012,44.124,14.4144,
2014-06-06,1.3642,139.71,1.9558,N/A,27.461,7.4621,N/A,0.8108,303.5,3.4528,N/A,N/A,4.1153,N/A,4.3931,9.0674,N/A,N/A,1.2185,N/A,8.1495,7.5808,47.333,N/A,2.8529,1.4613,3.0779,1.4902,8.5271,10.5762,16140.56,4.7237,80.7368,1392.02,17.5402,4.3821,1.6009,59.406,1.7085,44.42,14.5523,
2014-06-05,1.3567,139.24,1.9558,N/A,27.45,7.4626,N/A,0.8103,303.8,3.4528,N/A,N/A,4.1181,N/A,4.392,9.0285,N/A,N/A,1.22,N/A,8.136,7.5758,47.2404,N/A,2.8606,1.4608,3.0873,1.4842,8.4839,10.5181,16046.28,4.7181,80.3058,1385.96,17.4946,4.3758,1.6068,59.29,1.7055,44.319,14.4935,
2014-06-04,1.3627,139.78,1.9558,N/A,27.46,7.4635,N/A,0.813,305.4,3.4528,N/A,N/A,4.1454,N/A,4.4035,9.074,N/A,N/A,1.2204,N/A,8.1655,7.5698,47.93,N/A,2.8876,1.4695,3.106,1.4893,8.518,10.5649,16198.63,4.7464,80.9065,1397.56,17.6444,4.4179,1.6199,59.787,1.7133,44.529,14.6511,
2014-06-03,1.3645,139.64,1.9558,N/A,27.463,7.4638,N/A,0.8147,304.93,3.4528,N/A,N/A,4.148,N/A,4.3968,9.1044,N/A,N/A,1.2216,N/A,8.1815,7.5715,47.8104,N/A,2.8765,1.4731,3.0909,1.4888,8.5337,10.5791,16104.42,4.7439,81.063,1396.84,17.6355,4.4059,1.6122,59.856,1.7135,44.571,14.6422,
2014-06-02,1.3611,138.94,1.9558,N/A,27.482,7.464,N/A,0.8129,302.81,3.4528,N/A,N/A,4.1393,N/A,4.3878,9.1027,N/A,N/A,1.2214,N/A,8.1605,7.577,47.4905,N/A,2.8543,1.4714,3.058,1.4786,8.5043,10.5536,16025.65,4.7325,80.5176,1393.84,17.5248,4.394,1.6073,59.669,1.7093,44.739,14.4684,
2014-05-30,1.3607,138.36,1.9558,N/A,27.471,7.4639,N/A,0.8131,302.81,3.4528,N/A,N/A,4.1411,N/A,4.403,9.0823,N/A,N/A,1.2204,N/A,8.1425,7.586,47.3097,N/A,2.8498,1.4635,3.0315,1.4745,8.5025,10.5491,15927.2,4.7256,80.402,1389.22,17.4833,4.3765,1.6057,59.641,1.7059,44.695,14.2516,
2014-05-29,1.3612,138.34,1.9558,N/A,27.474,7.4639,N/A,0.8145,302.89,3.4528,N/A,N/A,4.1446,N/A,4.3963,9.0255,N/A,N/A,1.221,N/A,8.1106,7.591,47.2055,N/A,2.85,1.4648,3.0363,1.4774,8.4925,10.5535,15815.45,4.7327,80.276,1388.96,17.5023,4.3735,1.6034,59.717,1.7076,44.641,14.1994,
2014-05-28,1.3608,138.73,1.9558,N/A,27.442,7.4631,N/A,0.8125,304,3.4528,N/A,N/A,4.1564,N/A,4.3955,9.032,N/A,N/A,1.2225,N/A,8.102,7.596,46.9764,N/A,2.8616,1.4745,3.0569,1.4781,8.5122,10.5497,15836.99,4.7478,80.1885,1390.72,17.5298,4.3861,1.6039,59.825,1.7096,44.504,14.2843,
2014-05-27,1.3638,139.01,1.9558,N/A,27.433,7.4634,N/A,0.811,303.58,3.4528,N/A,N/A,4.1637,N/A,4.3961,9.0393,N/A,N/A,1.2221,N/A,8.1185,7.594,46.9447,N/A,2.864,1.4737,3.0422,1.4796,8.5228,10.5737,15813.84,4.7429,80.246,1396.31,17.5678,4.3901,1.5954,59.748,1.7135,44.509,14.226,
2014-05-26,1.3635,138.97,1.9558,N/A,27.421,7.4637,N/A,0.8099,302.77,3.4528,N/A,N/A,4.155,N/A,4.4075,9.0371,N/A,N/A,1.221,N/A,8.1245,7.5915,46.6175,N/A,2.8467,1.4761,3.0288,1.4812,8.5071,10.5718,15787.45,4.7584,80.0579,1396.64,17.5305,4.3768,1.5955,59.568,1.7085,44.432,14.109,
2014-05-23,1.363,138.92,1.9558,N/A,27.438,7.4641,N/A,0.80935,303.49,3.4528,N/A,N/A,4.1631,N/A,4.4105,9.06,N/A,N/A,1.221,N/A,8.1305,7.5988,46.5079,N/A,2.8471,1.4782,3.0229,1.4858,8.502,10.5658,15827.76,4.7516,79.7472,1396.88,17.5738,4.3753,1.5957,59.592,1.7074,44.434,14.1149,
2014-05-22,1.3668,138.96,1.9558,N/A,27.443,7.4648,N/A,0.8104,304.1,3.4528,N/A,N/A,4.1765,N/A,4.4082,8.9944,N/A,N/A,1.2215,N/A,8.12,7.608,46.8738,N/A,2.8697,1.4799,3.0258,1.4915,8.5224,10.5973,15756.7,4.7655,79.9031,1400.72,17.6734,4.3904,1.5963,59.575,1.7119,44.521,14.195,
2014-05-21,1.3676,138.18,1.9558,N/A,27.467,7.4649,N/A,0.8094,304.48,3.4528,N/A,N/A,4.1888,N/A,4.4325,9.0008,N/A,N/A,1.2216,N/A,8.139,7.6153,47.0732,N/A,2.8841,1.4819,3.0288,1.4908,8.5253,10.6029,15739.09,4.7761,80.3875,1404.45,17.6564,4.3982,1.5968,59.919,1.7139,44.411,14.2463,
2014-05-20,1.3702,138.88,1.9558,N/A,27.479,7.4646,N/A,0.814,305.46,3.4528,N/A,N/A,4.1893,N/A,4.433,9.0294,N/A,N/A,1.2223,N/A,8.136,7.6175,47.3166,N/A,2.8934,1.4797,3.0362,1.4921,8.547,10.6225,15708.55,4.7522,80.3485,1404.75,17.7229,4.4109,1.5978,59.921,1.716,44.616,14.3419,
2014-05-19,1.3715,138.79,1.9558,N/A,27.474,7.4645,N/A,0.8146,305.38,3.4528,N/A,N/A,4.1868,N/A,4.4319,9.0461,N/A,N/A,1.2228,N/A,8.1355,7.61,47.3682,N/A,2.8791,1.4654,3.0395,1.4904,8.5545,10.6317,15656.47,4.7382,80.2,1401.67,17.7157,4.4036,1.5872,59.862,1.7136,44.534,14.2635,
2014-05-16,1.3696,138.95,1.9558,N/A,27.443,7.4646,N/A,0.8148,305.93,3.4528,N/A,N/A,4.1904,N/A,4.4357,9.0122,N/A,N/A,1.221,N/A,8.1505,7.5938,47.692,N/A,2.8755,1.4633,3.0353,1.4897,8.5379,10.6169,15600.08,4.7398,80.6914,1403.58,17.7336,4.4189,1.5862,60.057,1.7136,44.512,14.2219,
2014-05-15,1.3659,139.17,1.9558,N/A,27.44,7.4644,N/A,0.8152,303.62,3.4528,N/A,N/A,4.1792,N/A,4.4328,8.974,N/A,N/A,1.2227,N/A,8.105,7.591,47.445,N/A,2.8466,1.4589,3.0197,1.4845,8.509,10.5882,15599.43,4.7201,80.9842,1401.78,17.644,4.4064,1.5786,59.797,1.7108,44.333,14.1337,
2014-05-14,1.3719,139.65,1.9558,N/A,27.43,7.4646,N/A,0.8177,304.3,3.4528,N/A,N/A,4.1884,N/A,4.4385,8.999,N/A,N/A,1.2199,N/A,8.1165,7.5893,47.66,N/A,2.8519,1.4597,3.0422,1.4958,8.5453,10.6346,15667.67,4.7414,81.5807,1409.91,17.7335,4.4209,1.5827,59.762,1.7145,44.484,14.1824,
2014-05-13,1.3703,140.25,1.9558,N/A,27.404,7.4639,N/A,0.81395,303.33,3.4528,N/A,N/A,4.1854,N/A,4.4313,8.991,N/A,N/A,1.2201,N/A,8.13,7.589,47.8174,N/A,2.8393,1.4625,3.0359,1.4935,8.5375,10.6222,15783.63,4.7375,81.7015,1401.13,17.7166,4.4377,1.585,59.984,1.7167,44.699,14.1415,
2014-05-12,1.3765,140.31,1.9558,N/A,27.396,7.4642,N/A,0.81515,303.71,3.4528,N/A,N/A,4.1818,N/A,4.4303,9.0155,N/A,N/A,1.2211,N/A,8.1395,7.5803,48.386,N/A,2.8634,1.4684,3.0485,1.4976,8.5851,10.6702,15858.49,4.7594,82.6588,1410.66,17.8126,4.4582,1.5955,60.144,1.7215,44.899,14.2285,
2014-05-09,1.3781,140.14,1.9558,N/A,27.392,7.464,N/A,0.81725,303.98,3.4528,N/A,N/A,4.1823,N/A,4.4298,9.0189,N/A,N/A,1.2186,N/A,8.137,7.5863,48.527,N/A,2.8662,1.4714,3.0506,1.4925,8.5821,10.6826,15841.14,4.7598,82.7205,1413.41,17.8653,4.4492,1.5957,60.161,1.7215,44.934,14.2775,
2014-05-08,1.3953,141.95,1.9558,N/A,27.403,7.4638,N/A,0.8233,304.17,3.4528,N/A,N/A,4.1932,N/A,4.4373,9.0439,N/A,N/A,1.2178,N/A,8.178,7.588,48.955,N/A,2.8975,1.4857,3.0902,1.5175,8.6891,10.8159,16100.46,4.81,83.6385,1426.66,18.0859,4.5357,1.6122,61.316,1.7397,45.326,14.466,
2014-05-07,1.3927,141.68,1.9558,N/A,27.412,7.4641,N/A,0.8207,305.9,3.4528,N/A,N/A,4.1998,N/A,4.4295,9.0497,N/A,N/A,1.2186,N/A,8.2235,7.5863,49.186,N/A,2.9133,1.4909,3.1037,1.5164,8.6833,10.7957,16120.38,4.8047,83.6525,1424.96,18.1319,4.5228,1.6035,61.711,1.7396,45.101,14.636,
2014-05-06,1.3945,141.89,1.9558,N/A,27.438,7.4641,N/A,0.82115,307.03,3.4528,N/A,N/A,4.2019,N/A,4.442,9.0666,N/A,N/A,1.2169,N/A,8.242,7.5863,49.423,N/A,2.9183,1.4932,3.1202,1.5232,8.6829,10.8103,16059.02,4.8068,83.806,1431.82,18.1675,4.5377,1.5909,61.729,1.7387,45.094,14.644,
2014-05-05,1.3874,141.44,1.9558,N/A,27.436,7.4639,N/A,0.82293,308.09,3.4528,N/A,N/A,4.2087,N/A,4.4402,9.0844,N/A,N/A,1.2174,N/A,8.2605,7.5965,49.7115,N/A,2.9132,1.4975,3.0909,1.5242,8.6645,10.7557,15980.13,4.7984,83.38,1427.24,18.0938,4.5177,1.5996,61.739,1.7343,44.882,14.5833,
2014-05-02,1.3862,142.06,1.9558,N/A,27.444,7.4641,N/A,0.8214,307.07,3.4528,N/A,N/A,4.2035,N/A,4.4348,9.0246,N/A,N/A,1.2189,N/A,8.2355,7.6045,49.65,N/A,2.9152,1.4971,3.0894,1.52,8.6772,10.7465,15952.49,4.7911,83.4964,1428.24,18.0622,4.5218,1.6026,61.656,1.7375,44.852,14.543,
2014-04-30,1.385,142.07,1.9558,N/A,27.454,7.4639,N/A,0.823,307.63,3.4528,N/A,N/A,4.2024,N/A,4.4488,9.0723,N/A,N/A,1.22,N/A,8.272,7.6078,49.4644,N/A,2.9328,1.4947,3.1248,1.5191,8.6716,10.7379,16011.07,4.8016,83.4324,1430.35,18.1532,4.5212,1.6187,61.746,1.7407,44.826,14.6293,
2014-04-29,1.3826,142.03,1.9558,N/A,27.434,7.4646,N/A,0.8222,309.18,3.4528,N/A,N/A,4.1994,N/A,4.4497,9.0555,N/A,N/A,1.22,N/A,8.281,7.609,49.157,N/A,2.9321,1.4916,3.0683,1.5167,8.652,10.7196,15967.87,4.8028,83.5436,1423.99,18.0903,4.5059,1.6191,61.448,1.7368,44.643,14.6271,
2014-04-28,1.3861,141.85,1.9558,N/A,27.458,7.4647,N/A,0.8228,309.62,3.4528,N/A,N/A,4.2069,N/A,4.4523,9.052,N/A,N/A,1.2181,N/A,8.3145,7.6065,49.955,N/A,2.954,1.4934,3.1035,1.528,8.6689,10.746,16062.02,4.8196,84.0392,1434.49,18.1815,4.5303,1.622,61.696,1.7407,44.695,14.7439,
2014-04-25,1.3831,141.05,1.9558,N/A,27.46,7.4641,N/A,0.82285,309.6,3.4528,N/A,N/A,4.2028,N/A,4.4506,9.0927,N/A,N/A,1.2194,N/A,8.2845,7.6139,49.8275,N/A,2.9539,1.4883,3.0836,1.5239,8.652,10.7235,16008.8,4.8023,83.9473,1439.73,18.1549,4.5234,1.6106,61.702,1.7388,44.619,14.7444,
2014-04-24,1.382,141.63,1.9558,N/A,27.443,7.4665,N/A,0.823,307.73,3.4528,N/A,N/A,4.1914,N/A,4.4608,9.069,N/A,N/A,1.2203,N/A,8.2785,7.622,49.3237,N/A,2.945,1.4916,3.0621,1.5237,8.6381,10.7151,16044,4.8053,84.4195,1437.95,18.0648,4.5184,1.6126,61.867,1.738,44.746,14.6234,
2014-04-23,1.3834,141.46,1.9558,N/A,27.459,7.4665,N/A,0.8239,307.78,3.4528,N/A,N/A,4.1926,N/A,4.4678,9.0829,N/A,N/A,1.2198,N/A,8.2715,7.6199,49.412,N/A,2.9739,1.4905,3.1039,1.5249,8.627,10.7252,16090.61,4.8255,84.5742,1441.29,18.081,4.5197,1.6125,61.87,1.7391,44.738,14.6724,
2014-04-22,1.3817,141.69,1.9558,N/A,27.481,7.4663,N/A,0.8205,307.05,3.4528,N/A,N/A,4.1906,N/A,4.4667,9.0925,N/A,N/A,1.2214,N/A,8.2615,7.6248,49.3868,N/A,2.9568,1.4753,3.0979,1.5218,8.6175,10.7119,15933.19,4.811,83.9659,1436.07,18.0222,4.5128,1.6057,61.526,1.7357,44.658,14.5917,
2014-04-17,1.3855,141.57,1.9558,N/A,27.502,7.4664,N/A,0.8243,307.73,3.4528,N/A,N/A,4.1937,N/A,4.4633,9.1091,N/A,N/A,1.2175,N/A,8.2824,7.6245,49.7618,N/A,2.9552,1.4822,3.104,1.5253,8.6149,10.7437,15822.52,4.8154,83.582,1439.3,18.0988,4.4861,1.6093,61.439,1.7316,44.591,14.5893,
2014-04-16,1.384,141.55,1.9558,N/A,27.463,7.4664,N/A,0.8239,308.38,3.4528,N/A,N/A,4.1956,N/A,4.4713,9.092,N/A,N/A,1.2169,N/A,8.24,7.6245,49.864,N/A,2.9588,1.4788,3.0827,1.52,8.6124,10.732,15829.21,4.8043,83.5237,1437.17,18.0674,4.4871,1.6098,61.511,1.731,44.641,14.6138,
2014-04-15,1.3803,140.62,1.9558,N/A,27.459,7.4662,N/A,0.8251,307.23,3.4528,N/A,N/A,4.1868,N/A,4.469,9.0902,N/A,N/A,1.2162,N/A,8.2295,7.6207,49.7226,N/A,2.9369,1.4697,3.0621,1.5171,8.5868,10.7028,15770.39,4.7887,83.1389,1437.09,18.0012,4.4777,1.5932,61.424,1.7283,44.555,14.5027,
2014-04-14,1.3827,140.87,1.9558,N/A,27.466,7.4664,N/A,0.8274,307.47,3.4528,N/A,N/A,4.1824,N/A,4.4678,9.0688,N/A,N/A,1.2154,N/A,8.24,7.6215,49.5378,N/A,2.941,1.4692,3.0648,1.5163,8.5997,10.7206,15814.51,4.8008,83.2058,1439.66,18.0491,4.4947,1.5962,61.543,1.7314,44.638,14.5156,
2014-04-11,1.3872,140.69,1.9558,N/A,27.452,7.4662,N/A,0.8291,306.96,3.4528,N/A,N/A,4.1837,N/A,4.4658,9.0754,N/A,N/A,1.2161,N/A,8.2605,7.6188,49.5665,N/A,2.949,1.4772,3.0667,1.5216,8.6151,10.7575,15868.51,4.8117,83.4766,1443.75,18.164,4.4904,1.6003,61.64,1.7342,44.815,14.5728,
2014-04-10,1.3867,141,1.9558,N/A,27.427,7.4662,N/A,0.8272,305.09,3.4528,N/A,N/A,4.1698,N/A,4.4593,9.0518,N/A,N/A,1.218,N/A,8.216,7.6305,49.206,N/A,2.9092,1.4732,3.0442,1.5118,8.6163,10.7512,15830,4.8089,83.4183,1437.35,18.0132,4.4735,1.5944,61.506,1.7317,44.7,14.415,
2014-04-09,1.3794,140.73,1.9558,N/A,27.406,7.466,N/A,0.82375,305.2,3.4528,N/A,N/A,4.1708,N/A,4.4629,8.9953,N/A,N/A,1.2184,N/A,8.2195,7.6325,49.2924,N/A,2.9185,1.4727,3.0459,1.5082,8.5523,10.695,15656.76,4.8002,82.9502,1432.26,18.0025,4.452,1.589,61.534,1.7251,44.52,14.4216,
2014-04-08,1.3774,140.9,1.9558,N/A,27.415,7.4659,N/A,0.8242,305.26,3.4528,N/A,N/A,4.1704,N/A,4.4555,8.9653,N/A,N/A,1.22,N/A,8.236,7.638,48.942,N/A,2.8855,1.476,3.0304,1.5055,8.5353,10.6809,15547.28,4.795,82.8162,1445.29,17.8587,4.4628,1.5885,61.604,1.7263,44.527,14.4149,
2014-04-07,1.3723,141.65,1.9558,N/A,27.444,7.4658,N/A,0.8271,306.5,3.4528,N/A,N/A,4.1746,N/A,4.4655,8.9733,N/A,N/A,1.2202,N/A,8.2405,7.6333,48.9978,N/A,2.9103,1.4818,3.0843,1.5084,8.5266,10.6427,15510.31,4.7905,82.601,1449.08,17.9051,4.4847,1.5983,61.616,1.7314,44.581,14.4744,
2014-04-04,1.37,142.33,1.9558,N/A,27.429,7.4653,N/A,0.8267,306.68,3.4528,N/A,N/A,4.165,N/A,4.4559,8.9598,N/A,N/A,1.2235,N/A,8.2125,7.6385,48.465,N/A,2.929,1.481,3.1074,1.51,8.5109,10.628,15510.85,4.7744,82.47,1444.51,17.9586,4.4939,1.6025,61.579,1.7326,44.598,14.5524,
2014-04-03,1.3771,143.12,1.9558,N/A,27.432,7.4648,N/A,0.8297,307.21,3.4528,N/A,N/A,4.1727,N/A,4.4753,8.9554,N/A,N/A,1.2209,N/A,8.23,7.648,48.937,N/A,2.9493,1.4912,3.1356,1.5172,8.5537,10.6826,15582.21,4.7785,82.867,1456.88,18.0593,4.5223,1.6149,62.021,1.7395,44.726,14.6628,
2014-04-02,1.3795,143.03,1.9558,N/A,27.463,7.4651,N/A,0.828,307.29,3.4528,N/A,N/A,4.1768,N/A,4.4665,8.9049,N/A,N/A,1.219,N/A,8.215,7.6503,48.6943,N/A,2.9286,1.4905,3.1212,1.5191,8.5568,10.7009,15578,4.7894,82.5803,1459.29,18.0183,4.5176,1.6091,61.904,1.7395,44.685,14.6459,
2014-04-01,1.379,142.53,1.9558,N/A,27.449,7.4655,N/A,0.8292,307.79,3.4528,N/A,N/A,4.1779,N/A,4.4654,8.9002,N/A,N/A,1.2178,N/A,8.227,7.6485,48.442,N/A,2.9659,1.4929,3.1338,1.5241,8.5592,10.6971,15595.18,4.7931,82.695,1460.04,18.0263,4.5039,1.5903,61.744,1.738,44.632,14.6168,
2014-03-31,1.3788,142.42,1.9558,N/A,27.442,7.4659,N/A,0.8282,307.18,3.4528,N/A,N/A,4.1719,N/A,4.4592,8.9483,N/A,N/A,1.2194,N/A,8.255,7.6475,48.78,N/A,2.9693,1.4941,3.1276,1.5225,8.5754,10.6973,15663.17,4.8095,82.5784,1465.98,18.0147,4.4976,1.5952,61.726,1.7366,44.709,14.5875,
2014-03-28,1.3759,140.9,1.9558,N/A,27.423,7.4657,N/A,0.8272,308.89,3.4528,N/A,N/A,4.1739,N/A,4.4603,8.9312,N/A,N/A,1.2186,N/A,8.2455,7.654,49.1646,N/A,3.0138,1.4886,3.122,1.5187,8.5474,10.6741,15607.64,4.816,82.9736,1470.08,17.9924,4.4891,1.5863,61.574,1.7345,44.717,14.5839,
2014-03-27,1.3758,140.75,1.9558,N/A,27.41,7.4659,N/A,0.8277,311.69,3.4528,N/A,N/A,4.1795,N/A,4.4742,8.9191,N/A,N/A,1.2187,N/A,8.2655,7.6625,49.0325,N/A,3.0055,1.4899,3.1553,1.5262,8.5445,10.673,15705.09,4.8169,83.0178,1472.86,18.0405,4.5264,1.5895,61.839,1.7402,44.803,14.7295,
2014-03-26,1.3791,141.25,1.9558,N/A,27.459,7.4651,N/A,0.8336,312.27,3.4528,N/A,N/A,4.1803,N/A,4.4717,8.9032,N/A,N/A,1.2216,N/A,8.332,7.6645,48.8965,N/A,3.0445,1.4934,3.1784,1.5398,8.5631,10.6995,15736.96,4.811,82.885,1482.41,18.0986,4.5498,1.6018,61.857,1.7479,44.945,14.7398,
2014-03-25,1.3789,141.22,1.9558,N/A,27.395,7.4647,N/A,0.8348,311.81,3.4528,N/A,N/A,4.1983,N/A,4.4663,8.8576,N/A,N/A,1.2197,N/A,8.34,7.6625,49.3027,N/A,3.0751,1.5069,3.199,1.5413,8.5525,10.6959,15736.58,4.808,83.353,1487.51,18.1256,4.5584,1.6138,62.224,1.7502,44.919,14.8605,
2014-03-24,1.3774,141.05,1.9558,N/A,27.411,7.4647,N/A,0.8354,312.89,3.4528,N/A,N/A,4.1925,N/A,4.4768,8.8624,N/A,N/A,1.2197,N/A,8.3495,7.6615,49.6815,N/A,3.0829,1.5091,3.1957,1.5448,8.532,10.6866,15676.58,4.8114,83.7287,1483.83,18.1705,4.547,1.6118,62.194,1.7516,44.738,14.9449,
2014-03-21,1.378,141.07,1.9558,N/A,27.458,7.4646,N/A,0.8357,312.59,3.4528,N/A,N/A,4.1975,N/A,4.4848,8.8541,N/A,N/A,1.2182,N/A,8.3695,7.6625,50.03,N/A,3.0862,1.5199,3.2138,1.5435,8.5792,10.696,15741.7,4.7914,83.9547,1488.64,18.2695,4.5591,1.6146,62.385,1.7567,44.592,14.9968,
2014-03-20,1.3762,140.85,1.9558,N/A,27.488,7.4643,N/A,0.83455,312.36,3.4528,N/A,N/A,4.2026,N/A,4.4935,8.8576,N/A,N/A,1.219,N/A,8.3705,7.6628,49.704,N/A,3.079,1.5257,3.2295,1.5507,8.5718,10.6845,15819.99,4.7952,84.4058,1489.35,18.2828,4.5365,1.6159,62.322,1.7574,44.754,15.0556,
2014-03-19,1.3913,141.31,1.9558,N/A,27.46,7.4641,N/A,0.8368,310.08,3.4528,N/A,N/A,4.1982,N/A,4.4915,8.8339,N/A,N/A,1.2167,N/A,8.3175,7.6598,49.98,N/A,3.091,1.5269,3.2493,1.5545,8.6212,10.8026,15740.61,4.8167,84.7928,1488.77,18.3039,4.5667,1.6142,62.404,1.7615,44.754,14.9134,
2014-03-18,1.3902,141.1,1.9558,N/A,27.411,7.4639,N/A,0.8383,311.52,3.4528,N/A,N/A,4.2092,N/A,4.505,8.8226,N/A,N/A,1.2162,N/A,8.305,7.658,50.5525,N/A,3.0885,1.5255,3.2726,1.5355,8.6083,10.7971,15718.74,4.811,85.0052,1487.97,18.3367,4.555,1.6138,62.322,1.7583,44.671,14.9281,
2014-03-17,1.3906,141.45,1.9558,N/A,27.411,7.4633,N/A,0.83675,312.3,3.4528,N/A,N/A,4.222,N/A,4.5078,8.8604,N/A,N/A,1.2154,N/A,8.28,7.6583,50.731,N/A,3.0932,1.5311,3.272,1.5393,8.5895,10.7981,15702.84,4.8108,85.2361,1484.94,18.3712,4.557,1.6235,62.081,1.7594,44.843,14.9197,
2014-03-14,1.3884,140.63,1.9558,N/A,27.358,7.4633,N/A,0.83665,314.55,3.4528,N/A,N/A,4.2423,N/A,4.5118,8.8676,N/A,N/A,1.2124,N/A,8.3075,7.6556,50.9305,N/A,3.104,1.5382,3.2849,1.5393,8.5385,10.7816,15731.14,4.8124,84.9562,1487.99,18.4553,4.5541,1.627,62.021,1.7569,44.829,14.94,
2014-03-13,1.3942,143.3,1.9558,N/A,27.355,7.4635,N/A,0.83545,311.7,3.4528,N/A,N/A,4.2231,N/A,4.5059,8.8495,N/A,N/A,1.216,N/A,8.2575,7.6595,50.81,N/A,3.103,1.5372,3.268,1.5428,8.5566,10.826,15887.41,4.8254,85.2972,1488.44,18.3895,4.5646,1.6238,62.099,1.7627,45.061,14.9577,
2014-03-12,1.3887,142.68,1.9558,N/A,27.353,7.4628,N/A,0.8359,313.35,3.4528,N/A,N/A,4.2272,N/A,4.5121,8.8619,N/A,N/A,1.2159,N/A,8.287,7.6565,50.6994,N/A,3.1113,1.5507,3.2785,1.5465,8.5344,10.7844,15927.57,4.818,85.0162,1487.02,18.4385,4.5685,1.6416,61.997,1.7603,45.049,15.1248,
2014-03-11,1.385,143.05,1.9558,N/A,27.35,7.4626,N/A,0.8336,312.75,3.4528,N/A,N/A,4.217,N/A,4.4998,8.8287,N/A,N/A,1.2175,N/A,8.2385,7.6585,50.4281,N/A,3.0859,1.533,3.2489,1.539,8.504,10.7501,15850.27,4.8125,84.421,1475.36,18.3263,4.5434,1.6319,61.547,1.7549,44.718,14.9508,
2014-03-10,1.3881,143.39,1.9558,N/A,27.348,7.4627,N/A,0.8338,312.34,3.4528,N/A,N/A,4.2012,N/A,4.4984,8.8735,N/A,N/A,1.2192,N/A,8.282,7.6555,50.5218,N/A,3.0742,1.5359,3.2354,1.5419,8.5232,10.7733,15856.59,4.8277,84.4555,1480.55,18.3035,4.5575,1.6407,61.769,1.7594,44.945,14.9187,
2014-03-07,1.3894,143.02,1.9558,N/A,27.333,7.463,N/A,0.8285,310,3.4528,N/A,N/A,4.192,N/A,4.4973,8.859,N/A,N/A,1.2191,N/A,8.278,7.6565,50.4997,N/A,3.0483,1.5216,3.2387,1.5261,8.5109,10.782,15821.42,4.8004,84.8382,1475.83,18.2956,4.5246,1.6341,61.57,1.7552,44.833,14.7777,
2014-03-06,1.3745,141.22,1.9558,N/A,27.363,7.4627,N/A,0.8234,309.81,3.4528,N/A,N/A,4.1845,N/A,4.499,8.83,N/A,N/A,1.219,N/A,8.2265,7.6551,49.892,N/A,3.0256,1.5168,3.1856,1.5162,8.4128,10.6672,15742.26,4.785,83.9957,1463.78,18.1314,4.482,1.6206,61.246,1.7376,44.383,14.6388,
2014-03-05,1.3732,140.71,1.9558,N/A,27.353,7.4626,N/A,0.8217,309.48,3.4528,N/A,N/A,4.1795,N/A,4.5097,8.8519,N/A,N/A,1.2186,N/A,8.2305,7.6545,49.43,N/A,3.031,1.5295,3.2156,1.519,8.4158,10.6574,15910.53,4.7906,84.802,1470.67,18.1949,4.4932,1.632,61.498,1.7423,44.349,14.7362,
2014-03-04,1.3768,140.2,1.9558,N/A,27.369,7.4627,N/A,0.8246,311.15,3.4528,N/A,N/A,4.1865,N/A,4.5183,8.8603,N/A,N/A,1.2172,N/A,8.2485,7.6525,49.751,N/A,3.052,1.5392,3.21,1.5244,8.4564,10.6847,15957.11,4.8055,85.1757,1474.47,18.2977,4.5049,1.6411,61.639,1.7469,44.629,14.918,
2014-03-03,1.3768,139.51,1.9558,N/A,27.354,7.4626,N/A,0.82305,312.65,3.4528,N/A,N/A,4.1928,N/A,4.5167,8.8652,N/A,N/A,1.2129,N/A,8.3175,7.6515,50.0835,N/A,3.0576,1.5432,3.2125,1.5278,8.4589,10.6823,15969.5,4.808,85.3905,1473.34,18.2997,4.5222,1.6446,61.604,1.7461,44.818,14.864,
2014-02-28,1.3813,140.63,1.9558,N/A,27.344,7.4625,N/A,0.82625,310.45,3.4528,N/A,N/A,4.1676,N/A,4.5018,8.8525,N/A,N/A,1.2153,N/A,8.275,7.6493,49.9431,N/A,3.0555,1.5414,3.212,1.5357,8.4882,10.7172,16038.85,4.8203,85.3056,1473.27,18.3091,4.5265,1.64,61.674,1.7487,45.068,14.7584,
2014-02-27,1.3656,139.15,1.9558,N/A,27.339,7.4625,N/A,0.82035,310.9,3.4528,N/A,N/A,4.1779,N/A,4.5015,8.9184,N/A,N/A,1.2161,N/A,8.2735,7.6581,49.4042,N/A,3.0364,1.5286,3.2098,1.52,8.3688,10.5954,15930.48,4.8011,84.6467,1460.18,18.2075,4.4793,1.6319,61.041,1.7288,44.453,14.6986,
2014-02-26,1.3726,140.5,1.9558,N/A,27.325,7.4623,N/A,0.8226,310.35,3.4528,N/A,N/A,4.1611,N/A,4.518,8.9287,N/A,N/A,1.2198,N/A,8.307,7.6595,49.4672,N/A,3.0461,1.5288,3.2143,1.523,8.4073,10.6497,15942.91,4.8272,85.2865,1466.34,18.1986,4.4957,1.65,61.227,1.7365,44.681,14.8262,
2014-02-25,1.3754,140.65,1.9558,N/A,27.346,7.4624,N/A,0.82395,309.12,3.4528,N/A,N/A,4.1525,N/A,4.5137,8.9313,N/A,N/A,1.2193,N/A,8.288,7.67,48.995,N/A,3.0369,1.5239,3.2115,1.5233,8.422,10.6715,16013.75,4.8394,85.1421,1476.09,18.232,4.512,1.6508,61.369,1.7395,44.772,14.7691,
2014-02-24,1.3735,140.69,1.9558,N/A,27.362,7.4624,N/A,0.82465,310.24,3.4528,N/A,N/A,4.1578,N/A,4.5098,8.9372,N/A,N/A,1.2209,N/A,8.278,7.6663,48.8393,N/A,2.9945,1.5271,3.2183,1.5243,8.3751,10.653,15994.06,4.8128,85.2446,1475.58,18.2126,4.5104,1.6558,61.336,1.7413,44.711,14.998,
2014-02-21,1.3707,140.5,1.9558,N/A,27.368,7.4625,N/A,0.82183,311.89,3.4528,N/A,N/A,4.1661,N/A,4.5222,8.9953,N/A,N/A,1.2195,N/A,8.367,7.6685,49.0415,N/A,3.0097,1.5283,3.2577,1.5304,8.3495,10.6313,16097.5,4.8062,85.158,1469.53,18.2348,4.5158,1.6558,61.092,1.7376,44.603,15.1355,
2014-02-20,1.3706,139.91,1.9558,N/A,27.382,7.4625,N/A,0.822,313.58,3.4528,N/A,N/A,4.1801,N/A,4.5246,8.9606,N/A,N/A,1.2203,N/A,8.3625,7.6693,49.1162,N/A,3.0292,1.5269,3.2738,1.5189,8.3394,10.6298,16178.08,4.818,85.478,1474.49,18.2701,4.536,1.6555,61.379,1.7352,44.68,15.1857,
2014-02-19,1.3745,140.08,1.9558,N/A,27.43,7.4622,N/A,0.8251,313.26,3.4528,N/A,N/A,4.1734,N/A,4.5008,8.9382,N/A,N/A,1.2214,N/A,8.3185,7.6678,49.142,N/A,3.0102,1.5217,3.3069,1.5051,8.3517,10.6595,16153.51,4.821,85.53,1467.01,18.2472,4.529,1.6515,61.318,1.7335,44.739,15.0484,
2014-02-18,1.3731,140.77,1.9558,N/A,27.392,7.4619,N/A,0.8233,310.18,3.4528,N/A,N/A,4.1538,N/A,4.4903,8.922,N/A,N/A,1.2221,N/A,8.343,7.6628,48.403,N/A,2.9933,1.5212,3.2915,1.5059,8.3323,10.6494,16263.96,4.8223,85.282,1463.53,18.1366,4.5278,1.6522,61.239,1.7315,44.557,14.9064,
2014-02-17,1.3699,139.6,1.9558,N/A,27.396,7.462,N/A,0.81885,308.75,3.4528,N/A,N/A,4.1471,N/A,4.4899,8.8286,N/A,N/A,1.2221,N/A,8.32,7.6565,48.1519,N/A,2.9858,1.5159,3.2752,1.5015,8.3071,10.6238,16144.27,4.8101,84.7386,1452.81,18.1145,4.513,1.6381,60.768,1.7239,44.161,14.8483,
2014-02-14,1.3707,139.48,1.9558,N/A,27.436,7.462,N/A,0.82035,309.05,3.4528,N/A,N/A,4.1495,N/A,4.485,8.8486,N/A,N/A,1.2221,N/A,8.355,7.656,48.084,N/A,2.9962,1.5176,3.2837,1.5017,8.3162,10.6306,16208.53,4.8119,84.908,1453.1,18.1673,4.516,1.6379,61.102,1.7289,44.296,14.9803,
2014-02-13,1.3675,139.42,1.9558,N/A,27.53,7.4619,N/A,0.8215,311.67,3.4528,N/A,N/A,4.1675,N/A,4.4943,8.8106,N/A,N/A,1.2216,N/A,8.3365,7.6555,48.0975,N/A,3.0167,1.5257,3.3189,1.5047,8.2924,10.6063,16389.37,4.7984,85.245,1457.02,18.2725,4.5435,1.6399,61.476,1.7337,44.567,15.1729,
2014-02-12,1.3573,138.89,1.9558,N/A,27.533,7.4621,N/A,0.8216,308.52,3.4528,N/A,N/A,4.1658,N/A,4.4823,8.7718,N/A,N/A,1.2249,N/A,8.332,7.6545,47.2415,N/A,2.977,1.5016,3.2702,1.493,8.2289,10.5274,16401.46,4.7807,84.2951,1441.99,18.0643,4.5096,1.6277,60.827,1.7186,44.191,14.9297,
2014-02-11,1.3676,140,1.9558,N/A,27.53,7.4622,N/A,0.83075,310.1,3.4528,N/A,N/A,4.1825,N/A,4.4768,8.82,N/A,N/A,1.2235,N/A,8.368,7.6545,47.5073,N/A,3.0076,1.5148,3.2895,1.5093,8.2879,10.6072,16609.27,4.8096,85.0904,1457.65,18.16,4.5579,1.6416,61.61,1.733,44.757,15.0272,
2014-02-10,1.3638,139.26,1.9558,N/A,27.547,7.4623,N/A,0.8316,310.88,3.4528,N/A,N/A,4.1803,N/A,4.4748,8.8457,N/A,N/A,1.2234,N/A,8.358,7.6485,47.4027,N/A,3.0251,1.5259,3.2653,1.5063,8.2652,10.5791,16601.28,4.8036,85.0391,1461.48,18.1372,4.5604,1.6488,61.404,1.7318,44.75,15.1679,
2014-02-07,1.3574,138.79,1.9558,N/A,27.503,7.4623,N/A,0.8314,308.81,3.4528,N/A,N/A,4.1875,N/A,4.4825,8.8595,N/A,N/A,1.2237,N/A,8.412,7.6495,47.12,N/A,3.0162,1.5178,3.2395,1.5025,8.231,10.5532,16507.53,4.798,84.727,1459.46,18.1125,4.5295,1.6462,61.081,1.7223,44.612,15.0675,
2014-02-06,1.3495,136.93,1.9558,N/A,27.525,7.462,N/A,0.82875,307.48,3.4528,N/A,N/A,4.188,N/A,4.4705,8.7883,N/A,N/A,1.2224,N/A,8.4,7.6505,46.99,N/A,3.0043,1.5051,3.2431,1.4925,8.177,10.4704,16453.65,4.7862,84.2358,1454.72,17.8802,4.4883,1.6392,60.959,1.7115,44.277,15.039,
2014-02-05,1.3543,136.78,1.9558,N/A,27.535,7.4624,N/A,0.8322,307.59,3.4528,N/A,N/A,4.1944,N/A,4.4546,8.829,N/A,N/A,1.2222,N/A,8.458,7.642,47.2578,N/A,3.0323,1.5174,3.2697,1.4976,8.2073,10.5123,16456.78,4.7922,84.7521,1460.07,18.063,4.4855,1.6469,61.341,1.7177,44.367,15.036,
2014-02-04,1.3519,137.05,1.9558,N/A,27.53,7.4623,N/A,0.82905,309.32,3.4528,N/A,N/A,4.2045,N/A,4.4482,8.8231,N/A,N/A,1.2215,N/A,8.52,7.657,47.4312,N/A,3.0411,1.5195,3.264,1.497,8.1963,10.4969,16496.93,4.7745,84.531,1462.27,18.1121,4.4999,1.657,61.259,1.7152,44.302,15.0304,
2014-02-03,1.3498,137.82,1.9558,N/A,27.527,7.4621,N/A,0.8259,311.76,3.4528,N/A,N/A,4.2242,N/A,4.4938,8.8318,N/A,N/A,1.2226,N/A,8.4525,7.6525,47.473,N/A,3.0533,1.5346,3.2478,1.495,8.1798,10.5609,16521.49,4.7528,84.371,1463.63,17.9892,4.5519,1.6643,61.267,1.7212,44.806,15.0135,
2014-01-31,1.3516,138.13,1.9558,N/A,27.5,7.4619,N/A,0.82135,313.26,3.4528,N/A,N/A,4.2488,N/A,4.4943,8.8509,N/A,N/A,1.222,N/A,8.511,7.6515,47.7482,N/A,3.0742,1.5516,3.2829,1.5131,8.1923,10.4969,16464.58,4.7554,84.688,1464.23,18.1614,4.5245,1.6682,61.36,1.7278,44.599,15.2836,
2014-01-30,1.3574,139.28,1.9558,N/A,27.594,7.4622,N/A,0.8238,310.97,3.4528,N/A,N/A,4.2312,N/A,4.511,8.8347,N/A,N/A,1.2233,N/A,8.468,7.6605,47.8025,N/A,3.0808,1.5459,3.2955,1.5176,8.2302,10.5421,16551.39,4.7416,85.084,1469.53,18.1111,4.5417,1.6624,61.527,1.7323,44.745,15.27,
2014-01-29,1.3608,139.73,1.9558,N/A,27.54,7.4625,N/A,0.8221,307.37,3.4528,N/A,N/A,4.213,N/A,4.5193,8.8005,N/A,N/A,1.2255,N/A,8.438,7.6465,47.7235,N/A,3.0445,1.5535,3.3172,1.5173,8.2402,10.5653,16548.36,4.7506,85.111,1463.12,18.115,4.5365,1.6436,61.599,1.7345,44.791,15.1676,
2014-01-28,1.3649,140.61,1.9558,N/A,27.507,7.4616,N/A,0.82285,304.83,3.4528,N/A,N/A,4.1913,N/A,4.534,8.8158,N/A,N/A,1.2278,N/A,8.405,7.6455,47.324,N/A,3.098,1.5515,3.2934,1.521,8.2589,10.5967,16573.22,4.7757,85.327,1471.93,18.1409,4.5517,1.6514,61.726,1.7398,44.907,15.1169,
2014-01-27,1.3658,140.39,1.9558,N/A,27.475,7.462,N/A,0.82505,304.93,3.4528,N/A,N/A,4.1974,N/A,4.5372,8.8057,N/A,N/A,1.2267,N/A,8.438,7.6455,47.2193,N/A,3.165,1.5618,3.2747,1.508,8.2593,10.605,16616.78,4.7709,86.184,1477.22,18.2949,4.5652,1.6561,61.962,1.7444,44.921,15.2239,
2014-01-24,1.3687,140.18,1.9558,N/A,27.525,7.4621,N/A,0.8291,305.65,3.4528,N/A,N/A,4.208,N/A,4.5425,8.8197,N/A,N/A,1.2256,N/A,8.3915,7.6451,47.118,N/A,3.1888,1.5715,3.3004,1.5141,8.281,10.6254,16646.74,4.778,85.689,1484.38,18.4583,4.5902,1.6559,62.22,1.7515,44.986,15.2179,
2014-01-23,1.3639,141.99,1.9558,N/A,27.49,7.4622,N/A,0.82175,303.62,3.4528,N/A,N/A,4.1679,N/A,4.5293,8.7661,N/A,N/A,1.2317,N/A,8.3325,7.644,46.478,N/A,3.1056,1.554,3.2397,1.5199,8.2528,10.5816,16592.15,4.7535,84.396,1465.7,18.2149,4.5425,1.6425,61.744,1.7444,44.845,14.9595,
2014-01-22,1.3566,141.57,1.9558,N/A,27.535,7.4622,N/A,0.819,302.18,3.4528,N/A,N/A,4.165,N/A,4.5266,8.7958,N/A,N/A,1.2345,N/A,8.3655,7.6385,45.9745,N/A,3.0634,1.5291,3.2072,1.4876,8.2107,10.5237,16472.27,4.7335,83.953,1450.61,18.0441,4.5199,1.6268,61.46,1.7337,44.632,14.7038,
2014-01-21,1.3526,141.58,1.9558,N/A,27.555,7.4621,N/A,0.8239,302.8,3.4528,N/A,N/A,4.1651,N/A,4.5365,8.8071,N/A,N/A,1.2357,N/A,8.372,7.636,45.958,N/A,3.0459,1.5403,3.1977,1.4877,8.1842,10.492,16413.82,4.7291,83.92,1447.19,18.0065,4.5152,1.629,61.427,1.7308,44.529,14.683,
2014-01-20,1.3566,141.05,1.9558,N/A,27.524,7.4623,N/A,0.8262,301.71,3.4528,N/A,N/A,4.1578,N/A,4.536,8.783,N/A,N/A,1.2337,N/A,8.3775,7.632,45.7878,N/A,3.0379,1.5388,3.1637,1.4838,8.2111,10.5225,16406.48,4.7359,83.538,1443.23,17.9546,4.5004,1.6405,61.214,1.731,44.518,14.6895,
2014-01-17,1.3584,141.8,1.9558,N/A,27.458,7.4622,N/A,0.8262,300.72,3.4528,N/A,N/A,4.1645,N/A,4.533,8.7937,N/A,N/A,1.2332,N/A,8.3795,7.6295,45.5854,N/A,3.0142,1.5455,3.2127,1.49,8.218,10.5353,16426.99,4.743,83.61,1441.62,18.0908,4.4772,1.6443,61.266,1.7301,44.617,14.776,
2014-01-16,1.3597,142.21,1.9558,N/A,27.491,7.462,N/A,0.83215,300.55,3.4528,N/A,N/A,4.1692,N/A,4.5303,8.8174,N/A,N/A,1.235,N/A,8.389,7.626,45.423,N/A,2.9991,1.5457,3.2269,1.4851,8.236,10.5441,16481.01,4.7478,83.71,1447.27,18.0439,4.4834,1.6375,61.323,1.7318,44.595,14.8164,
2014-01-15,1.3606,141.86,1.9558,N/A,27.441,7.462,N/A,0.8302,300.36,3.4528,N/A,N/A,4.1575,N/A,4.5234,8.7955,N/A,N/A,1.2354,N/A,8.3185,7.6215,45.5004,N/A,2.9858,1.5263,3.1916,1.4905,8.2263,10.5504,16442.91,4.7407,83.7358,1446.26,17.8443,4.4713,1.628,61.356,1.7311,44.689,14.8468,
2014-01-14,1.3667,141.62,1.9558,N/A,27.409,7.462,N/A,0.83145,299.8,3.4528,N/A,N/A,4.1507,N/A,4.528,8.8198,N/A,N/A,1.2334,N/A,8.334,7.6255,45.5622,N/A,2.9979,1.5189,3.2284,1.4883,8.2587,10.5978,16189.21,4.7665,84.032,1449.27,17.9154,4.4607,1.6243,61.199,1.7324,44.723,14.8155,
2014-01-13,1.3654,141.37,1.9558,N/A,27.41,7.462,N/A,0.8317,298.84,3.4528,N/A,N/A,4.1542,N/A,4.524,8.8713,N/A,N/A,1.2342,N/A,8.362,7.6274,45.2798,N/A,2.973,1.5066,3.2124,1.4897,8.2531,10.5882,16157.79,4.7644,83.927,1444.41,17.7642,4.455,1.6328,60.88,1.727,45.047,14.6746,
2014-01-10,1.3587,142.67,1.9558,N/A,27.392,7.4621,N/A,0.828,299.24,3.4528,N/A,N/A,4.1749,N/A,4.545,8.882,N/A,N/A,1.2342,N/A,8.4025,7.629,45.1468,N/A,2.9585,1.5265,3.2511,1.4777,8.223,10.5367,16325.8,4.7506,84.11,1443.48,17.7718,4.4423,1.6527,60.746,1.7255,44.929,14.6297,
2014-01-09,1.3612,142.92,1.9558,N/A,27.433,7.4609,N/A,0.82575,299.41,3.4528,N/A,N/A,4.1755,N/A,4.534,8.926,N/A,N/A,1.2368,N/A,8.4075,7.6294,45.1425,N/A,2.9745,1.5343,3.2641,1.478,8.2404,10.5554,16593.03,4.7694,84.541,1447.42,17.8639,4.462,1.6495,60.805,1.7304,44.944,14.715,
2014-01-08,1.3594,142.33,1.9558,N/A,27.448,7.4605,N/A,0.8277,300.35,3.4528,N/A,N/A,4.1767,N/A,4.4926,8.8964,N/A,N/A,1.2383,N/A,8.411,7.629,45.0019,N/A,2.9581,1.5212,3.2246,1.4692,8.2249,10.5416,16371.55,4.7635,84.32,1450.38,17.7055,4.4526,1.6373,60.723,1.7262,44.906,14.499,
2014-01-07,1.3641,142.43,1.9558,N/A,27.454,7.46,N/A,0.83115,300.75,3.4528,N/A,N/A,4.1776,N/A,4.4965,8.8573,N/A,N/A,1.2367,N/A,8.385,7.629,45.275,N/A,2.9566,1.528,3.2241,1.4585,8.2554,10.5776,16431.21,4.7725,84.83,1455.52,17.8083,4.4798,1.6455,60.979,1.7325,45.134,14.4915,
2014-01-06,1.3602,142.28,1.9558,N/A,27.485,7.4595,N/A,0.8303,299.82,3.4528,N/A,N/A,4.1764,N/A,4.4932,8.8687,N/A,N/A,1.2319,N/A,8.39,7.6295,45.28,N/A,2.9837,1.5207,3.24,1.4496,8.2327,10.5479,16546.23,4.7646,84.666,1449.01,17.8526,4.4681,1.6431,60.653,1.7253,44.987,14.5732,
2014-01-03,1.3634,142.46,1.9558,N/A,27.525,7.4586,N/A,0.83045,298.66,3.4528,N/A,N/A,4.1658,N/A,4.4879,8.8561,N/A,N/A,1.2309,N/A,8.3585,7.628,45.1393,N/A,2.9637,1.5156,3.2373,1.4468,8.2569,10.573,16533.2,4.7749,84.802,1438.67,17.821,4.476,1.6434,60.892,1.7244,45.022,14.4393,
2014-01-02,1.3658,143.82,1.9558,N/A,27.481,7.4584,N/A,0.8282,298.63,3.4528,N/A,N/A,4.1693,N/A,4.4955,8.8832,N/A,N/A,1.2307,N/A,8.4025,7.6283,45.1984,N/A,2.9843,1.5424,3.2753,1.452,8.2642,10.5904,16597.95,4.7697,85.045,1436.12,17.9384,4.4954,1.6754,60.725,1.7328,45.017,14.5405,
2013-12-31,1.3791,144.72,1.9558,N/A,27.427,7.4593,N/A,0.8337,297.04,3.4528,0.702804,N/A,4.1543,N/A,4.471,8.8591,N/A,N/A,1.2276,N/A,8.363,7.6265,45.3246,N/A,2.9605,1.5423,3.2576,1.4671,8.3491,10.6933,16764.78,4.788,85.366,1450.93,18.0731,4.5221,1.6762,61.289,1.7414,45.178,14.566,
2013-12-30,1.3783,145.02,1.9558,N/A,27.48,7.4603,N/A,0.8364,296.8,3.4528,0.7025,N/A,4.1487,N/A,4.4707,8.9283,N/A,N/A,1.2259,N/A,8.4255,7.625,45.17,N/A,2.9348,1.552,3.2208,1.4764,8.3555,10.6886,16839.12,4.7943,85.304,1454.26,18.0096,4.5408,1.6866,61.211,1.7481,45.23,14.4257,
2013-12-27,1.3814,145.02,1.9558,N/A,27.445,7.4599,N/A,0.83665,297.27,3.4528,0.7018,N/A,4.1515,N/A,4.4625,8.9785,N/A,N/A,1.2234,N/A,8.4475,7.6385,44.961,N/A,2.9859,1.5506,3.2519,1.4731,8.3841,10.7126,16830.69,4.808,85.623,1456.69,18.1236,4.5416,1.6893,61.264,1.7509,45.414,14.4446,
2013-12-24,1.3684,142.66,1.9558,N/A,27.536,7.4605,N/A,0.83603,297.14,3.4528,0.7022,N/A,4.1422,N/A,4.466,9.0015,N/A,N/A,1.2243,N/A,8.4345,7.6415,44.6875,N/A,2.8476,1.533,3.2247,1.4519,8.3081,10.6119,16622.42,4.7646,84.56,1449.52,17.7663,4.5085,1.6715,60.79,1.7346,44.77,14.1531,
2013-12-23,1.3702,142.38,1.9558,N/A,27.574,7.4612,N/A,0.8377,298.52,3.4528,0.7022,N/A,4.1597,N/A,4.481,8.9873,N/A,N/A,1.2257,N/A,8.3975,7.6395,44.8968,N/A,2.866,1.532,3.2504,1.4524,8.3151,10.6248,16607.59,4.7972,84.703,1453.63,17.7681,4.5117,1.6697,60.825,1.7349,44.78,14.1583,
2013-12-20,1.3655,142.66,1.9558,N/A,27.66,7.4607,N/A,0.8348,298.83,3.4528,0.7022,N/A,4.1653,N/A,4.478,8.9905,N/A,N/A,1.2263,N/A,8.416,7.6388,45.08,N/A,2.8583,1.5405,3.2489,1.46,8.2889,10.589,16651.42,4.8028,84.716,1450.05,17.83,4.4898,1.6725,60.83,1.731,44.515,14.29,
2013-12-19,1.3667,142.55,1.9558,N/A,27.657,7.46,N/A,0.8349,299.38,3.4528,0.7028,N/A,4.1739,N/A,4.4813,8.9539,N/A,N/A,1.2261,N/A,8.383,7.6358,44.9955,N/A,2.8338,1.5445,3.2112,1.465,8.3011,10.5964,16525.38,4.8063,85.249,1449.92,17.7312,4.477,1.6715,60.793,1.7313,44.37,14.1911,
2013-12-18,1.3749,141.61,1.9558,N/A,27.734,7.4606,N/A,0.8401,298.49,3.4528,0.7028,N/A,4.1783,N/A,4.4723,8.9892,N/A,N/A,1.2211,N/A,8.3795,7.636,45.305,N/A,2.8137,1.5434,3.1994,1.4621,8.3483,10.6586,16594.88,4.823,85.384,1448.32,17.8211,4.4808,1.666,60.872,1.7306,44.365,14.2257,
2013-12-17,1.3749,141.61,1.9558,N/A,27.657,7.4607,N/A,0.8456,299.3,3.4528,0.703,N/A,4.179,N/A,4.4673,9.0412,N/A,N/A,1.2206,N/A,8.46,7.63,45.2922,N/A,2.8055,1.5421,3.1891,1.4557,8.3477,10.6595,16471.3,4.8274,85.084,1448.07,17.7864,4.4714,1.6626,60.838,1.7289,44.165,14.2344,
2013-12-16,1.3776,141.87,1.9558,N/A,27.6,7.4605,N/A,0.84385,299.77,3.4528,0.7029,N/A,4.1758,N/A,4.457,9.0266,N/A,N/A,1.2212,N/A,8.4345,7.6293,45.2905,N/A,2.797,1.54,3.2091,1.4579,8.3651,10.6815,16507.61,4.8281,85.067,1450.66,17.8013,4.4626,1.6673,60.7,1.7293,44.125,14.2072,
2013-12-13,1.3727,141.93,1.9558,N/A,27.534,7.4611,N/A,0.8437,302.42,3.4528,0.703,N/A,4.1796,N/A,4.4573,9.0351,N/A,N/A,1.2226,N/A,8.49,7.6283,45.0965,N/A,2.7992,1.5355,3.2005,1.4626,8.3367,10.643,16496.17,4.8066,85.335,1446.78,17.7782,4.4425,1.6691,60.62,1.7251,44.002,14.1407,
2013-12-12,1.3775,141.51,1.9558,N/A,27.475,7.4607,N/A,0.8397,303.49,3.4528,0.703,N/A,4.1823,N/A,4.4538,9.0604,N/A,N/A,1.2211,N/A,8.4765,7.6385,45.1292,N/A,2.8073,1.521,3.2051,1.4571,8.3675,10.6803,16596.36,4.8266,85.416,1448.33,17.8772,4.4466,1.6562,60.832,1.7266,44.201,14.2673,
2013-12-11,1.3767,141.22,1.9558,N/A,27.434,7.4606,N/A,0.84025,302.25,3.4528,0.7031,N/A,4.1831,N/A,4.4535,9.0124,N/A,N/A,1.2219,N/A,8.4215,7.6415,45.0812,N/A,2.7999,1.5123,3.1997,1.4581,8.3565,10.6755,16399.75,4.8209,84.399,1446.71,17.7439,4.4249,1.6701,60.78,1.7217,44.114,14.2878,
2013-12-10,1.375,141.35,1.9558,N/A,27.453,7.4604,N/A,0.83645,300.79,3.4528,0.7031,N/A,4.1825,N/A,4.4525,8.9897,N/A,N/A,1.2214,N/A,8.4015,7.6425,44.9962,N/A,2.7902,1.5039,3.1759,1.4604,8.3486,10.6605,16371.02,4.8061,83.9149,1444.26,17.6749,4.4094,1.6529,60.837,1.7181,44.099,14.1808,
2013-12-09,1.3722,141.33,1.9558,N/A,27.498,7.4602,N/A,0.83765,301.57,3.4528,0.7031,N/A,4.1867,N/A,4.4482,8.9554,N/A,N/A,1.2231,N/A,8.4285,7.6445,44.926,N/A,2.7864,1.5101,3.1885,1.4633,8.333,10.6396,16240.3,4.804,83.889,1440.61,17.6094,4.4031,1.6587,60.531,1.7139,44.089,14.1802,
2013-12-06,1.3661,139.63,1.9558,N/A,27.48,7.46,N/A,0.8358,302.25,3.4528,0.703,N/A,4.1938,N/A,4.461,8.9261,N/A,N/A,1.2231,N/A,8.434,7.6425,45.041,N/A,2.7876,1.5065,3.2237,1.4548,8.3103,10.5937,16298.17,4.7922,84.155,1444.01,17.8348,4.4192,1.6663,60.139,1.7119,44.133,14.3055,
2013-12-05,1.3594,138.73,1.9558,N/A,27.45,7.4596,N/A,0.8313,301.83,3.4528,0.7028,N/A,4.1894,N/A,4.466,8.8631,N/A,N/A,1.2262,N/A,8.4035,7.64,44.8932,N/A,2.7784,1.5038,3.2225,1.4487,8.2811,10.5407,16245.79,4.7925,83.865,1441.59,17.7086,4.3883,1.6565,59.641,1.7044,43.881,14.2302,
2013-12-04,1.3592,139.31,1.9558,N/A,27.458,7.4594,N/A,0.83,302.49,3.4528,0.7026,N/A,4.1983,N/A,4.4721,8.8382,N/A,N/A,1.2268,N/A,8.3105,7.641,45.0345,N/A,2.7809,1.5046,3.2274,1.4484,8.2789,10.5384,16174.91,4.7883,84.208,1442.72,17.8511,4.3834,1.6585,59.665,1.7044,43.826,14.1267,
2013-12-03,1.3578,139.31,1.9558,N/A,27.468,7.4594,N/A,0.8271,302.9,3.4528,0.7028,N/A,4.2032,N/A,4.4617,8.8677,N/A,N/A,1.2287,N/A,8.29,7.6358,45.15,N/A,2.7675,1.4873,3.1951,1.4465,8.2717,10.5262,15945.05,4.7818,84.669,1440.34,17.9796,4.3667,1.6457,59.403,1.7023,43.695,14.0306,
2013-12-02,1.3536,139.16,1.9558,N/A,27.407,7.4598,N/A,0.82605,302.2,3.4528,0.703,N/A,4.1928,N/A,4.436,8.8904,N/A,N/A,1.2321,N/A,8.3095,7.6338,44.9057,N/A,2.7524,1.4812,3.1645,1.4387,8.2479,10.4934,15931.87,4.7796,84.356,1432.49,17.7877,4.3437,1.6507,59.177,1.6985,43.505,13.8223,
2013-11-29,1.3611,139.21,1.9558,N/A,27.391,7.4589,N/A,0.83275,301.1,3.4528,0.703,N/A,4.206,N/A,4.4385,8.9075,N/A,N/A,1.2298,N/A,8.32,7.6405,45.155,N/A,2.7475,1.4934,3.1587,1.4394,8.2956,10.5523,15980.55,4.7933,84.974,1440.32,17.7743,4.3905,1.6698,59.447,1.7082,43.644,13.861,
2013-11-28,1.3592,139.06,1.9558,N/A,27.35,7.4586,N/A,0.83215,299.46,3.4528,0.7029,N/A,4.1942,N/A,4.4361,8.9301,N/A,N/A,1.2323,N/A,8.276,7.6275,45.0515,N/A,2.7424,1.4915,3.1566,1.4376,8.2809,10.5375,16025.14,4.8074,84.828,1442.46,17.8184,4.3936,1.6668,59.437,1.7067,43.662,13.8975,
2013-11-27,1.3596,138.43,1.9558,N/A,27.341,7.4586,N/A,0.83405,299.08,3.4528,0.7029,N/A,4.2036,N/A,4.4376,8.91,N/A,N/A,1.2305,N/A,8.253,7.6433,44.8979,N/A,2.7499,1.4952,3.1311,1.4382,8.2839,10.5406,16038.43,4.8107,84.506,1447.24,17.8203,4.3922,1.6638,59.378,1.7056,43.67,13.8377,
2013-11-26,1.3547,137.34,1.9558,N/A,27.329,7.4585,N/A,0.8383,298.72,3.4528,0.703,N/A,4.1987,N/A,4.4448,8.8942,N/A,N/A,1.2312,N/A,8.2685,7.6455,44.662,N/A,2.728,1.4861,3.1139,1.4258,8.253,10.5022,15935.3,4.7992,84.647,1437.19,17.7212,4.3625,1.6528,59.271,1.6965,43.463,13.7028,
2013-11-25,1.3514,137.57,1.9558,N/A,27.269,7.4585,N/A,0.8348,298.21,3.4528,0.703,N/A,4.1916,N/A,4.4473,8.8915,N/A,N/A,1.2311,N/A,8.2755,7.6424,44.5414,N/A,2.703,1.4754,3.0956,1.4272,8.2344,10.4773,15878.01,4.8161,84.456,1432.79,17.5598,4.3506,1.6458,59.267,1.6924,43.218,13.5965,
2013-11-22,1.3518,136.74,1.9558,N/A,27.258,7.4586,N/A,0.8344,297.98,3.4528,0.7028,N/A,4.1978,N/A,4.449,8.8948,N/A,N/A,1.2302,N/A,8.2065,7.6453,44.2985,N/A,2.7251,1.4746,3.0918,1.4249,8.2385,10.4802,15509.47,4.8106,84.989,1434.85,17.6167,4.3539,1.6575,59.388,1.6916,43.035,13.6485,
2013-11-21,1.3472,135.83,1.9558,N/A,27.197,7.4589,N/A,0.835,297.46,3.4528,0.7027,N/A,4.1923,N/A,4.4518,8.9353,N/A,N/A,1.2318,N/A,8.2065,7.6503,44.3825,N/A,2.72,1.4536,3.113,1.4109,8.2082,10.4434,15765.61,4.8045,84.793,1431.41,17.6655,4.3178,1.6393,58.947,1.6818,42.858,13.67,
2013-11-20,1.3527,135.2,1.9558,N/A,27.329,7.459,N/A,0.83765,296.78,3.4528,0.7029,N/A,4.1867,N/A,4.4465,8.9195,N/A,N/A,1.2323,N/A,8.228,7.6453,44.4208,N/A,2.7197,1.4418,3.0705,1.4145,8.2434,10.4857,15571.02,4.7954,84.523,1429.66,17.531,4.3021,1.6275,59.088,1.6826,42.84,13.6817,
2013-11-19,1.3502,134.89,1.9558,N/A,27.368,7.4585,N/A,0.8385,296.96,3.4528,0.7028,N/A,4.1829,N/A,4.4488,8.9613,N/A,N/A,1.2333,N/A,8.2285,7.6428,44.1623,N/A,2.7149,1.4341,3.0623,1.4092,8.2274,10.4668,15658.94,4.7514,83.955,1425.2,17.4365,4.2916,1.6195,58.754,1.6787,42.656,13.6524,
2013-11-18,1.3517,135.23,1.9558,N/A,27.117,7.4588,N/A,0.8388,297.06,3.4528,0.7027,N/A,4.1756,N/A,4.4466,8.9156,N/A,N/A,1.2321,N/A,8.2685,7.639,43.951,N/A,2.7299,1.4378,3.0912,1.4081,8.2328,10.4793,15723.75,4.7585,84.215,1427.73,17.4356,4.3053,1.6152,58.951,1.6842,42.687,13.666,
2013-11-15,1.346,134.99,1.9558,N/A,27.155,7.4588,N/A,0.8377,298.41,3.4528,0.7025,N/A,4.1829,N/A,4.4513,8.9438,N/A,N/A,1.2346,N/A,8.2535,7.6315,43.9833,N/A,2.7443,1.4422,3.1146,1.4085,8.2005,10.4363,15640.52,4.741,84.96,1431.79,17.4647,4.3103,1.6216,58.623,1.6791,42.527,13.7085,
2013-11-14,1.3436,134.26,1.9558,N/A,27.176,7.4589,N/A,0.83715,297.63,3.4528,0.703,N/A,4.1855,N/A,4.4523,8.974,N/A,N/A,1.2332,N/A,8.331,7.6278,43.99,N/A,2.75,1.4454,3.1255,1.4106,8.1847,10.4177,15309.83,4.7431,85.117,1437.48,17.5555,4.3064,1.6281,58.596,1.6765,42.444,13.8888,
2013-11-13,1.3415,133.27,1.9558,N/A,27.055,7.4589,N/A,0.8399,298.66,3.4528,0.7029,N/A,4.202,N/A,4.4638,8.9928,N/A,N/A,1.2316,N/A,8.338,7.6255,44.055,N/A,2.7528,1.4409,3.1205,1.4071,8.1735,10.4008,15319.84,4.739,85.106,1438.53,17.6696,4.3085,1.6283,58.722,1.6747,42.365,13.8806,
2013-11-12,1.3432,133.87,1.9558,N/A,27.01,7.458,N/A,0.8447,298.5,3.4528,0.7028,N/A,4.2035,N/A,4.4555,8.9103,N/A,N/A,1.2328,N/A,8.2995,7.6241,44.115,N/A,2.7516,1.4401,3.1339,1.4097,8.1825,10.414,15468.68,4.7385,85.556,1441.28,17.7464,4.3148,1.6333,58.866,1.6785,42.418,13.95,
2013-11-11,1.3394,132.86,1.9558,N/A,26.996,7.4586,N/A,0.8381,297.29,3.4528,0.7028,N/A,4.2045,N/A,4.4535,8.7967,N/A,N/A,1.2328,N/A,8.2065,7.6218,43.81,N/A,2.7286,1.4314,3.1002,1.4026,8.1587,10.3843,15483.47,4.7341,84.704,1436.57,17.6466,4.2858,1.6262,58.42,1.672,42.359,13.8735,
2013-11-08,1.3431,131.58,1.9558,N/A,26.966,7.4586,N/A,0.83525,296.22,3.4528,0.7025,N/A,4.1801,N/A,4.4423,8.8375,N/A,N/A,1.2302,N/A,8.1755,7.6213,43.716,N/A,2.7178,1.4193,3.0874,1.4042,8.1822,10.4113,15323.63,4.7428,84.3,1427.51,17.7168,4.269,1.6101,57.976,1.6679,42.093,13.737,
2013-11-07,1.3365,132,1.9558,N/A,26.85,7.4587,N/A,0.8321,295.78,3.4528,0.7025,N/A,4.1623,N/A,4.4285,8.711,N/A,N/A,1.2298,N/A,8.016,7.624,43.254,N/A,2.7102,1.4088,3.0406,1.394,8.142,10.36,15228.6,4.7341,83.652,1418.99,17.5449,4.2503,1.5945,57.815,1.6618,41.87,13.6875,
2013-11-06,1.3517,133.33,1.9558,N/A,25.784,7.4593,N/A,0.8403,296.72,3.4528,0.7025,N/A,4.1677,N/A,4.4346,8.7874,N/A,N/A,1.2321,N/A,8.0505,7.6235,43.752,N/A,2.7428,1.4186,3.0716,1.4112,8.2346,10.4778,15250.44,4.7695,84.394,1433.22,17.7106,4.2971,1.6079,58.576,1.6791,42.261,13.803,
2013-11-05,1.3494,132.59,1.9558,N/A,25.833,7.4583,N/A,0.8403,297,3.4528,0.7025,N/A,4.1802,N/A,4.4418,8.794,N/A,N/A,1.2297,N/A,8.052,7.6223,43.696,N/A,2.7332,1.4157,3.0614,1.4073,8.2281,10.46,15321.19,4.7633,83.411,1431.71,17.6326,4.2819,1.6192,58.374,1.6745,42.155,13.8124,
2013-11-04,1.3506,133.28,1.9558,N/A,25.835,7.4584,N/A,0.8456,295.75,3.4528,0.7028,N/A,4.1778,N/A,4.4385,8.7722,N/A,N/A,1.2321,N/A,8.0165,7.62,43.8245,N/A,2.7273,1.4215,3.0334,1.4048,8.2411,10.47,15335.55,4.7695,84.028,1435.16,17.577,4.2929,1.626,58.589,1.6792,42.244,13.7488,
2013-11-01,1.3505,132.9,1.9558,N/A,25.854,7.4584,N/A,0.84635,296.51,3.4528,0.7027,N/A,4.1875,N/A,4.4393,8.8055,N/A,N/A,1.231,N/A,8.046,7.62,43.6018,N/A,2.7252,1.4265,3.0409,1.4082,8.2381,10.47,15308.2,4.7703,83.3645,1434.27,17.6703,4.2923,1.6343,58.548,1.6783,42.134,13.7113,
2013-10-31,1.3641,133.99,1.9558,N/A,25.729,7.4587,N/A,0.8502,294.89,3.4528,0.703,N/A,4.1783,N/A,4.436,8.8052,N/A,N/A,1.2333,N/A,8.104,7.621,43.7777,N/A,2.7167,1.4353,2.9962,1.4251,8.3109,10.5759,15375.34,4.804,83.868,1446.55,17.6733,4.3043,1.645,58.971,1.6897,42.462,13.6151,
2013-10-30,1.3755,135.11,1.9558,N/A,25.742,7.4586,N/A,0.8559,293.63,3.4528,0.703,N/A,4.1801,N/A,4.4288,8.782,N/A,N/A,1.2347,N/A,8.08,7.618,44.0089,N/A,2.7358,1.4471,3.0135,1.4364,8.3831,10.6644,15276.59,4.8387,84.232,1456.81,17.7178,4.329,1.6632,59.34,1.7022,42.709,13.5765,
2013-10-29,1.3768,134.88,1.9558,N/A,25.762,7.4589,N/A,0.8567,293.14,3.4528,0.7028,N/A,4.1838,N/A,4.442,8.7695,N/A,N/A,1.2358,N/A,8.1195,7.6245,44.114,N/A,2.7388,1.4505,3.0029,1.4379,8.3855,10.6749,15286.09,4.849,84.632,1463.17,17.7841,4.3304,1.6667,59.317,1.7075,42.763,13.6012,
2013-10-28,1.3784,134.65,1.9558,N/A,25.732,7.4596,N/A,0.8534,292.73,3.4528,0.7029,N/A,4.1855,N/A,4.4385,8.7464,N/A,N/A,1.2343,N/A,8.13,7.6255,43.9035,N/A,2.7373,1.4387,3.0115,1.4396,8.3888,10.6871,15234.68,4.8651,84.806,1462.91,17.7631,4.322,1.6621,59.389,1.7062,42.817,13.562,
2013-10-25,1.3777,134.15,1.9558,N/A,25.75,7.459,N/A,0.8519,292.82,3.4528,0.7026,N/A,4.1858,N/A,4.4511,8.7351,N/A,N/A,1.2348,N/A,8.137,7.6265,43.8,N/A,2.7367,1.4369,3.0121,1.438,8.3814,10.682,15175.04,4.8658,84.768,1464.88,17.8719,4.3488,1.6601,59.243,1.7035,42.842,13.5502,
2013-10-24,1.3805,134.32,1.9558,N/A,25.773,7.4596,N/A,0.8537,292.79,3.4528,0.703,N/A,4.1861,N/A,4.4485,8.7626,N/A,N/A,1.2303,N/A,8.121,7.6245,43.7548,N/A,2.7316,1.4354,3.0346,1.4358,8.3998,10.7032,14961.56,4.872,84.813,1465.34,17.9741,4.3454,1.6503,59.478,1.7074,42.986,13.4828,
2013-10-23,1.3752,133.95,1.9558,N/A,25.817,7.4596,N/A,0.8516,292.24,3.4528,0.7029,N/A,4.1783,N/A,4.4319,8.7756,N/A,N/A,1.2307,N/A,8.136,7.6141,43.7066,N/A,2.716,1.4298,2.9998,1.4189,8.3693,10.6618,15081.82,4.8406,84.784,1455.81,17.7886,4.3562,1.6436,59.255,1.7051,42.865,13.4643,
2013-10-22,1.3674,134.52,1.9558,N/A,25.727,7.4596,N/A,0.8476,294.31,3.4528,0.7029,N/A,4.182,N/A,4.437,8.7626,N/A,N/A,1.2355,N/A,8.1335,7.6165,43.6458,N/A,2.7109,1.4143,2.9886,1.4084,8.332,10.6012,14817.95,4.8211,84.22,1451.03,17.7718,4.3392,1.6166,59.03,1.6968,42.612,13.5075,
2013-10-21,1.3667,134.17,1.9558,N/A,25.803,7.4593,N/A,0.8465,293.72,3.4528,0.703,N/A,4.1824,N/A,4.4423,8.785,N/A,N/A,1.2352,N/A,8.092,7.6195,43.622,N/A,2.7021,1.4139,2.9736,1.4069,8.3309,10.5959,14864.23,4.8354,84.14,1451.79,17.5843,4.332,1.6148,59.034,1.6968,42.5,13.4597,
2013-10-18,1.3684,133.73,1.9558,N/A,25.782,7.4586,N/A,0.84515,294.43,3.4528,0.7027,N/A,4.1808,N/A,4.4509,8.7686,N/A,N/A,1.2343,N/A,8.0985,7.616,43.583,N/A,2.6903,1.4173,2.9448,1.4089,8.3431,10.6099,15502.27,4.8308,83.835,1451.88,17.4977,4.3197,1.6125,58.863,1.6934,42.489,13.3871,
2013-10-17,1.3662,133.64,1.9558,N/A,25.704,7.4589,N/A,0.8476,294.41,3.4528,0.7027,N/A,4.1744,N/A,4.4518,8.7781,N/A,N/A,1.2327,N/A,8.115,7.6208,43.736,N/A,2.689,1.4197,2.9599,1.4069,8.3299,10.5935,14835.57,4.8196,83.639,1451.9,17.5324,4.3049,1.608,58.812,1.6948,42.38,13.4557,
2013-10-16,1.3561,133.38,1.9558,N/A,25.68,7.4589,N/A,0.8459,296.13,3.4528,0.7025,N/A,4.1765,N/A,4.4503,8.8116,N/A,N/A,1.2341,N/A,8.1365,7.622,43.6995,N/A,2.6929,1.4227,2.9465,1.4067,8.2725,10.5157,14900.12,4.8117,83.868,1448.09,17.5812,4.3013,1.6122,58.494,1.6869,42.412,13.511,
2013-10-15,1.3493,132.89,1.9558,N/A,25.615,7.4588,N/A,0.84635,295.32,3.4528,0.7024,N/A,4.1811,N/A,4.4515,8.7617,N/A,N/A,1.2361,N/A,8.118,7.6188,43.5645,N/A,2.6828,1.4167,2.948,1.3975,8.2334,10.4629,14760.61,4.786,83.144,1439.53,17.5426,4.2928,1.612,58.084,1.677,42.206,13.4201,
2013-10-14,1.3564,133.19,1.9558,N/A,25.56,7.4589,N/A,0.8483,295.7,3.4528,0.7028,N/A,4.1828,N/A,4.4618,8.7988,N/A,N/A,1.2334,N/A,8.1325,7.6165,43.7873,N/A,2.6929,1.4313,2.9507,1.4041,8.283,10.5179,14812.7,4.8,83.329,1454.56,17.6773,4.315,1.6228,58.442,1.6886,42.462,13.4792,
2013-10-11,1.3566,133.38,1.9558,N/A,25.534,7.4593,N/A,0.849,294.87,3.4528,0.7027,N/A,4.1932,N/A,4.4476,8.7659,N/A,N/A,1.2314,N/A,8.1285,7.604,43.7275,N/A,2.6837,1.4318,2.9533,1.4094,8.3004,10.5195,14790.73,4.8136,82.861,1452.65,17.7186,4.3124,1.6261,58.401,1.6901,42.434,13.3883,
2013-10-10,1.3532,132.37,1.9558,N/A,25.529,7.4594,N/A,0.8481,295.52,3.4528,0.7027,N/A,4.1958,N/A,4.4592,8.8217,N/A,N/A,1.2311,N/A,8.19,7.6085,43.6864,N/A,2.68,1.4346,2.9722,1.4053,8.2773,10.4933,15057.06,4.8135,82.789,1451.29,17.781,4.312,1.6395,58.429,1.6918,42.45,13.4895,
2013-10-09,1.3515,131.55,1.9558,N/A,25.598,7.4595,N/A,0.8464,296.2,3.4528,0.7027,N/A,4.1995,N/A,4.4658,8.7445,N/A,N/A,1.2313,N/A,8.11,7.6125,43.73,N/A,2.6857,1.4299,2.98,1.4029,8.2709,10.4801,15068.43,4.8208,83.598,1453.88,17.8128,4.3222,1.6269,58.346,1.6918,42.488,13.5072,
2013-10-08,1.3576,131.94,1.9558,N/A,25.518,7.4599,N/A,0.84265,295.22,3.4528,0.7026,N/A,4.1931,N/A,4.4357,8.7023,N/A,N/A,1.2284,N/A,8.082,7.6255,43.7462,N/A,2.6939,1.4316,2.9847,1.3994,8.3133,10.5271,15153.04,4.8351,83.893,1458.12,17.7394,4.3274,1.6303,58.558,1.6944,42.565,13.4645,
2013-10-07,1.3572,131.46,1.9558,N/A,25.513,7.4597,N/A,0.8437,295.83,3.4528,0.7028,N/A,4.1951,N/A,4.4274,8.7425,N/A,N/A,1.2262,N/A,8.127,7.6255,43.8104,N/A,2.7087,1.4421,3.0123,1.401,8.3055,10.5245,15225.87,4.8128,83.912,1455.45,17.877,4.3228,1.6394,58.501,1.6934,42.592,13.6152,
2013-10-04,1.3593,132.03,1.9558,N/A,25.554,7.4598,N/A,0.8469,296.92,3.4528,0.7028,N/A,4.2045,N/A,4.4285,8.6732,N/A,N/A,1.2271,N/A,8.1145,7.624,43.7317,N/A,2.7152,1.4409,2.9926,1.4042,8.3192,10.5406,15281.81,4.8215,83.632,1458.03,17.815,4.3207,1.6366,58.659,1.6942,42.546,13.5862,
2013-10-03,1.3594,132.81,1.9558,N/A,25.558,7.4597,N/A,0.8394,295.92,3.4528,0.7026,N/A,4.2053,N/A,4.4371,8.6214,N/A,N/A,1.2276,N/A,8.109,7.625,43.6915,N/A,2.7241,1.45,2.9973,1.4053,8.3205,10.5415,15362.7,4.8108,83.929,1455.9,17.9098,4.3437,1.6412,58.57,1.6975,42.522,13.725,
2013-10-02,1.3515,131.76,1.9558,N/A,25.606,7.4586,N/A,0.8341,296.7,3.4528,0.7027,N/A,4.219,N/A,4.45,8.655,N/A,N/A,1.2241,N/A,8.132,7.62,43.6318,N/A,2.7275,1.4458,2.9927,1.3988,8.2728,10.4799,15305.17,4.7774,84.592,1452.74,17.8303,4.3625,1.641,58.699,1.6917,42.287,13.6652,
2013-10-01,1.3554,132.6,1.9558,N/A,25.647,7.4582,N/A,0.8345,296.07,3.4528,0.7027,N/A,4.2308,N/A,4.4485,8.6329,N/A,N/A,1.2253,N/A,8.131,7.6158,43.654,N/A,2.727,1.4388,3.0107,1.3962,8.2972,10.5113,15390.11,4.7874,84.879,1456.51,17.8057,4.3855,1.6363,58.692,1.697,42.234,13.6385,
2013-09-30,1.3505,131.78,1.9558,N/A,25.73,7.458,N/A,0.83605,298.15,3.4528,0.7027,N/A,4.2288,N/A,4.462,8.6575,N/A,N/A,1.2225,N/A,8.114,7.6153,43.824,N/A,2.751,1.4486,3.0406,1.3912,8.2645,10.4722,15425.27,4.7734,84.844,1451.84,17.8462,4.4103,1.6296,58.765,1.6961,42.264,13.5985,
2013-09-27,1.3537,133.28,1.9558,N/A,25.69,7.4573,N/A,0.84,299.63,3.4528,0.7028,N/A,4.228,N/A,4.4692,8.6863,N/A,N/A,1.2248,N/A,8.103,7.6153,43.874,N/A,2.7566,1.4542,3.0589,1.3967,8.2827,10.4975,15334.6,4.8204,84.603,1456.7,17.8128,4.3692,1.6373,58.651,1.6985,42.344,13.716,
2013-09-26,1.3499,133.41,1.9558,N/A,25.809,7.4577,N/A,0.8418,299.87,3.4528,0.7028,N/A,4.228,N/A,4.466,8.6554,N/A,N/A,1.2288,N/A,8.0625,7.613,43.4502,N/A,2.721,1.439,3.0034,1.3909,8.2622,10.4673,15174.79,4.8077,83.8,1454.27,17.5347,4.3391,1.6266,58.497,1.6947,42.13,13.4725,
2013-09-25,1.3504,133.14,1.9558,N/A,25.88,7.4577,N/A,0.84165,300.12,3.4528,0.7026,N/A,4.2165,N/A,4.4645,8.6881,N/A,N/A,1.2304,N/A,8.133,7.616,43.2625,N/A,2.7087,1.443,2.9852,1.3924,8.265,10.471,15497.56,4.8046,84.415,1454.52,17.5292,4.3512,1.6413,58.61,1.6943,42.251,13.3655,
2013-09-24,1.3473,132.92,1.9558,N/A,25.933,7.4571,N/A,0.84431,299.89,3.4528,0.7026,N/A,4.2269,N/A,4.4735,8.6315,N/A,N/A,1.2295,N/A,8.02,7.6175,43.0098,N/A,2.6961,1.4347,2.9773,1.3857,8.252,10.4462,15149.99,4.7605,84.853,1448.27,17.3566,4.334,1.6261,58.538,1.6918,42.224,13.3062,
2013-09-23,1.3508,133.59,1.9558,N/A,25.925,7.4576,N/A,0.84115,299.05,3.4528,0.7025,N/A,4.2265,N/A,4.4683,8.6007,N/A,N/A,1.2323,N/A,7.971,7.6175,43.02,N/A,2.688,1.4313,2.984,1.3909,8.265,10.4732,15081.11,4.7654,84.634,1452.87,17.3382,4.3145,1.612,58.443,1.6907,42.248,13.287,
2013-09-20,1.3514,134.57,1.9558,N/A,25.828,7.4568,N/A,0.8436,299.28,3.4528,0.7025,N/A,4.2298,N/A,4.4618,8.5969,N/A,N/A,1.233,N/A,8.0065,7.611,43.114,N/A,2.68,1.4354,2.9929,1.3898,8.2712,10.4769,14974.07,4.7349,84.162,1457.67,17.2736,4.2772,1.6153,58.339,1.6883,41.92,13.23,
2013-09-19,1.3545,134.09,1.9558,N/A,25.735,7.4577,N/A,0.842,295.72,3.4528,0.7025,N/A,4.1828,N/A,4.4503,8.5702,N/A,N/A,1.2333,N/A,7.842,7.6085,42.84,N/A,2.6491,1.4261,2.9605,1.3829,8.2887,10.5023,14707.55,4.7287,83.845,1453.69,17.0857,4.2714,1.6137,58.179,1.6857,41.935,13.0449,
2013-09-18,1.3352,132.18,1.9558,N/A,25.813,7.4579,N/A,0.8358,298.47,3.4528,0.7026,N/A,4.2328,N/A,4.4715,8.6263,N/A,N/A,1.237,N/A,7.8915,7.6078,43.138,N/A,2.6704,1.4281,3.0067,1.3762,8.173,10.353,14803.24,4.7186,84.718,1443.31,17.2742,4.3186,1.6242,57.946,1.6805,42.272,13.1304,
2013-09-17,1.3356,132.44,1.9558,N/A,25.718,7.4572,N/A,0.8397,299.13,3.4528,0.7027,N/A,4.2208,N/A,4.4808,8.6352,N/A,N/A,1.2375,N/A,7.8655,7.6095,43.15,N/A,2.6839,1.4279,3.0395,1.3774,8.1759,10.3564,14935.24,4.7226,84.64,1446.12,17.2693,4.3327,1.6249,58.194,1.6833,42.379,13.138,
2013-09-16,1.3357,132.05,1.9558,N/A,25.769,7.4566,N/A,0.8385,298.78,3.4528,0.7025,N/A,4.1944,N/A,4.4588,8.6943,N/A,N/A,1.2374,N/A,7.892,7.5955,43.0625,N/A,2.6592,1.4248,3.0086,1.3759,8.1748,10.357,14855.82,4.7205,83.945,1444.54,17.2205,4.3945,1.6267,58.09,1.6824,42.342,13.023,
2013-09-13,1.3295,132.43,1.9558,N/A,25.775,7.4573,N/A,0.8399,300.54,3.4528,0.7024,N/A,4.212,N/A,4.4671,8.7048,N/A,N/A,1.2376,N/A,7.8695,7.5828,43.3445,N/A,2.6955,1.438,3.0308,1.3739,8.1349,10.3091,14921.54,4.716,84.53,1444.97,17.4178,4.376,1.6323,58.282,1.6866,42.362,13.2467,
2013-09-12,1.329,132.18,1.9558,N/A,25.82,7.4579,N/A,0.841,301.27,3.4528,0.7025,N/A,4.2131,N/A,4.4825,8.6924,N/A,N/A,1.2368,N/A,7.8555,7.5875,43.488,N/A,2.6875,1.4367,3.0331,1.3715,8.1308,10.3055,14839.9,4.7208,84.326,1440.98,17.4232,4.3521,1.6334,58.199,1.6848,42.176,13.194,
2013-09-11,1.3268,132.96,1.9558,N/A,25.783,7.4587,N/A,0.8414,299.44,3.4528,0.7027,N/A,4.2333,N/A,4.4676,8.6717,N/A,N/A,1.2395,N/A,7.85,7.5865,43.5373,N/A,2.669,1.4288,3.0222,1.3716,8.1187,10.2888,15048.94,4.7391,84.073,1438.79,17.3472,4.3299,1.6467,57.957,1.6833,42.444,13.168,
2013-09-10,1.324,132.8,1.9558,N/A,25.83,7.4585,N/A,0.8438,299.28,3.4528,0.7025,N/A,4.2595,N/A,4.4598,8.6887,N/A,N/A,1.2392,N/A,7.861,7.5875,43.7732,N/A,2.6766,1.4255,3.0007,1.3684,8.1029,10.2671,14974.81,4.765,84.59,1437.47,17.2954,4.338,1.6432,57.924,1.6794,42.586,13.2383,
2013-09-09,1.3194,131.3,1.9558,N/A,25.833,7.4589,N/A,0.8413,300.43,3.4528,0.7024,N/A,4.273,N/A,4.4709,8.7492,N/A,N/A,1.235,N/A,8.022,7.5912,43.9046,N/A,2.6955,1.4338,3.0382,1.3699,8.076,10.2323,15117.97,4.7807,86.084,1430.56,17.3917,4.3428,1.6485,58.098,1.6779,42.478,13.2238,
2013-09-06,1.3117,130.71,1.9558,N/A,25.765,7.4588,N/A,0.842,300.67,3.4528,0.7026,N/A,4.295,N/A,4.4735,8.7248,N/A,N/A,1.2382,N/A,8.002,7.5878,43.826,N/A,2.7031,1.4309,3.0395,1.3682,8.0269,10.1732,15161.44,4.7862,85.582,1433.5,17.4784,4.3666,1.6505,58.328,1.677,42.44,13.3552,
2013-09-05,1.3202,131.64,1.9558,N/A,25.737,7.4584,N/A,0.8431,302.35,3.4528,0.7026,N/A,4.2867,N/A,4.4693,8.7751,N/A,N/A,1.239,N/A,8.048,7.5845,44.1225,N/A,2.7421,1.4451,3.1294,1.3837,8.0778,10.2392,15320.53,4.8176,87.285,1448.64,17.7016,4.3656,1.6754,58.697,1.6862,42.695,13.5963,
2013-09-04,1.3171,131.06,1.9558,N/A,25.787,7.4582,N/A,0.8438,301.3,3.4528,0.7027,N/A,4.2663,N/A,4.457,8.7165,N/A,N/A,1.2345,N/A,8.0035,7.578,44,N/A,2.704,1.4373,3.0883,1.3814,8.0608,10.2145,15083.43,4.79,88.279,1441.4,17.5563,4.3254,1.6698,58.353,1.6786,42.417,13.4904,
2013-09-03,1.3172,130.98,1.9558,N/A,25.725,7.4591,N/A,0.8473,301.32,3.4528,0.7025,N/A,4.2707,N/A,4.432,8.7031,N/A,N/A,1.2325,N/A,8.001,7.5795,44.0863,N/A,2.6985,1.4583,3.1593,1.3864,8.0621,10.2144,15090.59,4.7862,89.892,1448.93,17.6834,4.3301,1.686,58.601,1.6836,42.34,13.5958,
2013-09-02,1.3207,131.09,1.9558,N/A,25.683,7.4593,N/A,0.84775,300.05,3.4528,0.7026,N/A,4.2548,N/A,4.4238,8.7222,N/A,N/A,1.2317,N/A,8.0095,7.5773,43.9745,N/A,2.6641,1.468,3.1257,1.3907,8.0822,10.2418,15038,4.7762,87.523,1449.66,17.5521,4.322,1.69,58.572,1.6819,42.309,13.4816,
2013-08-30,1.3235,130.01,1.9558,N/A,25.735,7.4594,N/A,0.85395,300.78,3.4528,0.7028,N/A,4.2633,N/A,4.432,8.7503,N/A,N/A,1.231,N/A,8.0905,7.5683,44.005,N/A,2.6868,1.482,3.1122,1.3936,8.0979,10.2627,14918.52,4.7712,87.847,1468.9,17.6158,4.3554,1.7041,58.996,1.6867,42.557,13.667,
2013-08-29,1.3266,130.34,1.9558,N/A,25.678,7.4594,N/A,0.8549,300.46,3.4528,0.7027,N/A,4.2825,N/A,4.4405,8.7178,N/A,N/A,1.2308,N/A,8.049,7.5653,44.015,N/A,2.6943,1.4839,3.1142,1.3923,8.1214,10.2886,14791.09,4.8075,88.823,1475.99,17.604,4.3754,1.7062,59.111,1.6915,42.69,13.6964,
2013-08-28,1.3347,130.1,1.9558,N/A,25.713,7.4597,N/A,0.8632,302.81,3.4528,0.7027,N/A,4.293,N/A,4.4513,8.6875,N/A,N/A,1.229,N/A,8.059,7.5583,44.3665,N/A,2.765,1.4975,3.1861,1.4001,8.1686,10.3511,14961.99,4.8893,92.065,1491.64,17.8076,4.4506,1.7225,59.659,1.7112,43.111,13.9236,
2013-08-27,1.3338,130.07,1.9558,N/A,25.758,7.4597,N/A,0.8609,300.28,3.4528,0.7024,N/A,4.246,N/A,4.4435,8.6894,N/A,N/A,1.2293,N/A,8.029,7.5565,44.2743,N/A,2.7082,1.4877,3.2176,1.404,8.1651,10.3458,15113.86,4.8716,89.785,1490.42,17.8049,4.4429,1.7136,59.508,1.7135,42.935,13.8661,
2013-08-26,1.3361,131.74,1.9558,N/A,25.626,7.4591,N/A,0.8585,297.85,3.4528,0.7024,N/A,4.2285,N/A,4.43,8.7281,N/A,N/A,1.2352,N/A,8.083,7.5518,44.1,N/A,2.6698,1.4831,3.1613,1.4064,8.1803,10.3617,14864.11,4.82,86.132,1487.46,17.4207,4.4187,1.7075,59.104,1.7097,42.675,13.6883,
2013-08-23,1.3355,132.35,1.9558,N/A,25.665,7.4588,N/A,0.8591,298.98,3.4528,0.7027,N/A,4.2323,N/A,4.4423,8.714,N/A,N/A,1.2358,N/A,8.094,7.552,44.1375,N/A,2.664,1.4879,3.2059,1.4114,8.1759,10.3579,14723.8,4.8086,85.505,1489.41,17.4804,4.4085,1.7185,59.013,1.712,42.749,13.6968,
2013-08-22,1.3323,131.45,1.9558,N/A,25.738,7.4589,N/A,0.85505,299.4,3.4528,0.7023,N/A,4.2416,N/A,4.444,8.689,N/A,N/A,1.2349,N/A,8.1225,7.552,44.175,N/A,2.6463,1.4813,3.2513,1.3984,8.155,10.3328,14838.6,4.7811,86.44,1494.58,17.621,4.4172,1.7049,58.852,1.7091,42.687,13.7713,
2013-08-21,1.3384,130.52,1.9558,N/A,25.775,7.4585,N/A,0.85295,299.67,3.4528,0.7028,N/A,4.2403,N/A,4.442,8.7277,N/A,N/A,1.231,N/A,8.0535,7.543,44.2007,N/A,2.6185,1.4811,3.2155,1.3966,8.1956,10.3789,14504.51,4.771,86.27,1494.91,17.4634,4.408,1.6913,58.808,1.7087,42.601,13.6506,
2013-08-20,1.3392,130.33,1.9558,N/A,25.773,7.4579,N/A,0.8549,299.25,3.4528,0.7027,N/A,4.2267,N/A,4.4455,8.7061,N/A,N/A,1.2323,N/A,7.986,7.5395,44.1511,N/A,2.6091,1.4761,3.2091,1.3897,8.2021,10.3848,14367.74,4.7733,85.133,1499.19,17.4437,4.4006,1.678,58.775,1.7087,42.399,13.6055,
2013-08-19,1.3344,130.72,1.9558,N/A,25.855,7.4571,N/A,0.8529,300.71,3.4528,0.7028,N/A,4.2503,N/A,4.461,8.712,N/A,N/A,1.2352,N/A,7.904,7.543,43.98,N/A,2.6055,1.4592,3.2158,1.3786,8.1704,10.349,14090.74,4.7677,84.558,1492.06,17.3238,4.3863,1.6453,58.457,1.7026,41.873,13.5749,
2013-08-16,1.334,130.03,1.9558,N/A,25.8,7.4575,N/A,0.85325,300.34,3.4528,0.7027,N/A,4.2281,N/A,4.446,8.707,N/A,N/A,1.2354,N/A,7.9015,7.5408,43.886,N/A,2.5844,1.454,3.1309,1.3771,8.1574,10.344,14014.2,4.7435,82.326,1485.13,17.1412,4.3718,1.6501,58.313,1.6954,41.728,13.3438,
2013-08-15,1.3297,130.48,1.9558,N/A,25.815,7.4581,N/A,0.8533,298.96,3.4528,0.7024,N/A,4.2062,N/A,4.442,8.6455,N/A,N/A,1.2427,N/A,7.8435,7.541,43.8225,N/A,2.57,1.4525,3.0883,1.3732,8.1285,10.3113,13833.39,4.736,81.537,1487.46,17.0135,4.3581,1.6479,58.205,1.6911,41.593,13.2225,
2013-08-14,1.3243,130.17,1.9558,N/A,25.822,7.4583,N/A,0.8544,298.62,3.4528,0.7025,N/A,4.2037,N/A,4.4315,8.6393,N/A,N/A,1.2415,N/A,7.813,7.5415,43.8995,N/A,2.5664,1.4524,3.0586,1.3689,8.1041,10.2705,13667.59,4.74,81.37,1482.39,16.8756,4.3351,1.6501,57.975,1.6835,41.504,13.2129,
2013-08-13,1.329,130.27,1.9558,N/A,25.874,7.4592,N/A,0.85955,298.87,3.4528,0.7027,N/A,4.1913,N/A,4.4261,8.6624,N/A,N/A,1.2358,N/A,7.796,7.5385,43.9468,N/A,2.5624,1.4549,3.0483,1.3715,8.1348,10.3073,13690.22,4.7171,81.446,1483.44,16.9142,4.3305,1.6618,58.223,1.6812,41.531,13.2219,
2013-08-12,1.328,128.66,1.9558,N/A,25.88,7.4592,N/A,0.8586,297.09,3.4528,0.7026,N/A,4.1888,N/A,4.4241,8.6792,N/A,N/A,1.2327,N/A,7.8085,7.5355,43.8046,N/A,2.5566,1.4496,3.0253,1.3693,8.1301,10.2992,13677.29,4.7135,81.373,1480.85,16.7753,4.314,1.658,57.97,1.6765,41.487,13.1175,
2013-08-09,1.3373,128.96,1.9558,N/A,25.925,7.4588,N/A,0.86135,298.43,3.4528,0.703,N/A,4.1877,N/A,4.4382,8.6747,N/A,N/A,1.231,N/A,7.817,7.5165,44,N/A,2.5657,1.4587,3.0466,1.3762,8.187,10.3714,13746.62,4.7168,81.304,1485.77,16.8567,4.3522,1.6682,58.179,1.6829,41.817,13.0667,
2013-08-08,1.336,128.68,1.9558,N/A,25.816,7.4574,N/A,0.862,298.91,3.4528,0.7028,N/A,4.2066,N/A,4.454,8.6828,N/A,N/A,1.2307,N/A,7.884,7.5038,44.0086,N/A,2.5708,1.4726,3.076,1.3909,8.1771,10.3626,13743.95,4.7291,81.311,1486.97,16.9438,4.3373,1.6747,58.193,1.6848,41.75,13.193,
2013-08-07,1.3305,129.21,1.9558,N/A,25.978,7.4571,N/A,0.85955,299.52,3.4528,0.7025,N/A,4.217,N/A,4.433,8.7261,N/A,N/A,1.2321,N/A,7.8995,7.4975,43.948,N/A,2.5713,1.4878,3.0641,1.3868,8.1416,10.3197,13683.68,4.7299,81.496,1486.17,16.8685,4.3301,1.6826,58.258,1.6868,41.831,13.2109,
2013-08-06,1.328,130.27,1.9558,N/A,25.92,7.4567,N/A,0.86575,299.65,3.4528,0.7028,N/A,4.2144,N/A,4.4053,8.7112,N/A,N/A,1.2313,N/A,7.861,7.5138,43.6945,N/A,2.562,1.4817,3.055,1.3778,8.1295,10.3002,13656.94,4.7127,80.754,1480.31,16.8058,4.3116,1.689,57.804,1.6842,41.699,13.1232,
2013-08-05,1.3257,130.62,1.9558,N/A,25.937,7.4554,N/A,0.86425,298.56,3.4528,0.703,N/A,4.2192,N/A,4.422,8.7618,N/A,N/A,1.2352,N/A,7.855,7.52,43.6085,N/A,2.563,1.491,3.0321,1.3782,8.1195,10.2832,13635.34,4.7157,80.702,1475.99,16.7893,4.284,1.7076,57.608,1.6818,41.521,13.0548,
2013-08-02,1.3203,131.78,1.9558,N/A,25.959,7.4547,N/A,0.87135,300.25,3.4528,0.7028,N/A,4.255,N/A,4.4385,8.7714,N/A,N/A,1.2383,N/A,7.8655,7.521,43.7059,N/A,2.5711,1.4837,3.0512,1.3734,8.0926,10.2412,13581.57,4.718,80.677,1484.93,16.956,4.3075,1.6765,57.603,1.6848,41.444,13.233,
2013-08-01,1.3236,130.69,1.9558,N/A,25.955,7.4551,N/A,0.8692,298.83,3.4528,0.7029,N/A,4.2346,N/A,4.423,8.6914,N/A,N/A,1.2317,N/A,7.8345,7.519,43.715,N/A,2.5635,1.4733,3.0087,1.363,8.1142,10.2656,13606.09,4.7074,80.003,1486.41,16.8653,4.2918,1.6662,57.74,1.6836,41.402,13.0772,
2013-07-31,1.3275,130,1.9558,N/A,25.857,7.4545,N/A,0.8735,299.67,3.4528,0.7028,N/A,4.237,N/A,4.4065,8.7128,N/A,N/A,1.2317,N/A,7.8655,7.5065,43.7591,N/A,2.5623,1.4725,3.033,1.3669,8.1361,10.2946,13621.57,4.7335,80.188,1489.98,17.0086,4.3153,1.6648,57.697,1.6899,41.537,13.074,
2013-07-30,1.3284,129.99,1.9558,N/A,25.856,7.4549,N/A,0.86735,299.1,3.4528,0.7027,N/A,4.2252,N/A,4.3888,8.6818,N/A,N/A,1.2335,N/A,7.872,7.5045,43.743,N/A,2.557,1.4618,3.0219,1.3629,8.1451,10.3023,13647.83,4.746,80.348,1481.52,16.9524,4.2848,1.6606,57.586,1.6872,41.539,13.1126,
2013-07-29,1.327,129.91,1.9558,N/A,25.914,7.456,N/A,0.8634,297.88,3.4528,0.7024,N/A,4.2294,N/A,4.401,8.5812,N/A,N/A,1.233,N/A,7.8605,7.5055,43.556,N/A,2.5535,1.4364,2.9945,1.3636,8.1377,10.2938,13627.27,4.765,78.85,1476.78,16.8476,4.2809,1.6444,57.468,1.6818,41.363,13.0362,
2013-07-26,1.326,130.84,1.9558,N/A,25.948,7.4563,N/A,0.86105,296.56,3.4528,0.7025,N/A,4.2375,N/A,4.3891,8.6118,N/A,N/A,1.2334,N/A,7.864,7.5075,43.354,N/A,2.5493,1.434,2.9764,1.3638,8.1305,10.2853,13625.16,4.755,78.29,1476.07,16.7779,4.2534,1.6455,57.345,1.6765,41.292,12.9164,
2013-07-25,1.3202,131.81,1.9558,N/A,25.959,7.4568,N/A,0.8637,296.78,3.4528,0.7025,N/A,4.2433,N/A,4.3885,8.6085,N/A,N/A,1.2365,N/A,7.8255,7.4955,43.01,N/A,2.5424,1.4388,2.9711,1.3593,8.0992,10.2416,13562.29,4.7441,78.035,1474.04,16.7041,4.2227,1.6423,57.245,1.674,41.085,12.9619,
2013-07-24,1.3246,132.6,1.9558,N/A,25.93,7.4583,N/A,0.8626,295.59,3.4528,0.7025,N/A,4.2075,N/A,4.3903,8.5521,N/A,N/A,1.2388,N/A,7.7845,7.4953,42.8003,N/A,2.5278,1.4361,2.9396,1.3604,8.1264,10.2753,13617.35,4.7407,78.257,1474.5,16.5509,4.2222,1.6606,57.262,1.6764,40.983,12.75,
2013-07-23,1.318,131.91,1.9558,N/A,25.977,7.4587,N/A,0.85955,294.49,3.4528,0.7022,N/A,4.2147,N/A,4.4158,8.5525,N/A,N/A,1.2387,N/A,7.816,7.5048,42.7002,N/A,2.5195,1.4268,2.9507,1.362,8.0891,10.2245,13475.3,4.711,78.718,1472.84,16.5033,4.1893,1.6528,56.915,1.6696,40.805,12.9495,
2013-07-22,1.3166,131.47,1.9558,N/A,25.976,7.4579,N/A,0.859,293.95,3.4528,0.7025,N/A,4.2175,N/A,4.4216,8.5577,N/A,N/A,1.237,N/A,7.823,7.5095,42.543,N/A,2.5244,1.4272,2.9497,1.3618,8.0856,10.2143,13251.38,4.7023,78.632,1472.9,16.4786,4.1873,1.66,56.876,1.6618,40.762,12.9458,
2013-07-19,1.3123,131.67,1.9558,N/A,25.931,7.4573,N/A,0.85995,295.58,3.4528,0.7025,N/A,4.2468,N/A,4.4258,8.5933,N/A,N/A,1.2361,N/A,7.856,7.5165,42.458,N/A,2.5227,1.424,2.9173,1.3618,8.0548,10.1804,13224.81,4.688,78.088,1471.58,16.3913,4.1915,1.6471,56.922,1.6591,40.724,12.9325,
2013-07-18,1.3093,131.22,1.9558,N/A,25.925,7.4573,N/A,0.8609,294.97,3.4528,0.7024,N/A,4.249,N/A,4.4338,8.6212,N/A,N/A,1.237,N/A,7.8535,7.5125,42.4697,N/A,2.5122,1.429,2.9332,1.364,8.0408,10.1566,13257.46,4.7169,78.1,1472.39,16.3309,4.1809,1.6621,56.806,1.6594,40.706,12.9075,
2013-07-17,1.3136,131.15,1.9558,N/A,25.968,7.4573,N/A,0.86315,293.85,3.4528,0.7025,N/A,4.261,N/A,4.4457,8.6295,N/A,N/A,1.234,N/A,7.8775,7.516,42.628,N/A,2.5299,1.4273,2.9669,1.3656,8.0595,10.1903,13192.75,4.6913,78.113,1469.11,16.6105,4.1924,1.6725,56.954,1.6599,40.84,13.0168,
2013-07-16,1.3118,130.35,1.9558,N/A,25.96,7.4571,N/A,0.8693,292.6,3.4528,0.7025,N/A,4.256,N/A,4.436,8.6974,N/A,N/A,1.2371,N/A,7.8935,7.5235,42.5644,N/A,2.5231,1.4225,2.9022,1.3657,8.0479,10.1767,13278.42,4.6784,77.586,1466.21,16.5372,4.1672,1.667,56.69,1.6517,40.731,12.8506,
2013-07-15,1.3012,130.68,1.9558,N/A,26.01,7.4576,N/A,0.8647,292.01,3.4528,0.7026,N/A,4.2855,N/A,4.4236,8.7359,N/A,N/A,1.2394,N/A,7.931,7.5315,42.544,N/A,2.5303,1.438,2.9516,1.3568,7.9865,10.095,13034.32,4.6835,77.935,1461.48,16.6489,4.1513,1.6803,56.495,1.6491,40.571,12.9362,
2013-07-12,1.3034,129.75,1.9558,N/A,25.951,7.4581,N/A,0.8627,292.82,3.4528,0.7027,N/A,4.3193,N/A,4.4227,8.705,N/A,N/A,1.2388,N/A,7.913,7.532,42.685,N/A,2.5599,1.4436,2.9542,1.3537,8.0005,10.1106,13021.77,4.6921,77.722,1467.36,16.7474,4.1416,1.6752,56.563,1.65,40.64,13.093,
2013-07-11,1.3044,129.63,1.9558,N/A,25.898,7.4584,N/A,0.8629,292.47,3.4528,0.7026,N/A,4.3349,N/A,4.4275,8.7055,N/A,N/A,1.2414,N/A,7.929,7.544,42.5405,N/A,2.5359,1.4162,2.945,1.3572,7.9982,10.1178,13001.45,4.7173,78.04,1467.17,16.7374,4.1327,1.6588,56.469,1.646,40.619,12.9828,
2013-07-10,1.2813,128.44,1.9558,N/A,25.929,7.4584,N/A,0.8602,294,3.4528,0.7022,N/A,4.3325,N/A,4.4333,8.6767,N/A,N/A,1.244,N/A,7.855,7.54,42.171,N/A,2.4938,1.3935,2.899,1.3475,7.8601,9.939,12768.65,4.6698,76.436,1456.31,16.5358,4.0743,1.6316,55.555,1.6351,40.066,12.871,
2013-07-09,1.2857,130.07,1.9558,N/A,25.875,7.4587,N/A,0.865,292.95,3.4528,0.7025,N/A,4.3263,N/A,4.4478,8.7194,N/A,N/A,1.2452,N/A,7.9,7.521,42.3985,N/A,2.4955,1.4024,2.9085,1.3558,7.8811,9.9733,12802.21,4.6959,77.328,1468.89,16.52,4.0986,1.6359,55.971,1.6435,40.23,12.9045,
2013-07-08,1.285,130.04,1.9558,N/A,25.938,7.4594,N/A,0.8616,294.52,3.4528,0.7021,N/A,4.2959,N/A,4.4483,8.7898,N/A,N/A,1.2404,N/A,7.965,7.518,42.752,N/A,2.5025,1.4145,2.8916,1.3567,7.8818,9.9662,12793.67,4.7033,78.07,1475.65,16.7461,4.1144,1.6573,56.129,1.647,40.413,13.0845,
2013-07-05,1.2883,128.97,1.9558,N/A,25.875,7.4593,N/A,0.86055,294.8,3.4528,0.7019,N/A,4.2847,N/A,4.4408,8.6562,N/A,N/A,1.2348,N/A,7.9525,7.4998,42.763,N/A,2.511,1.4049,2.8987,1.3554,7.9006,9.9892,12851.2,4.6941,77.768,1471.44,16.6126,4.1077,1.645,55.882,1.6431,40.131,12.889,
2013-07-04,1.2984,129.64,1.9558,N/A,26.05,7.4603,N/A,0.8598,295.8,3.4528,0.7019,N/A,4.3083,N/A,4.434,8.708,N/A,N/A,1.2328,N/A,7.935,7.4928,43.105,N/A,2.5343,1.4239,2.9432,1.369,7.9537,10.0677,12906.59,4.727,78.196,1479.92,16.8402,4.1298,1.6655,56.322,1.6525,40.393,13.0791,
2013-07-03,1.2959,128.85,1.9558,N/A,26.02,7.4605,N/A,0.8492,294.88,3.4528,0.702,N/A,4.3365,N/A,4.448,8.7083,N/A,N/A,1.2285,N/A,7.9355,7.4705,43.1,N/A,2.5264,1.4278,2.9376,1.3664,7.9449,10.0485,12881.45,4.7285,78.097,1482.67,17.0048,4.1295,1.6743,56.338,1.651,40.29,13.064,
2013-07-02,1.3017,130.08,1.9558,N/A,25.983,7.4601,N/A,0.8579,293.33,3.4528,0.7017,N/A,4.3329,N/A,4.443,8.7008,N/A,N/A,1.2354,N/A,7.92,7.449,43.0511,N/A,2.5062,1.4222,2.9182,1.3756,7.9833,10.0923,12931.59,4.7302,77.627,1477.94,16.9286,4.123,1.6769,56.329,1.6504,40.314,12.9389,
2013-07-01,1.3037,129.99,1.9558,N/A,25.98,7.4591,N/A,0.85625,294.07,3.4528,0.7022,N/A,4.3329,N/A,4.4488,8.6958,N/A,N/A,1.234,N/A,7.8985,7.4438,43.0606,N/A,2.5099,1.419,2.9026,1.3714,7.9952,10.1108,12976.37,4.739,77.628,1480.2,16.8392,4.1256,1.6774,56.239,1.6529,40.382,12.9526,
2013-06-28,1.308,129.39,1.9558,N/A,25.949,7.4588,N/A,0.8572,294.85,3.4528,0.7024,N/A,4.3376,N/A,4.4603,8.7773,N/A,N/A,1.2338,N/A,7.8845,7.4495,42.845,N/A,2.521,1.4171,2.8899,1.3714,8.028,10.1477,12980.41,4.7386,77.721,1494.24,17.0413,4.134,1.6792,56.445,1.6545,40.613,13.0704,
2013-06-27,1.3032,127.93,1.9558,N/A,25.89,7.4593,N/A,0.8531,294.98,3.4528,0.7021,N/A,4.3203,N/A,4.4523,8.756,N/A,N/A,1.2326,N/A,7.881,7.454,42.735,N/A,2.507,1.3995,2.842,1.3599,8.0132,10.1092,12936.06,4.738,78.453,1495.51,17.0117,4.1362,1.664,56.442,1.6465,40.556,12.964,
2013-06-26,1.3024,127.33,1.9558,N/A,25.858,7.4599,N/A,0.8482,297.28,3.4528,0.7023,N/A,4.3445,N/A,4.45,8.7615,N/A,N/A,1.2262,N/A,7.947,7.4595,42.8745,N/A,2.5208,1.4033,2.8828,1.3649,8.0065,10.1048,12977,4.7196,79.11,1506.81,17.2046,4.178,1.673,56.631,1.6602,40.609,13.1663,
2013-06-25,1.3134,127.79,1.9558,N/A,25.788,7.4593,N/A,0.8486,296.85,3.4528,0.7019,N/A,4.319,N/A,4.4697,8.7683,N/A,N/A,1.2268,N/A,7.98,7.4775,43.038,N/A,2.5315,1.4156,2.8989,1.377,8.0707,10.1876,13039.26,4.728,78.377,1513.98,17.2858,4.1799,1.6939,56.825,1.6637,40.65,13.109,
2013-06-24,1.3086,128.54,1.9558,N/A,25.865,7.459,N/A,0.85115,299.97,3.4528,0.7016,N/A,4.35,N/A,4.5408,8.8884,N/A,N/A,1.2241,N/A,8.04,7.4775,43.066,N/A,2.5445,1.4246,2.9575,1.3797,8.0415,10.152,12997.2,4.7608,78.123,1521.12,17.5222,4.2112,1.6969,57.433,1.6746,40.724,13.2811,
2013-06-21,1.318,128.66,1.9558,N/A,25.825,7.4582,N/A,0.8533,298.87,3.4528,0.7016,N/A,4.3289,N/A,4.535,8.6927,N/A,N/A,1.2257,N/A,7.909,7.4905,43.226,N/A,2.5515,1.4296,2.9737,1.3705,8.0832,10.2239,13088.24,4.7891,78.12,1521.52,17.5558,4.2222,1.7004,57.707,1.679,41.003,13.4906,
2013-06-20,1.32,129.26,1.9558,N/A,25.806,7.4588,N/A,0.8545,298.8,3.4528,0.7014,N/A,4.3183,N/A,4.526,8.6724,N/A,N/A,1.2319,N/A,7.85,7.486,42.96,N/A,2.5324,1.4323,2.9514,1.3651,8.0892,10.2375,13100.18,4.7987,78.784,1523.98,17.538,4.2288,1.6927,57.796,1.6813,41.078,13.4884,
2013-06-19,1.3406,127.44,1.9558,N/A,25.686,7.4596,N/A,0.8558,293.99,3.4528,0.7016,N/A,4.2598,N/A,4.4978,8.575,N/A,N/A,1.2326,N/A,7.6765,7.4805,43.1798,N/A,2.5238,1.4105,2.9208,1.3673,8.2139,10.3981,13282.17,4.8171,78.821,1515.21,17.2401,4.225,1.6749,57.804,1.6841,41.197,13.3336,
2013-06-18,1.3374,127.55,1.9558,N/A,25.68,7.4595,N/A,0.8562,293.62,3.4528,0.7016,N/A,4.2554,N/A,4.4998,8.6753,N/A,N/A,1.2315,N/A,7.6935,7.4855,42.854,N/A,2.5167,1.4131,2.9203,1.3635,8.1963,10.3762,13246.45,4.8045,78.6,1517.03,17.2832,4.2195,1.6756,57.79,1.6855,41.259,13.4148,
2013-06-17,1.3337,126.36,1.9558,N/A,25.724,7.4586,N/A,0.84755,290.6,3.4528,0.7017,N/A,4.2296,N/A,4.4508,8.6122,N/A,N/A,1.2308,N/A,7.6345,7.468,42.2375,N/A,2.4906,1.3876,2.8656,1.3548,8.1688,10.3491,13185.8,4.8001,77.228,1503.01,16.907,4.1759,1.6519,57.233,1.6721,40.905,13.1706,
2013-06-14,1.3303,126.37,1.9558,N/A,25.718,7.4582,N/A,0.8515,291.41,3.4528,0.7017,N/A,4.2347,N/A,4.4588,8.6096,N/A,N/A,1.2322,N/A,7.6405,7.4718,42.2453,N/A,2.4674,1.3841,2.8302,1.3524,8.1558,10.3258,13139.52,4.7914,76.539,1498.62,16.8411,4.1445,1.6469,56.895,1.6638,40.681,13.2051,
2013-06-13,1.3315,125.36,1.9558,N/A,25.728,7.4591,N/A,0.8495,294.85,3.4528,0.7019,N/A,4.2645,N/A,4.4715,8.6765,N/A,N/A,1.229,N/A,7.677,7.4725,42.75,N/A,2.4897,1.3919,2.8511,1.3541,8.168,10.3387,13155.71,4.8132,77.34,1510.58,17.1166,4.1712,1.6696,57.224,1.6669,40.997,13.2293,
2013-06-12,1.3277,128.3,1.9558,N/A,25.66,7.4571,N/A,0.84825,296.4,3.4528,0.7019,N/A,4.2532,N/A,4.491,8.6808,N/A,N/A,1.2323,N/A,7.665,7.4705,42.838,N/A,2.4906,1.3927,2.8243,1.3489,8.1434,10.3095,13090.63,4.818,76.761,1498.19,16.9295,4.1577,1.6604,57.14,1.6672,41.106,13.2994,
2013-06-11,1.3273,128.6,1.9558,N/A,25.613,7.4575,N/A,0.8539,299.71,3.4528,0.702,N/A,4.2789,N/A,4.5113,8.7454,N/A,N/A,1.2305,N/A,7.686,7.4988,43.101,N/A,2.5172,1.4206,2.8642,1.3594,8.141,10.3057,13038.61,4.845,77.521,1503.51,17.2549,4.1883,1.708,57.209,1.6723,41.133,13.6365,
2013-06-10,1.3209,130.47,1.9558,N/A,25.666,7.456,N/A,0.8504,297.2,3.4528,0.7018,N/A,4.2532,N/A,4.5235,8.7144,N/A,N/A,1.2395,N/A,7.612,7.5115,42.736,N/A,2.5053,1.3983,2.8284,1.3455,8.1017,10.2549,13158.79,4.7982,76.845,1497.42,16.922,4.1476,1.6728,56.804,1.6631,40.671,13.409,
2013-06-07,1.326,126.81,1.9558,N/A,25.569,7.4558,N/A,0.8513,295.72,3.4528,0.7019,N/A,4.3058,N/A,4.5503,8.6912,N/A,N/A,1.2273,N/A,7.6305,7.5285,42.8773,N/A,2.498,1.3926,2.8419,1.3568,8.1328,10.2928,12998,4.7926,75.683,1481.55,17.049,4.102,1.6658,56.172,1.648,40.562,13.2402,
2013-06-06,1.3118,129.96,1.9558,N/A,25.778,7.4548,N/A,0.8491,297.37,3.4528,0.7022,N/A,4.2759,N/A,4.4871,8.6072,N/A,N/A,1.2357,N/A,7.581,7.5225,42.1349,N/A,2.4773,1.3789,2.7849,1.3529,8.0493,10.1835,12847.93,4.7786,74.564,1465.25,16.8147,4.0478,1.6485,55.21,1.6375,40.212,13.045,
2013-06-05,1.3067,130.13,1.9558,N/A,25.846,7.4545,N/A,0.85105,294.67,3.4528,0.7024,N/A,4.2452,N/A,4.4258,8.6255,N/A,N/A,1.2371,N/A,7.605,7.5195,41.9595,N/A,2.4592,1.3647,2.7483,1.3509,8.0071,10.1414,12813.67,4.796,74.201,1463.45,16.651,4.0236,1.6331,54.872,1.6313,39.88,12.9501,
2013-06-04,1.3092,131.28,1.9558,N/A,25.775,7.4545,N/A,0.8558,291.53,3.4528,0.7019,N/A,4.2365,N/A,4.396,8.5704,N/A,N/A,1.2397,N/A,7.5975,7.5365,41.7513,N/A,2.4518,1.3538,2.7749,1.351,8.0237,10.1612,12836.54,4.8056,73.963,1468.61,16.6649,4.0513,1.629,54.816,1.6382,39.813,12.7074,
2013-06-03,1.3008,130.37,1.9558,N/A,25.753,7.4542,N/A,0.8518,295.4,3.4528,0.7015,N/A,4.2666,N/A,4.408,8.5723,N/A,N/A,1.2456,N/A,7.597,7.5415,41.571,N/A,2.4605,1.3457,2.7752,1.3455,7.9761,10.0989,12753.98,4.7964,73.814,1467.09,16.5982,4.0312,1.6268,54.709,1.6367,39.622,12.9658,
2013-05-31,1.3006,130.47,1.9558,N/A,25.711,7.4557,N/A,0.85365,296.11,3.4528,0.7018,N/A,4.2792,N/A,4.3843,8.5828,N/A,N/A,1.2406,N/A,7.614,7.55,41.44,N/A,2.4456,1.354,2.7664,1.3434,7.9789,10.0981,12742.47,4.802,73.498,1470.85,16.7688,4.0267,1.6265,55.031,1.6412,39.48,13.2174,
2013-05-30,1.2944,131.7,1.9558,N/A,25.795,7.4546,N/A,0.8557,293.33,3.4528,0.7014,N/A,4.2667,N/A,4.3438,8.572,N/A,N/A,1.2487,N/A,7.619,7.5605,41.1161,N/A,2.4274,1.3493,2.687,1.3433,7.9428,10.05,12700.66,4.78,73.049,1462.64,16.5044,3.9855,1.6149,54.811,1.6396,39.13,12.9347,
2013-05-29,1.2952,130.9,1.9558,N/A,25.899,7.4539,N/A,0.85695,288.03,3.4528,0.7013,N/A,4.225,N/A,4.346,8.6082,N/A,N/A,1.248,N/A,7.6,7.5635,40.8379,N/A,2.4129,1.3447,2.6866,1.3434,7.9384,10.0557,12695.06,4.7879,72.758,1466.93,16.3671,3.9873,1.5912,54.946,1.6404,39.089,12.6714,
2013-05-28,1.2938,131.98,1.9558,N/A,25.889,7.4527,N/A,0.8553,285.85,3.4528,0.7012,N/A,4.1805,N/A,4.3258,8.5874,N/A,N/A,1.2533,N/A,7.553,7.5593,40.595,N/A,2.3912,1.3355,2.6568,1.3383,7.92,10.0445,12679.69,4.7965,72.408,1457.39,16.156,3.935,1.5927,54.176,1.636,38.84,12.5693,
2013-05-27,1.2939,130.59,1.9558,N/A,25.968,7.4531,N/A,0.8556,289.23,3.4528,0.7013,N/A,4.1935,N/A,4.3443,8.5964,N/A,N/A,1.2452,N/A,7.548,7.562,40.595,N/A,2.3871,1.3405,2.6542,1.3357,7.9201,10.0453,12676.25,4.7709,71.91,1452.42,16.1537,3.919,1.5997,53.811,1.6293,38.636,12.4424,
2013-05-24,1.2939,131.25,1.9558,N/A,25.993,7.4539,N/A,0.85695,290.4,3.4528,0.7003,N/A,4.1982,N/A,4.355,8.598,N/A,N/A,1.2466,N/A,7.5285,7.5685,40.536,N/A,2.3913,1.3348,2.647,1.3369,7.9341,10.0448,12675.22,4.7818,72.13,1458.19,16.1026,3.9263,1.5963,53.961,1.636,38.713,12.3724,
2013-05-23,1.2888,131.07,1.9558,N/A,26.094,7.4541,N/A,0.85515,292.18,3.4528,0.7005,N/A,4.2092,N/A,4.3655,8.5943,N/A,N/A,1.2486,N/A,7.534,7.5765,40.489,N/A,2.3872,1.3302,2.6463,1.3339,7.9055,10.0044,12608.68,4.7693,71.805,1454.95,16.1081,3.906,1.5932,53.778,1.6301,38.561,12.3661,
2013-05-22,1.2923,133.26,1.9558,N/A,26.069,7.4535,N/A,0.8557,289.06,3.4528,0.7002,N/A,4.1784,N/A,4.3479,8.5451,N/A,N/A,1.2599,N/A,7.465,7.5745,40.322,N/A,2.3791,1.3253,2.6344,1.3315,7.9232,10.0301,12619.13,4.7759,71.807,1440.76,15.9251,3.9047,1.5923,53.254,1.6314,38.511,12.2836,
2013-05-21,1.2866,132.33,1.9558,N/A,26.098,7.4527,N/A,0.8491,290.42,3.4528,0.6999,N/A,4.1898,N/A,4.3493,8.56,N/A,N/A,1.2476,N/A,7.5065,7.5713,40.2267,N/A,2.3788,1.3147,2.6293,1.3212,7.8955,9.9863,12560.14,4.72,71.297,1429.23,15.8388,3.8855,1.5781,53.134,1.6209,38.366,12.289,
2013-05-20,1.2853,131.86,1.9558,N/A,26.121,7.4528,N/A,0.8456,289.99,3.4528,0.6997,N/A,4.1821,N/A,4.3473,8.5754,N/A,N/A,1.246,N/A,7.5143,7.571,40.268,N/A,2.3736,1.314,2.6134,1.3212,7.8903,9.9766,12548.08,4.7059,70.801,1437.99,15.8305,3.8739,1.576,52.982,1.6132,38.315,12.1601,
2013-05-17,1.2869,131.87,1.9558,N/A,25.989,7.4524,N/A,0.84475,290.56,3.4528,0.6993,N/A,4.1704,N/A,4.337,8.5922,N/A,N/A,1.2449,N/A,7.5393,7.571,40.3876,N/A,2.3646,1.3216,2.61,1.322,7.904,9.9911,12554.93,4.7135,70.606,1437.84,15.8403,3.889,1.5917,52.964,1.6156,38.324,12.0764,
2013-05-16,1.289,132.15,1.9558,N/A,25.98,7.4529,N/A,0.8455,290.51,3.4528,0.6992,N/A,4.1827,N/A,4.3342,8.5893,N/A,N/A,1.2444,N/A,7.536,7.5695,40.455,N/A,2.3591,1.312,2.6151,1.314,7.9263,10.0069,12578.24,4.699,70.605,1441.84,15.8096,3.8818,1.5796,53.231,1.615,38.412,12.072,
2013-05-15,1.2864,132.04,1.9558,N/A,26.003,7.4539,N/A,0.8464,292.27,3.4528,0.6994,N/A,4.1827,N/A,4.3355,8.596,N/A,N/A,1.2499,N/A,7.5415,7.5615,40.492,N/A,2.3464,1.3015,2.5997,1.3133,7.905,9.9849,12549.23,4.7202,70.4527,1436.74,15.6385,3.8612,1.5662,53.086,1.6045,38.27,11.982,
2013-05-14,1.2977,131.88,1.9558,N/A,25.887,7.4531,N/A,0.84815,295.53,3.4528,0.6993,N/A,4.1665,N/A,4.3315,8.6333,N/A,N/A,1.2416,N/A,7.5405,7.563,40.665,N/A,2.3506,1.308,2.6053,1.3157,7.9715,10.0726,12642,4.725,71.069,1441.01,15.7759,3.8787,1.5757,53.43,1.6108,38.555,11.956,
2013-05-13,1.2973,132.01,1.9558,N/A,25.844,7.4534,N/A,0.8441,293.33,3.4528,0.6998,N/A,4.1555,N/A,4.3239,8.5702,N/A,N/A,1.2404,N/A,7.533,7.5615,40.638,N/A,2.345,1.3003,2.6147,1.3092,7.9742,10.0689,12634.69,4.6518,71.0113,1442.78,15.7077,3.889,1.5662,53.387,1.609,38.504,11.7993,
2013-05-10,1.2988,131.94,1.9558,N/A,25.808,7.455,N/A,0.8443,293.18,3.4528,0.6998,N/A,4.1435,N/A,4.3298,8.5511,N/A,N/A,1.243,N/A,7.526,7.5713,40.745,N/A,2.3403,1.2978,2.6244,1.3113,7.9782,10.0793,12645.9,4.631,71.311,1436.5,15.6689,3.8799,1.5623,53.44,1.607,38.678,11.8092,
2013-05-09,1.3142,129.8,1.9558,N/A,25.792,7.4535,N/A,0.84435,293.13,3.4528,0.7001,N/A,4.1262,N/A,4.3253,8.5395,N/A,N/A,1.229,N/A,7.5485,7.5713,40.93,N/A,2.3583,1.2858,2.6356,1.3189,8.0572,10.1977,12780.74,4.6675,71.336,1434.42,15.7546,3.9084,1.553,53.669,1.6144,38.664,11.8038,
2013-05-08,1.3135,129.89,1.9558,N/A,25.862,7.4535,N/A,0.8469,293.31,3.4528,0.7,N/A,4.1361,N/A,4.3123,8.5402,N/A,N/A,1.2336,N/A,7.591,7.571,40.9017,N/A,2.357,1.2873,2.6347,1.319,8.0665,10.1934,12779.48,4.6741,71.093,1421.55,15.8073,3.8903,1.5629,53.52,1.6138,38.551,11.9058,
2013-05-07,1.3107,129.98,1.9558,N/A,25.747,7.4526,N/A,0.8442,296.25,3.4528,0.7002,N/A,4.152,N/A,4.316,8.5287,N/A,N/A,1.2333,N/A,7.6395,7.5707,40.65,N/A,2.3594,1.2908,2.6374,1.3175,8.0658,10.1734,12761.02,4.6705,70.893,1430.16,15.8943,3.907,1.5524,53.587,1.6157,38.718,11.8722,
2013-05-06,1.3107,130.18,1.9558,N/A,25.693,7.4528,N/A,0.8431,296.4,3.4528,0.7001,N/A,4.1515,N/A,4.3135,8.5543,N/A,N/A,1.228,N/A,7.624,7.5721,40.74,N/A,2.3543,1.2801,2.6373,1.3217,8.0826,10.1705,12758.36,4.6781,70.994,1435.42,15.8424,3.9026,1.538,53.551,1.6144,38.744,11.7695,
2013-05-03,1.3114,128.6,1.9558,N/A,25.64,7.4533,N/A,0.8431,296.12,3.4528,0.6999,N/A,4.1407,N/A,4.3031,8.5307,N/A,N/A,1.2235,N/A,7.6075,7.5827,40.8208,N/A,2.3543,1.278,2.6334,1.3263,8.0725,10.1754,12774.64,4.6652,70.717,1437.83,15.9604,3.979,1.5391,53.564,1.6173,38.791,11.7437,
2013-05-02,1.3191,129.04,1.9558,N/A,25.65,7.4559,N/A,0.8466,297.08,3.4528,0.7001,N/A,4.1465,N/A,4.3215,8.5503,N/A,N/A,1.2244,N/A,7.5865,7.5822,41.2009,N/A,2.3633,1.2871,2.6426,1.3285,8.1204,10.2357,12844.32,4.705,70.921,1452.85,16.0529,4.0238,1.554,53.94,1.627,38.821,11.8585,
2013-04-30,1.3072,127.35,1.9558,N/A,25.799,7.456,N/A,0.8443,300.12,3.4528,0.7,N/A,4.1504,N/A,4.3264,8.542,N/A,N/A,1.2238,N/A,7.6075,7.5905,40.6914,N/A,2.352,1.2649,2.6236,1.3213,8.0597,10.1452,12705.3,4.6973,70.275,1440.41,15.9408,3.9764,1.5272,53.797,1.6128,38.301,11.8045,
2013-04-29,1.3113,128.27,1.9558,N/A,25.697,7.4564,N/A,0.844,298.15,3.4528,0.7,N/A,4.1309,N/A,4.3225,8.5503,N/A,N/A,1.2279,N/A,7.609,7.597,40.5915,N/A,2.3521,1.2671,2.6112,1.3293,8.0842,10.1777,12743.73,4.7076,71.037,1450.39,15.8514,3.9766,1.5322,53.95,1.6176,38.382,11.747,
2013-04-26,1.2999,128.13,1.9558,N/A,25.744,7.4559,N/A,0.84,301.57,3.4528,0.6999,N/A,4.159,N/A,4.3397,8.5579,N/A,N/A,1.2273,N/A,7.6215,7.5985,40.7105,N/A,2.342,1.2651,2.6005,1.3256,8.0139,10.0922,12635.02,4.6866,70.617,1445.38,15.8523,3.9444,1.5277,53.612,1.6099,38.087,11.8612,
2013-04-25,1.308,129.67,1.9558,N/A,25.899,7.4559,N/A,0.8458,301.24,3.4528,0.7,N/A,4.1467,N/A,4.3493,8.5961,N/A,N/A,1.2334,N/A,7.6535,7.607,40.7829,N/A,2.354,1.2669,2.6266,1.3374,8.065,10.1549,12709.69,4.7165,70.796,1452.92,15.8922,3.9728,1.5299,53.916,1.6188,38.076,11.8804,
2013-04-24,1.3006,129.46,1.9558,N/A,25.909,7.4553,N/A,0.8525,299.55,3.4528,0.7001,N/A,4.1367,N/A,4.3495,8.5885,N/A,N/A,1.2302,N/A,7.678,7.6065,40.9583,N/A,2.3476,1.2659,2.6318,1.3345,8.0352,10.098,12637.76,4.7068,70.519,1453.8,15.9395,3.9644,1.5366,53.657,1.6147,37.626,11.9395,
2013-04-23,1.299,128.56,1.9558,N/A,25.909,7.4541,N/A,0.85165,299.45,3.4528,0.7005,N/A,4.1342,N/A,4.3498,8.5926,N/A,N/A,1.2219,N/A,7.6775,7.6055,41.227,N/A,2.3478,1.2676,2.6266,1.335,8.0267,10.086,12632.5,4.7085,70.607,1453.84,15.9641,3.9718,1.5472,53.633,1.6113,37.45,12.0034,
2013-04-22,1.3037,130,1.9558,N/A,25.93,7.4549,N/A,0.8563,299.79,3.4528,0.7002,N/A,4.1079,N/A,4.3573,8.5139,N/A,N/A,1.2188,N/A,7.609,7.602,41.2138,N/A,2.3515,1.2696,2.6237,1.3375,8.0592,10.1221,12667.88,4.7318,70.591,1459.94,16.0012,3.9746,1.5461,53.888,1.6161,37.377,12.1109,
2013-04-19,1.3115,130.21,1.9558,N/A,25.857,7.4559,N/A,0.8544,298.24,3.4528,0.7002,N/A,4.1003,N/A,4.3683,8.511,N/A,N/A,1.2176,N/A,7.5965,7.5968,41.3002,N/A,2.3568,1.2692,2.6398,1.3443,8.1021,10.182,12732.68,4.7585,70.785,1468.72,16.0396,3.9811,1.5486,53.95,1.6209,37.509,12.0022,
2013-04-18,1.3045,128.4,1.9558,N/A,25.875,7.4553,N/A,0.8548,297.97,3.4528,0.7002,N/A,4.1147,N/A,4.3729,8.5008,N/A,N/A,1.2164,N/A,7.587,7.6147,41.21,N/A,2.3422,1.2633,2.6207,1.3362,8.0632,10.1268,12675.98,4.7306,70.407,1461.22,15.8927,3.9579,1.5454,53.781,1.6112,37.452,11.9538,
2013-04-17,1.3129,128.61,1.9558,N/A,25.854,7.4562,N/A,0.8613,294.54,3.4528,0.7005,N/A,4.1145,N/A,4.3698,8.4727,N/A,N/A,1.2149,N/A,7.555,7.613,41.325,N/A,2.3549,1.2691,2.6094,1.3469,8.1041,10.1915,12750.79,4.7606,71.166,1470.14,16.0174,3.9848,1.5502,54.217,1.6216,37.89,12.0304,
2013-04-16,1.3129,128.37,1.9558,N/A,25.868,7.4557,N/A,0.8569,294.75,3.4528,0.7006,N/A,4.1161,N/A,4.3763,8.3823,N/A,N/A,1.2163,N/A,7.522,7.6125,41.1253,N/A,2.3524,1.2654,2.6084,1.3411,8.1178,10.1909,12760.76,4.7623,71.034,1463.08,15.9744,3.9913,1.5468,54.309,1.622,38.035,12.0084,
2013-04-15,1.3081,127.83,1.9558,N/A,25.864,7.456,N/A,0.8529,294.31,3.4528,0.7006,N/A,4.1132,N/A,4.3816,8.3704,N/A,N/A,1.2147,N/A,7.5005,7.613,41.0482,N/A,2.3414,1.2573,2.5854,1.335,8.0931,10.1545,12712.6,4.745,71.46,1466.5,15.8693,3.9766,1.5443,53.879,1.6184,38.04,11.8603,
2013-04-12,1.3052,129.54,1.9558,N/A,25.871,7.4552,N/A,0.8497,294.55,3.4528,0.7006,N/A,4.104,N/A,4.389,8.3373,N/A,N/A,1.2167,N/A,7.482,7.6125,40.495,N/A,2.3353,1.2396,2.5827,1.3207,8.0819,10.1303,12670.52,4.7368,71.166,1474.85,15.744,3.9662,1.5182,53.903,1.6153,37.89,11.6565,
2013-04-11,1.3119,130.39,1.9558,N/A,25.942,7.4563,N/A,0.852,297.79,3.4528,0.7009,N/A,4.1124,N/A,4.394,8.3138,N/A,N/A,1.2187,N/A,7.477,7.6203,40.426,N/A,2.3464,1.2411,2.5876,1.3242,8.1288,10.1836,12737.87,4.7619,71.531,1481.37,15.8661,3.9796,1.514,53.825,1.6223,38.084,11.691,
2013-04-10,1.3086,129.69,1.9558,N/A,25.865,7.4563,N/A,0.8548,298.11,3.4528,0.7007,N/A,4.116,N/A,4.389,8.3353,N/A,N/A,1.2183,N/A,7.506,7.6125,40.405,N/A,2.337,1.2429,2.5968,1.329,8.1053,10.1587,12678.54,4.7557,71.351,1480.61,15.8943,3.9648,1.53,53.673,1.62,37.976,11.69,
2013-04-09,1.304,128.92,1.9558,N/A,25.762,7.4558,N/A,0.85175,297.65,3.4528,0.7009,N/A,4.1304,N/A,4.4087,8.3765,N/A,N/A,1.22,N/A,7.486,7.6125,40.601,N/A,2.3248,1.2449,2.5946,1.3234,8.0879,10.1248,12677.64,4.7339,71.12,1485.37,15.8559,3.9595,1.5356,53.688,1.6158,37.868,11.6805,
2013-04-08,1.3023,128.46,1.9558,N/A,25.727,7.4543,N/A,0.85095,297.75,3.4528,0.701,N/A,4.1283,N/A,4.4075,8.3591,N/A,N/A,1.2168,N/A,7.454,7.6104,40.745,N/A,2.3292,1.2503,2.5773,1.3244,8.0786,10.1107,12693.68,4.7132,71.024,1489.21,15.8076,3.9818,1.5405,53.787,1.6158,38.066,11.7647,
2013-04-05,1.2944,124.49,1.9558,N/A,25.763,7.4547,N/A,0.8491,301.13,3.4528,0.7012,N/A,4.1738,N/A,4.4215,8.3984,N/A,N/A,1.2158,N/A,7.4475,7.61,40.858,N/A,2.3294,1.2425,2.606,1.3134,8.0272,10.0517,12615.11,4.6957,70.978,1466.25,15.962,3.9616,1.5408,53.319,1.6045,37.939,11.843,
2013-04-04,1.2818,122.31,1.9558,N/A,25.817,7.4534,N/A,0.84745,301.38,3.4528,0.7011,N/A,4.1887,N/A,4.4251,8.4064,N/A,N/A,1.2155,N/A,7.449,7.6085,40.5533,N/A,2.3176,1.229,2.5898,1.3012,7.9484,9.9514,12507.32,4.6537,70.368,1445.76,15.7597,3.9478,1.5268,52.889,1.5916,37.646,11.8509,
2013-04-03,1.2828,119.96,1.9558,N/A,25.828,7.4535,N/A,0.8484,302.1,3.4528,0.7013,N/A,4.1908,N/A,4.4208,8.3258,N/A,N/A,1.2167,N/A,7.4465,7.6095,40.515,N/A,2.3205,1.2237,2.5912,1.301,7.9639,9.9575,12504.21,4.6436,69.855,1432.77,15.7274,3.954,1.5198,52.485,1.5877,37.676,11.8463,
2013-04-02,1.284,119.79,1.9558,N/A,25.881,7.4548,N/A,0.8469,301.91,3.4528,0.7012,N/A,4.1846,N/A,4.4185,8.311,N/A,N/A,1.2159,N/A,7.467,7.6063,40.0061,N/A,2.317,1.2267,2.5913,1.3006,7.9379,9.9403,12505.14,4.6388,69.563,1436.24,15.8285,3.9519,1.5229,52.479,1.5847,37.621,11.8186,
2013-03-28,1.2805,120.87,1.9558,N/A,25.74,7.4553,N/A,0.8456,304.42,3.4528,0.7017,N/A,4.1804,N/A,4.4193,8.3553,N/A,N/A,1.2195,N/A,7.512,7.594,39.7617,N/A,2.3212,1.2308,2.5703,1.3021,7.96,9.942,12447.96,4.6679,69.566,1425.03,15.8146,3.965,1.5308,52.296,1.59,37.423,11.82,
2013-03-27,1.2768,120.3,1.9558,N/A,25.8,7.4528,N/A,0.84515,304.12,3.4528,0.7014,N/A,4.1818,N/A,4.4135,8.302,N/A,N/A,1.2174,N/A,7.472,7.595,39.573,N/A,2.3271,1.2234,2.5838,1.2984,7.934,9.9114,12428.01,4.6532,69.541,1420.67,15.8335,3.9551,1.5274,52.233,1.5888,37.41,11.8725,
2013-03-26,1.2861,121.25,1.9558,N/A,25.806,7.4527,N/A,0.849,304.5,3.4528,0.7016,N/A,4.1775,N/A,4.417,8.3561,N/A,N/A,1.2209,N/A,7.4975,7.5945,39.7355,N/A,2.3386,1.2263,2.5894,1.3103,7.9899,9.98,12521.64,4.6757,70.006,1424.66,15.8408,3.982,1.5385,52.788,1.5968,37.684,11.9128,
2013-03-25,1.2935,122.55,1.9558,N/A,25.738,7.4542,N/A,0.8516,306.45,3.4528,0.7021,N/A,4.1607,N/A,4.415,8.4361,N/A,N/A,1.2213,N/A,7.543,7.5935,39.83,N/A,2.3528,1.2356,2.6031,1.3199,8.0368,10.0396,12599.18,4.6971,70.1413,1435.52,15.9715,4.008,1.5465,52.84,1.6086,37.908,12.0035,
2013-03-22,1.2948,122.85,1.9558,N/A,25.832,7.4527,N/A,0.8528,307.25,3.4528,0.7023,N/A,4.1803,N/A,4.4283,8.4232,N/A,N/A,1.2212,N/A,7.5395,7.5945,40.01,N/A,2.3558,1.2412,2.6072,1.3259,8.0433,10.0517,12629.65,4.7295,70.361,1449.45,16.0711,4.0295,1.5559,52.877,1.6177,37.964,12.0706,
2013-03-21,1.291,122.95,1.9558,N/A,25.813,7.4531,N/A,0.85165,305.42,3.4528,0.7017,N/A,4.1828,N/A,4.418,8.3654,N/A,N/A,1.2225,N/A,7.548,7.595,39.9375,N/A,2.3425,1.2375,2.5726,1.3211,8.0273,10.0224,12573.22,4.7301,70.03,1438.36,15.9865,4.03,1.5494,52.6,1.6132,37.658,12.005,
2013-03-20,1.2945,123.69,1.9558,N/A,25.67,7.4532,N/A,0.8552,304.97,3.4528,0.7017,N/A,4.1609,N/A,4.4238,8.3374,N/A,N/A,1.2222,N/A,7.545,7.5928,39.95,N/A,2.356,1.2469,2.5651,1.3271,8.0473,10.0489,12588.63,4.7616,70.35,1442.98,16.0388,4.0421,1.574,52.721,1.6201,37.696,12.0201,
2013-03-19,1.2944,123.49,1.9558,N/A,25.647,7.4555,N/A,0.85585,305.2,3.4528,0.7015,N/A,4.1548,N/A,4.406,8.3421,N/A,N/A,1.2218,N/A,7.5205,7.5887,39.9325,N/A,2.3509,1.2475,2.5637,1.3265,8.0457,10.0455,12580.16,4.7673,70.383,1440.51,16.0453,4.0409,1.5712,52.675,1.6179,37.9,11.9332,
2013-03-18,1.2929,122.88,1.9558,N/A,25.62,7.4547,N/A,0.8562,307.17,3.4528,0.7012,N/A,4.1565,N/A,4.4153,8.337,N/A,N/A,1.2221,N/A,7.5015,7.5875,39.918,N/A,2.3466,1.2446,2.5697,1.3211,8.0399,10.0351,12557.23,4.7748,69.978,1439.04,16.141,4.0487,1.5686,52.595,1.6157,38.179,11.8662,
2013-03-15,1.3086,125.56,1.9558,N/A,25.575,7.4581,N/A,0.864,305.11,3.4528,0.7014,N/A,4.1505,N/A,4.3931,8.3515,N/A,N/A,1.2308,N/A,7.5325,7.5825,40.075,N/A,2.3666,1.2609,2.5785,1.3352,8.1354,10.1525,12701.42,4.8151,70.671,1452.89,16.2443,4.0877,1.5888,53.121,1.6334,38.656,12.0108,
2013-03-14,1.2937,124.79,1.9558,N/A,25.615,7.4575,N/A,0.8657,305.3,3.4528,0.7013,N/A,4.1549,N/A,4.3981,8.3784,N/A,N/A,1.2347,N/A,7.532,7.5846,39.8412,N/A,2.3456,1.2495,2.546,1.3279,8.0415,10.037,12553.58,4.7877,70.334,1438.38,16.0628,4.0246,1.5811,52.574,1.6193,38.358,11.9594,
2013-03-13,1.2981,124.59,1.9558,N/A,25.632,7.457,N/A,0.8678,305.65,3.4528,0.7012,N/A,4.1385,N/A,4.389,8.2931,N/A,N/A,1.2319,N/A,7.443,7.5865,39.92,N/A,2.351,1.2573,2.544,1.3304,8.0667,10.0695,12580.03,4.7921,70.495,1433.78,16.0835,4.0345,1.573,52.627,1.6202,38.424,11.9595,
2013-03-12,1.3053,125.25,1.9558,N/A,25.662,7.4577,N/A,0.8763,304.65,3.4528,0.701,N/A,4.145,N/A,4.374,8.3182,N/A,N/A,1.2344,N/A,7.4455,7.5873,40.039,N/A,2.3517,1.2633,2.5519,1.3392,8.1141,10.1251,12646.57,4.8001,70.737,1429.58,16.3106,4.0582,1.5807,52.995,1.6268,38.624,11.9232,
2013-03-11,1.2994,124.91,1.9558,N/A,25.542,7.4569,N/A,0.87335,303.4,3.4528,0.7008,N/A,4.1472,N/A,4.3718,8.326,N/A,N/A,1.236,N/A,7.4385,7.5875,40.0015,N/A,2.3438,1.2702,2.5283,1.3357,8.0803,10.0797,12597.2,4.7931,70.704,1426.4,16.3724,4.0414,1.5813,52.938,1.6236,38.631,11.899,
2013-03-08,1.309,125.5,1.9558,N/A,25.443,7.4573,N/A,0.871,297.64,3.4528,0.701,N/A,4.138,N/A,4.3587,8.3239,N/A,N/A,1.2355,N/A,7.4435,7.5908,40.1213,N/A,2.349,1.2738,2.5578,1.347,8.1413,10.1525,12676.07,4.8163,71.177,1427.23,16.6598,4.0658,1.5789,53.221,1.6317,38.903,11.8996,
2013-03-07,1.301,122.8,1.9558,N/A,25.51,7.4546,N/A,0.865,299.5,3.4528,0.7005,N/A,4.1512,N/A,4.355,8.294,N/A,N/A,1.2318,N/A,7.4165,7.5905,40.03,N/A,2.3407,1.2685,2.5612,1.3422,8.0926,10.092,12612.44,4.8481,71.051,1415.45,16.6541,4.043,1.5704,53.02,1.6229,38.705,11.934,
2013-03-06,1.3035,121.85,1.9558,N/A,25.565,7.4556,N/A,0.8644,298.55,3.4528,0.7008,N/A,4.1495,N/A,4.3578,8.3159,N/A,N/A,1.2301,N/A,7.425,7.5928,39.985,N/A,2.3365,1.267,2.5631,1.3408,8.1066,10.1099,12638.96,4.8582,71.37,1412.69,16.5647,4.0497,1.563,53.067,1.6244,38.792,11.798,
2013-03-05,1.3034,121.45,1.9558,N/A,25.629,7.4557,N/A,0.8598,298.87,3.4528,0.701,N/A,4.131,N/A,4.3635,8.3384,N/A,N/A,1.2277,N/A,7.44,7.593,40.03,N/A,2.3391,1.2735,2.568,1.3379,8.1065,10.1096,12642.74,4.8686,71.511,1418.7,16.6001,4.044,1.5763,53.115,1.6244,38.841,11.8214,
2013-03-04,1.3007,121.67,1.9558,N/A,25.66,7.4555,N/A,0.864,296.71,3.4528,0.7004,N/A,4.1398,N/A,4.365,8.3801,N/A,N/A,1.2256,N/A,7.4455,7.5955,39.9987,N/A,2.3444,1.2821,2.5809,1.338,8.0979,10.0878,12636.45,4.8523,71.363,1419.3,16.6451,4.0413,1.5818,53.085,1.6212,38.8,11.8202,
2013-03-01,1.3,120.53,1.9558,N/A,25.677,7.4562,N/A,0.8647,295.23,3.4528,0.7006,N/A,4.1477,N/A,4.364,8.366,N/A,N/A,1.2245,N/A,7.4855,7.5912,39.975,N/A,2.3457,1.2741,2.5825,1.3437,8.0908,10.0829,12601.05,4.8488,71.388,1415.56,16.7042,4.0262,1.5759,52.867,1.612,38.727,11.8092,
2013-02-28,1.3129,121.07,1.9558,N/A,25.637,7.456,N/A,0.863,295.8,3.4528,0.7007,N/A,4.1515,N/A,4.3588,8.4475,N/A,N/A,1.2209,N/A,7.487,7.5855,40.0833,N/A,2.358,1.2809,2.5871,1.3461,8.172,10.183,12702.12,4.867,71.386,1423.71,16.7554,4.0617,1.581,53.427,1.6237,39.085,11.755,
2013-02-27,1.3097,120.06,1.9558,N/A,25.637,7.4566,N/A,0.86405,295.55,3.4528,0.7006,N/A,4.1648,N/A,4.3712,8.4352,N/A,N/A,1.2177,N/A,7.467,7.5928,40.024,N/A,2.364,1.2842,2.595,1.3434,8.1563,10.1604,12695.41,4.8811,70.521,1421.31,16.8211,4.061,1.5895,53.307,1.6225,39.081,11.622,
2013-02-26,1.3077,120.2,1.9558,N/A,25.561,7.4589,N/A,0.8633,294.93,3.4528,0.6996,N/A,4.1678,N/A,4.378,8.4594,N/A,N/A,1.2167,N/A,7.4595,7.5925,40.0105,N/A,2.3637,1.2763,2.5922,1.3418,8.1481,10.1467,12694.71,4.8798,70.74,1425.53,16.7459,4.0566,1.5805,53.373,1.6209,39.009,11.5378,
2013-02-25,1.3304,125,1.9558,N/A,25.52,7.4614,N/A,0.8789,293.54,3.4528,0.6999,N/A,4.147,N/A,4.3773,8.474,N/A,N/A,1.2305,N/A,7.4675,7.5885,40.235,N/A,2.3879,1.2897,2.6142,1.3602,8.2982,10.3191,12911.54,4.9411,71.609,1443.5,16.8455,4.1219,1.5832,54.092,1.6454,39.673,11.7421,
2013-02-22,1.3186,122.98,1.9558,N/A,25.492,7.4596,N/A,0.86205,292.55,3.4528,0.6997,N/A,4.1539,N/A,4.3784,8.4572,N/A,N/A,1.2272,N/A,7.467,7.5887,40.06,N/A,2.3639,1.2763,2.5939,1.3458,8.2289,10.2277,12799.65,4.8907,71.537,1431.09,16.7762,4.0896,1.5736,53.717,1.632,39.347,11.6984,
2013-02-21,1.3186,122.85,1.9558,N/A,25.496,7.4596,N/A,0.8642,292.47,3.4528,0.6997,N/A,4.1735,N/A,4.3795,8.4615,N/A,N/A,1.229,N/A,7.4755,7.5905,40.068,N/A,2.3656,1.2859,2.5935,1.3437,8.2274,10.2267,12807.01,4.845,72.002,1435.48,16.8313,4.0975,1.5796,53.829,1.6344,39.373,11.764,
2013-02-20,1.337,125.09,1.9558,N/A,25.393,7.4604,N/A,0.8733,291.31,3.4528,0.6997,N/A,4.1569,N/A,4.3785,8.4297,N/A,N/A,1.2347,N/A,7.4065,7.5915,40.2302,N/A,2.3792,1.2961,2.6145,1.3567,8.3401,10.3678,12940.94,4.8978,72.301,1442.83,16.9117,4.14,1.5972,54.426,1.654,39.869,11.8659,
2013-02-19,1.3349,124.81,1.9558,N/A,25.434,7.4599,N/A,0.8631,290.79,3.4528,0.6997,N/A,4.1679,N/A,4.3786,8.4483,N/A,N/A,1.2332,N/A,7.417,7.589,40.21,N/A,2.372,1.2905,2.6169,1.3504,8.3356,10.3517,12956.12,4.9182,72.545,1442.08,16.9185,4.144,1.5803,54.266,1.653,39.873,11.8713,
2013-02-18,1.3352,125.24,1.9558,N/A,25.388,7.4596,N/A,0.8619,291.97,3.4528,0.6995,N/A,4.1891,N/A,4.3861,8.4598,N/A,N/A,1.2332,N/A,7.407,7.5863,40.23,N/A,2.3587,1.2946,2.6279,1.3439,8.3391,10.3538,12923.07,4.9109,72.508,1446.43,16.9444,4.1384,1.5797,54.183,1.6539,39.909,11.7906,
2013-02-15,1.3325,124.03,1.9558,N/A,25.386,7.4589,N/A,0.8604,292.38,3.4528,0.6996,N/A,4.1906,N/A,4.3885,8.4557,N/A,N/A,1.2303,N/A,7.3945,7.586,40.155,N/A,2.3572,1.2895,2.6075,1.336,8.3044,10.333,12885.3,4.912,72.355,1440.15,16.9221,4.1228,1.5703,54.159,1.6487,39.802,11.7457,
2013-02-14,1.3327,124.39,1.9558,N/A,25.383,7.4604,N/A,0.8594,292.52,3.4528,0.6997,N/A,4.1765,N/A,4.3871,8.4492,N/A,N/A,1.2293,N/A,7.3605,7.5863,40.1712,N/A,2.3605,1.2879,2.622,1.3343,8.3062,10.3352,12873.4,4.9036,71.873,1445.93,16.9523,4.117,1.5715,54.251,1.6491,39.728,11.8588,
2013-02-13,1.348,125.95,1.9558,N/A,25.423,7.4616,N/A,0.866,289.1,3.4528,0.6997,N/A,4.1718,N/A,4.3868,8.4768,N/A,N/A,1.2365,N/A,7.371,7.584,40.492,N/A,2.3788,1.3036,2.6569,1.3518,8.4014,10.455,13001.89,4.9672,72.548,1464.91,17.0794,4.1659,1.6022,54.82,1.6696,40.197,11.9221,
2013-02-12,1.3438,126.6,1.9558,N/A,25.315,7.4615,N/A,0.8615,291.28,3.4528,0.6998,N/A,4.176,N/A,4.4075,8.5701,N/A,N/A,1.2328,N/A,7.387,7.5795,40.44,N/A,2.3859,1.3107,2.6506,1.3512,8.3771,10.4218,12960.47,4.967,72.3441,1469.16,17.1363,4.1657,1.6081,54.733,1.6714,40.139,12.0666,
2013-02-11,1.3391,125.12,1.9558,N/A,25.24,7.4617,N/A,0.8535,291.72,3.4528,0.6995,N/A,4.1537,N/A,4.4003,8.5754,N/A,N/A,1.2294,N/A,7.3795,7.5765,40.4,N/A,2.3744,1.3029,2.6429,1.3494,8.3458,10.3847,12869.99,4.9572,72.117,1464.81,17.097,4.1492,1.6081,54.535,1.6599,39.972,11.9345,
2013-02-08,1.3374,123.52,1.9558,N/A,25.243,7.4603,N/A,0.84635,292.22,3.4528,0.6996,N/A,4.1592,N/A,4.397,8.595,N/A,N/A,1.2282,N/A,7.391,7.579,40.384,N/A,2.3707,1.2942,2.6188,1.3361,8.3392,10.3723,12932.08,4.9436,71.558,1461.8,17.0465,4.1435,1.5962,54.431,1.6553,39.841,11.9361,
2013-02-07,1.3546,126.88,1.9558,N/A,25.275,7.4605,N/A,0.8624,294.35,3.4528,0.6998,N/A,4.1885,N/A,4.4103,8.6339,N/A,N/A,1.2312,N/A,7.435,7.579,40.691,N/A,2.394,1.3135,2.6881,1.3488,8.442,10.5067,13144.55,4.9937,72.18,1479.03,17.1761,4.2002,1.6241,55.058,1.6775,40.34,12.074,
2013-02-06,1.3517,126.48,1.9558,N/A,25.732,7.4597,N/A,0.8631,294.23,3.4528,0.6999,N/A,4.1868,N/A,4.3895,8.5895,N/A,N/A,1.2348,N/A,7.423,7.5865,40.5934,N/A,2.3858,1.3109,2.6869,1.3493,8.4238,10.4814,13117.76,4.9957,71.849,1474.24,17.1056,4.1864,1.6061,54.973,1.673,40.267,12.0593,
2013-02-05,1.3537,126.33,1.9558,N/A,25.647,7.4595,N/A,0.8599,292.33,3.4528,0.6999,N/A,4.1815,N/A,4.3767,8.5632,N/A,N/A,1.2299,N/A,7.414,7.591,40.648,N/A,2.3837,1.303,2.6934,1.3511,8.4341,10.4965,13094.58,4.9988,71.929,1472.49,17.1341,4.1908,1.6074,55.022,1.6762,40.273,12.017,
2013-02-04,1.3552,125.63,1.9558,N/A,25.669,7.4599,N/A,0.8619,293.23,3.4528,0.7003,N/A,4.164,N/A,4.372,8.5823,N/A,N/A,1.235,N/A,7.4275,7.5915,40.649,N/A,2.379,1.299,2.6975,1.3509,8.4482,10.5081,13112.82,4.999,72.198,1478.02,17.1751,4.208,1.6002,55,1.6781,40.344,12.1188,
2013-02-01,1.3644,125.78,1.9558,N/A,25.638,7.4602,N/A,0.8617,292.37,3.4528,0.7003,N/A,4.1792,N/A,4.375,8.6022,N/A,N/A,1.2351,N/A,7.4275,7.5915,40.9094,N/A,2.3936,1.3132,2.7089,1.3637,8.4965,10.5847,13251.54,5.0492,72.583,1493.94,17.3704,4.2452,1.6191,55.502,1.6934,40.659,12.212,
2013-01-31,1.355,123.32,1.9558,N/A,25.619,7.4613,N/A,0.857,292.27,3.4528,0.6995,N/A,4.1945,N/A,4.3843,8.6325,N/A,N/A,1.2342,N/A,7.435,7.594,40.7765,N/A,2.3876,1.3009,2.6892,1.3577,8.4267,10.5106,13141.28,5.0517,72.12,1472.1,17.2173,4.2086,1.6164,55.116,1.6768,40.42,12.1048,
2013-01-30,1.3541,123.55,1.9558,N/A,25.652,7.4609,N/A,0.8583,296.08,3.4528,0.6991,N/A,4.1988,N/A,4.3848,8.6117,N/A,N/A,1.2392,N/A,7.435,7.594,40.6344,N/A,2.3959,1.2996,2.6929,1.3573,8.4239,10.5063,13199.01,5.0531,72.16,1472.56,17.2154,4.1756,1.6262,55.044,1.6737,40.284,12.2576,
2013-01-29,1.3433,121.52,1.9558,N/A,25.659,7.4595,N/A,0.8536,297.4,3.4528,0.6991,N/A,4.209,N/A,4.3835,8.611,N/A,N/A,1.2416,N/A,7.411,7.587,40.49,N/A,2.3805,1.286,2.6773,1.351,8.3659,10.4223,13003.25,5.0049,72.196,1458.03,17.1112,4.1421,1.6072,54.836,1.6629,40.098,12.1785,
2013-01-28,1.3444,122.21,1.9558,N/A,25.69,7.4605,N/A,0.8545,298.4,3.4528,0.6987,N/A,4.1989,N/A,4.3963,8.6583,N/A,N/A,1.2472,N/A,7.442,7.5878,40.502,N/A,2.3734,1.293,2.7361,1.3562,8.3717,10.4295,13011.59,5.0091,72.483,1466.53,17.1653,4.095,1.621,55.091,1.6646,40.278,12.0906,
2013-01-25,1.3469,122.71,1.9558,N/A,25.605,7.4626,N/A,0.8514,297.89,3.4528,0.6987,N/A,4.1769,N/A,4.3633,8.6889,N/A,N/A,1.2444,N/A,7.424,7.5813,40.443,N/A,2.3787,1.2917,2.7339,1.3553,8.379,10.444,12999.31,5.0023,72.463,1451.15,17.0448,4.1114,1.6099,54.821,1.6586,40.304,12.13,
2013-01-24,1.3349,119.73,1.9558,N/A,25.597,7.462,N/A,0.8439,294.9,3.4528,0.6985,N/A,4.1909,N/A,4.3685,8.6879,N/A,N/A,1.2417,N/A,7.4135,7.5743,40.2012,N/A,2.3661,1.2737,2.7171,1.3374,8.3069,10.3497,12847.94,4.9611,71.758,1426.7,16.9385,4.0682,1.5881,54.205,1.6393,39.78,12.0664,
2013-01-23,1.333,117.98,1.9558,N/A,25.597,7.4629,N/A,0.8407,294.57,3.4528,0.6979,N/A,4.1638,N/A,4.3755,8.6909,N/A,N/A,1.2385,N/A,7.4015,7.579,40.2314,N/A,2.3591,1.2635,2.7205,1.3222,8.2891,10.3351,12832.9,4.9662,71.459,1421.9,16.8538,4.0569,1.5827,54.201,1.6347,39.71,11.965,
2013-01-22,1.3317,118.18,1.9558,N/A,25.613,7.4636,N/A,0.83965,294.32,3.4528,0.6978,N/A,4.1737,N/A,4.3572,8.6909,N/A,N/A,1.2383,N/A,7.442,7.5833,40.2588,N/A,2.3593,1.2613,2.7279,1.3242,8.284,10.3244,12823.79,4.9837,71.539,1416.26,16.9153,4.0517,1.5837,54.096,1.6344,39.605,11.7943,
2013-01-21,1.3323,119.37,1.9558,N/A,25.626,7.4633,N/A,0.839,292.55,3.4528,0.6976,N/A,4.1699,N/A,4.3603,8.6936,N/A,N/A,1.2421,N/A,7.444,7.5815,40.3,N/A,2.35,1.2665,2.7197,1.323,8.2892,10.3296,12812.25,4.9778,71.618,1417.64,16.9175,4.0434,1.5925,54.23,1.6375,39.623,11.8266,
2013-01-18,1.3324,119.87,1.9558,N/A,25.635,7.4631,N/A,0.8372,292.74,3.4528,0.6975,N/A,4.1455,N/A,4.3398,8.6642,N/A,N/A,1.2446,N/A,7.46,7.5638,40.3426,N/A,2.346,1.2674,2.723,1.3192,8.2879,10.3296,12831.19,4.9653,71.744,1410.28,16.7882,4.014,1.5931,54.107,1.6339,39.626,11.8544,
2013-01-17,1.3368,119.32,1.9558,N/A,25.546,7.4626,N/A,0.8341,293.58,3.4528,0.6977,N/A,4.1203,N/A,4.3279,8.643,N/A,N/A,1.2453,N/A,7.4055,7.5635,40.4566,N/A,2.3499,1.2694,2.7294,1.3193,8.3165,10.3637,12899.64,4.9718,72.709,1412.54,16.8504,4.0311,1.5921,54.308,1.636,39.797,11.7323,
2013-01-16,1.3277,117.06,1.9558,N/A,25.58,7.4624,N/A,0.8301,294.99,3.4528,0.6976,N/A,4.1312,N/A,4.3388,8.6341,N/A,N/A,1.2359,N/A,7.42,7.5605,40.375,N/A,2.35,1.2593,2.7082,1.3102,8.2552,10.2934,12820.16,4.954,72.804,1406.9,16.8084,4.009,1.5826,53.989,1.6254,39.645,11.733,
2013-01-15,1.3327,118.04,1.9558,N/A,25.613,7.4625,N/A,0.83025,294.72,3.4528,0.6972,N/A,4.12,N/A,4.3905,8.6338,N/A,N/A,1.2358,N/A,7.3995,7.5605,40.343,N/A,2.3623,1.2653,2.7157,1.3142,8.2837,10.3323,12854.28,4.9756,72.799,1408.36,16.888,4.0114,1.5886,54.101,1.6332,40.008,11.687,
2013-01-14,1.3341,119.1,1.9558,N/A,25.613,7.4626,N/A,0.8312,297.08,3.4528,0.6973,N/A,4.12,N/A,4.3848,8.6178,N/A,N/A,1.2243,N/A,7.3625,7.568,40.353,N/A,2.3622,1.2632,2.7147,1.3158,8.2985,10.3423,12855.87,4.9781,72.708,1409.49,16.9097,4.025,1.586,54.227,1.6367,40.343,11.6094,
2013-01-11,1.3274,118.18,1.9558,N/A,25.613,7.4611,N/A,0.8232,296.56,3.4528,0.6975,N/A,4.1,N/A,4.3792,8.6248,N/A,N/A,1.2157,N/A,7.349,7.5735,40.2307,N/A,2.3489,1.2561,2.7013,1.306,8.2523,10.29,12789.62,4.97,72.688,1401.12,16.7598,4.0101,1.5801,53.95,1.627,40.18,11.5471,
2013-01-10,1.3113,115.76,1.9558,N/A,25.629,7.4607,N/A,0.8172,291.59,3.4528,0.6966,N/A,4.0888,N/A,4.3757,8.5666,N/A,N/A,1.2104,N/A,7.298,7.572,39.7292,N/A,2.3275,1.2403,2.672,1.2928,8.163,10.1645,12668.61,4.9549,71.6671,1389.38,16.6112,3.9727,1.555,53.227,1.6059,39.732,11.3378,
2013-01-09,1.3056,114.34,1.9558,N/A,25.529,7.4606,N/A,0.81505,290.66,3.4528,0.6968,N/A,4.109,N/A,4.4088,8.5954,N/A,N/A,1.2089,N/A,7.325,7.5715,39.707,N/A,2.3212,1.2419,2.6601,1.2893,8.1288,10.1206,12612.58,4.9402,71.488,1385.33,16.6719,3.9682,1.5579,53.302,1.6028,39.651,11.2095,
2013-01-08,1.3086,114.56,1.9558,N/A,25.587,7.4603,N/A,0.8145,292.7,3.4528,0.6969,N/A,4.1245,N/A,4.411,8.5766,N/A,N/A,1.2092,N/A,7.3255,7.5725,39.609,N/A,2.3281,1.2466,2.6483,1.2899,8.1462,10.1435,12655.08,4.9333,72.058,1390.63,16.6881,3.9817,1.566,53.401,1.608,39.834,11.2239,
2013-01-07,1.3039,114.48,1.9558,N/A,25.539,7.4597,N/A,0.8117,291.57,3.4528,0.6975,N/A,4.1193,N/A,4.4223,8.5144,N/A,N/A,1.2087,N/A,7.306,7.5685,39.6909,N/A,2.3239,1.2421,2.6473,1.2871,8.123,10.1065,12605.28,4.9451,72.008,1386.29,16.5971,3.9684,1.5614,53.308,1.6035,39.691,11.2074,
2013-01-04,1.3012,114.96,1.9558,N/A,25.355,7.4591,N/A,0.8123,290.95,3.4528,0.6973,N/A,4.1165,N/A,4.4276,8.531,N/A,N/A,1.2092,N/A,7.299,7.5755,39.656,N/A,2.3287,1.2494,2.6595,1.2897,8.1073,10.0864,12569.59,4.92,71.664,1384.67,16.6586,3.9657,1.5806,53.24,1.6014,39.7,11.2597,
2013-01-03,1.3102,113.93,1.9558,N/A,25.26,7.4599,N/A,0.81075,291.09,3.4528,0.6977,N/A,4.0884,N/A,4.4203,8.5398,N/A,N/A,1.209,N/A,7.2915,7.5665,39.699,N/A,2.3354,1.2471,2.6828,1.2923,8.1703,10.1558,12648.62,4.9113,71.412,1392.21,16.7293,3.9719,1.5728,53.411,1.6019,39.791,11.2507,
2013-01-02,1.3262,115.38,1.9558,N/A,25.218,7.4602,N/A,0.814,291.71,3.4528,0.6981,N/A,4.0727,N/A,4.4363,8.5704,N/A,N/A,1.209,N/A,7.3175,7.5625,40.034,N/A,2.3594,1.2637,2.707,1.306,8.2663,10.2791,12953.91,4.9244,72.03,1409.05,16.9319,4.0255,1.5859,54.105,1.6184,40.237,11.2388,
2012-12-31,1.3194,113.61,1.9558,N/A,25.151,7.461,N/A,0.8161,292.3,3.4528,0.6977,N/A,4.074,N/A,4.4445,8.582,N/A,N/A,1.2072,N/A,7.3483,7.5575,40.3295,N/A,2.3551,1.2712,2.7036,1.3137,8.2207,10.226,12713.97,4.9258,72.56,1406.23,17.1845,4.0347,1.6045,54.107,1.6111,40.347,11.1727,
2012-12-28,1.3183,113.5,1.9558,N/A,25.14,7.4604,N/A,0.81695,290.79,3.4528,0.6978,N/A,4.0809,N/A,4.4385,8.5615,N/A,N/A,1.208,N/A,7.3375,7.55,40.23,N/A,2.3584,1.2692,2.6928,1.3122,8.2172,10.2191,12705.29,4.9194,72.1835,1407.37,17.1386,4.0357,1.6053,54.098,1.6124,40.353,11.2211,
2012-12-27,1.3266,113.87,1.9558,N/A,25.115,7.4602,N/A,0.8199,291.43,3.4528,0.6971,N/A,4.0688,N/A,4.4215,8.6273,N/A,N/A,1.2082,N/A,7.376,7.5558,40.3706,N/A,2.3757,1.2782,2.7186,1.3156,8.274,10.2834,12820.43,4.9436,72.913,1422.42,17.1939,4.0598,1.6183,54.589,1.6212,40.66,11.2774,
2012-12-24,1.3218,111.64,1.9558,N/A,25.127,7.4616,N/A,0.8175,290.19,3.4528,0.6965,N/A,4.0816,N/A,4.4181,8.6323,N/A,N/A,1.207,N/A,7.3695,7.544,40.503,N/A,2.3769,1.2715,2.7487,1.3124,8.2394,10.2447,12762.86,4.951,72.64,1419.69,17.0977,4.0511,1.6071,54.362,1.6129,40.46,11.342,
2012-12-21,1.3209,110.99,1.9558,N/A,25.189,7.4612,N/A,0.8142,287.2,3.4528,0.6964,N/A,4.0645,N/A,4.4473,8.5945,N/A,N/A,1.2077,N/A,7.3155,7.537,40.595,N/A,2.3709,1.2662,2.736,1.309,8.2311,10.2371,12758.09,4.948,72.749,1421.45,17.0072,4.043,1.6029,54.3,1.6126,40.459,11.3067,
2012-12-20,1.3246,111.52,1.9558,N/A,25.228,7.4612,N/A,0.8146,286.13,3.4528,0.6963,N/A,4.073,N/A,4.4743,8.6349,N/A,N/A,1.2079,N/A,7.3645,7.5333,40.657,N/A,2.367,1.2632,2.7308,1.3106,8.2554,10.2657,12786.61,4.9654,72.674,1423.62,16.9287,4.0473,1.5882,54.424,1.6148,40.559,11.279,
2012-12-19,1.3302,112.36,1.9558,N/A,25.254,7.4608,N/A,0.8161,286.81,3.4528,0.6963,N/A,4.0736,N/A,4.4755,8.6662,N/A,N/A,1.2096,N/A,7.3755,7.5355,40.79,N/A,2.3682,1.2667,2.7678,1.3126,8.2902,10.3092,12836.19,4.9814,72.569,1426.11,16.8993,4.0618,1.5889,54.493,1.6212,40.717,11.2696,
2012-12-18,1.3178,110.53,1.9558,N/A,25.2,7.4603,N/A,0.8128,288.4,3.4528,0.6961,N/A,4.0928,N/A,4.47,8.7378,N/A,N/A,1.208,N/A,7.385,7.538,40.685,N/A,2.3476,1.2512,2.7595,1.2972,8.2079,10.2131,12707.71,4.9615,72.288,1413.3,16.7795,4.0236,1.566,54.068,1.6053,40.285,11.2733,
2012-12-17,1.316,110.39,1.9558,N/A,25.222,7.4613,N/A,0.812,287.19,3.4528,0.6963,N/A,4.089,N/A,4.4647,8.754,N/A,N/A,1.2082,N/A,7.3705,7.5335,40.565,N/A,2.3472,1.2494,2.7501,1.299,8.2105,10.1991,12686.72,4.9732,72.216,1411.5,16.8182,4.0264,1.5604,54.048,1.6062,40.27,11.2502,
2012-12-14,1.3081,109.55,1.9558,N/A,25.231,7.4613,N/A,0.8115,283.76,3.4528,0.6963,N/A,4.0861,N/A,4.472,8.7743,N/A,N/A,1.2089,N/A,7.3715,7.523,40.2507,N/A,2.3306,1.2429,2.7244,1.2878,8.1704,10.1378,12609.02,4.9687,71.28,1406.04,16.7345,3.9982,1.5564,53.734,1.598,40.067,11.33,
2012-12-13,1.3077,109.18,1.9558,N/A,25.289,7.461,N/A,0.81005,283.5,3.4528,0.6962,N/A,4.0933,N/A,4.4915,8.7215,N/A,N/A,1.209,N/A,7.3325,7.5185,40.09,N/A,2.328,1.2391,2.7126,1.2852,8.1849,10.1348,12598.62,4.942,70.9473,1404.42,16.663,3.9946,1.5476,53.727,1.5962,40.081,11.3015,
2012-12-12,1.304,108.12,1.9558,N/A,25.265,7.4604,N/A,0.80775,282.33,3.4528,0.6961,N/A,4.0969,N/A,4.5268,8.6275,N/A,N/A,1.2109,N/A,7.3295,7.5225,39.9645,N/A,2.3198,1.2358,2.7112,1.285,8.148,10.1061,12558.82,4.932,70.749,1400.12,16.6319,3.9792,1.5504,53.502,1.5926,39.928,11.3109,
2012-12-11,1.2993,107.11,1.9558,N/A,25.29,7.4593,N/A,0.8074,282.14,3.4528,0.6961,N/A,4.0921,N/A,4.5443,8.6449,N/A,N/A,1.2115,N/A,7.3375,7.5245,39.865,N/A,2.3173,1.2381,2.6951,1.282,8.1157,10.0697,12519.24,4.948,70.513,1397.72,16.609,3.972,1.5515,53.091,1.5868,39.785,11.28,
2012-12-10,1.293,106.23,1.9558,N/A,25.245,7.4591,N/A,0.8044,283.51,3.4528,0.6963,N/A,4.1235,N/A,4.5375,8.6336,N/A,N/A,1.2068,N/A,7.325,7.5263,39.744,N/A,2.3167,1.2318,2.6877,1.2761,8.0684,10.0208,12452.8,4.9504,70.475,1394.66,16.5673,3.9583,1.5501,52.908,1.5795,39.63,11.2365,
2012-12-07,1.2905,106.19,1.9558,N/A,25.208,7.459,N/A,0.8061,283.96,3.4528,0.6964,N/A,4.1312,N/A,4.5385,8.618,N/A,N/A,1.2077,N/A,7.3305,7.5238,39.9503,N/A,2.3118,1.2318,2.686,1.2806,8.0358,10.0015,12417.98,4.9491,70.3,1397.67,16.6145,3.9434,1.5506,52.876,1.5757,39.593,11.2242,
2012-12-06,1.3072,107.66,1.9558,N/A,25.195,7.4592,N/A,0.81135,283.48,3.4528,0.6963,N/A,4.134,N/A,4.5418,8.6294,N/A,N/A,1.2114,N/A,7.336,7.532,40.3332,N/A,2.3388,1.2456,2.7199,1.2961,8.1439,10.1308,12591.79,4.9849,70.769,1417.21,16.8684,3.9845,1.5693,53.525,1.5936,40.079,11.4205,
2012-12-05,1.3065,107.31,1.9558,N/A,25.218,7.4599,N/A,0.8119,282.62,3.4528,0.6965,N/A,4.1198,N/A,4.5445,8.651,N/A,N/A,1.2128,N/A,7.356,7.52,40.267,N/A,2.335,1.2483,2.7511,1.296,8.1395,10.1255,12582.01,4.9672,71.278,1414.07,16.9098,3.9735,1.5826,53.378,1.5921,40.083,11.4554,
2012-12-04,1.3092,107.28,1.9558,N/A,25.243,7.4604,N/A,0.8123,282.39,3.4528,0.6964,N/A,4.1291,N/A,4.5343,8.6265,N/A,N/A,1.2136,N/A,7.3465,7.5265,40.3515,N/A,2.3367,1.2497,2.7575,1.3013,8.1506,10.1463,12580.93,4.9957,71.571,1419.25,16.9802,3.983,1.5866,53.449,1.5941,40.179,11.5504,
2012-12-03,1.3057,107.36,1.9558,N/A,25.256,7.4602,N/A,0.8121,281.89,3.4528,0.6963,N/A,4.1116,N/A,4.5234,8.6558,N/A,N/A,1.2087,N/A,7.349,7.532,40.3751,N/A,2.3329,1.2517,2.7477,1.2964,8.1328,10.1193,12534.89,4.9758,71.522,1413.94,16.8362,3.9727,1.5891,53.445,1.5911,40.02,11.5385,
2012-11-30,1.2986,107.37,1.9558,N/A,25.262,7.46,N/A,0.8108,281.03,3.4528,0.6962,N/A,4.1052,N/A,4.5148,8.6625,N/A,N/A,1.2054,N/A,7.376,7.5385,40.1786,N/A,2.3213,1.2474,2.7391,1.2904,8.0899,10.0643,12470.89,4.9541,70.676,1406.31,16.7648,3.9475,1.5865,52.989,1.5859,39.867,11.4717,
2012-11-29,1.2994,106.72,1.9558,N/A,25.226,7.4604,N/A,0.81053,279.3,3.4528,0.6962,N/A,4.0968,N/A,4.51,8.6371,N/A,N/A,1.2043,N/A,7.35,7.5391,40.06,N/A,2.3241,1.2432,2.7264,1.2886,8.0917,10.0704,12490.31,4.974,71.24,1407.53,16.8116,3.9569,1.5763,53.001,1.5857,39.905,11.4055,
2012-11-28,1.2891,105.44,1.9558,N/A,25.265,7.4592,N/A,0.80687,281.1,3.4528,0.6965,N/A,4.1076,N/A,4.5156,8.6174,N/A,N/A,1.2033,N/A,7.3415,7.5505,40.153,N/A,2.3101,1.2339,2.6947,1.2823,8.026,9.9908,12403.25,4.981,71.5,1403.25,16.8552,3.9351,1.571,52.695,1.5775,39.614,11.4339,
2012-11-27,1.2961,106.46,1.9558,N/A,25.304,7.4581,N/A,0.8081,280.06,3.4528,0.6963,N/A,4.0905,N/A,4.505,8.642,N/A,N/A,1.2043,N/A,7.3575,7.5525,40.151,N/A,2.324,1.2372,2.6878,1.2846,8.0647,10.0449,12444.34,4.9987,71.752,1406.92,16.8137,3.9492,1.5743,52.908,1.5832,39.764,11.414,
2012-11-26,1.2964,106.47,1.9558,N/A,25.293,7.458,N/A,0.80995,281.83,3.4528,0.6963,N/A,4.1032,N/A,4.5276,8.5763,N/A,N/A,1.2046,N/A,7.337,7.5625,40.211,N/A,2.327,1.2416,2.6932,1.2884,8.0707,10.0472,12472.66,5.0114,72.112,1408.22,16.8255,3.9605,1.577,53.146,1.5851,39.774,11.5072,
2012-11-23,1.2909,106.19,1.9558,N/A,25.339,7.4579,N/A,0.8101,280.49,3.4528,0.6961,N/A,4.1192,N/A,4.5373,8.5879,N/A,N/A,1.205,N/A,7.329,7.558,40.1967,N/A,2.3201,1.2393,2.7263,1.2865,8.0406,10.0049,12422.81,5.0052,71.6902,1402.61,16.7933,3.9485,1.576,53.048,1.5802,39.631,11.4758,
2012-11-22,1.2893,106.42,1.9558,N/A,25.422,7.4577,N/A,0.8077,279.06,3.4528,0.6962,N/A,4.1092,N/A,4.5323,8.6065,N/A,N/A,1.2045,N/A,7.325,7.5535,40.152,N/A,2.3194,1.242,2.6959,1.2841,8.0349,9.9934,12423.85,4.9875,71.0958,1399.76,16.7523,3.9465,1.5809,53.012,1.5795,39.582,11.5363,
2012-11-21,1.2805,105.49,1.9558,N/A,25.484,7.4574,N/A,0.8037,281.27,3.4528,0.6961,N/A,4.1249,N/A,4.5345,8.622,N/A,N/A,1.2041,N/A,7.326,7.56,39.9872,N/A,2.3097,1.2358,2.6784,1.2774,7.98,9.9249,12337.14,5.0113,70.575,1387.05,16.6777,3.919,1.5741,52.716,1.5691,39.311,11.4849,
2012-11-20,1.2809,104.39,1.9558,N/A,25.399,7.4582,N/A,0.80465,281.56,3.4528,0.6961,N/A,4.1278,N/A,4.537,8.6463,N/A,N/A,1.2049,N/A,7.335,7.5497,40.1774,N/A,2.3016,1.2331,2.6648,1.2755,7.9837,9.929,12343.73,5.0285,70.571,1388.01,16.7542,3.9169,1.5684,52.766,1.5683,39.285,11.3448,
2012-11-19,1.2762,103.6,1.9558,N/A,25.418,7.4584,N/A,0.8032,283.42,3.4528,0.6961,N/A,4.1458,N/A,4.5363,8.6419,N/A,N/A,1.2045,N/A,7.3715,7.5415,40.31,N/A,2.3007,1.2283,2.6494,1.2744,7.9569,9.893,12288.36,5.031,70.274,1386.91,16.7125,3.9101,1.5621,52.489,1.5632,39.205,11.2874,
2012-11-16,1.2745,103.44,1.9558,N/A,25.534,7.4585,N/A,0.80245,284.18,3.4528,0.6963,N/A,4.1615,N/A,4.5333,8.6493,N/A,N/A,1.2042,N/A,7.3695,7.5375,40.4368,N/A,2.2944,1.2337,2.6391,1.2753,7.9471,9.8803,12272.52,5.0496,70.321,1390.81,16.8339,3.9127,1.5739,52.728,1.5638,39.191,11.2927,
2012-11-15,1.2756,103.66,1.9558,N/A,25.566,7.4587,N/A,0.80545,284.28,3.4528,0.6961,N/A,4.16,N/A,4.5383,8.648,N/A,N/A,1.2042,N/A,7.3595,7.5375,40.3848,N/A,2.2982,1.235,2.6332,1.2782,7.952,9.8876,12276.21,5.045,69.756,1388.09,16.917,3.9097,1.5727,52.63,1.5622,39.186,11.4333,
2012-11-14,1.2726,102,1.9558,N/A,25.5,7.4581,N/A,0.8026,285.06,3.4528,0.6961,N/A,4.1775,N/A,4.543,8.626,N/A,N/A,1.204,N/A,7.322,7.537,40.345,N/A,2.2965,1.2217,2.628,1.2741,7.9222,9.8634,12249.52,4.9954,69.75,1380.85,16.8079,3.8914,1.5658,52.372,1.5549,39.082,11.2764,
2012-11-13,1.2696,100.93,1.9558,N/A,25.445,7.4572,N/A,0.79965,284.36,3.4528,0.6962,N/A,4.1785,N/A,4.5375,8.6077,N/A,N/A,1.2046,N/A,7.326,7.5363,40.36,N/A,2.2885,1.2187,2.6186,1.2709,7.9116,9.8399,12223.9,4.9855,69.79,1384.35,16.8062,3.897,1.5544,52.181,1.5539,38.951,11.1705,
2012-11-12,1.2735,101.13,1.9558,N/A,25.366,7.4577,N/A,0.802,283.6,3.4528,0.6963,N/A,4.1706,N/A,4.5293,8.5809,N/A,N/A,1.2057,N/A,7.303,7.53,40.2398,N/A,2.29,1.22,2.6053,1.2725,7.9333,9.8704,12243.86,4.9988,69.883,1386.28,16.7975,3.9017,1.5591,52.272,1.5572,39.02,11.09,
2012-11-09,1.2694,100.44,1.9558,N/A,25.396,7.4579,N/A,0.79725,284.4,3.4528,0.6962,N/A,4.1714,N/A,4.5287,8.5745,N/A,N/A,1.2054,N/A,7.3015,7.533,40.1422,N/A,2.276,1.2251,2.6145,1.273,7.9277,9.8391,12221.96,4.9661,69.544,1382.42,16.7982,3.8903,1.5622,52.275,1.5563,38.907,11.1168,
2012-11-08,1.2736,101.74,1.9558,N/A,25.423,7.4591,N/A,0.79655,284.57,3.4528,0.696,N/A,4.1645,N/A,4.5203,8.5105,N/A,N/A,1.2058,N/A,7.302,7.5375,40.153,N/A,2.273,1.223,2.5918,1.269,7.9698,9.8719,12263.02,4.9668,69.239,1388.05,16.6548,3.9017,1.5591,52.413,1.5593,39.1,11.094,
2012-11-07,1.2746,102.11,1.9558,N/A,25.395,7.4594,N/A,0.7984,282.1,3.4528,0.6963,N/A,4.1131,N/A,4.5163,8.5547,N/A,N/A,1.2065,N/A,7.3195,7.5375,40.0973,N/A,2.2713,1.2228,2.5911,1.2662,7.977,9.8788,12251.94,4.9544,69.102,1384.34,16.5991,3.8917,1.5403,52.183,1.5586,39.117,11.0253,
2012-11-06,1.28,102.6,1.9558,N/A,25.305,7.4602,N/A,0.80095,281.8,3.4528,0.6963,N/A,4.121,N/A,4.519,8.5721,N/A,N/A,1.2075,N/A,7.322,7.5325,40.3057,N/A,2.2741,1.2263,2.6033,1.2722,8.0166,9.9203,12312.93,4.9867,69.677,1396.16,16.6568,3.9219,1.5451,52.801,1.5661,39.373,11.149,
2012-11-05,1.2777,102.6,1.9558,N/A,25.234,7.4589,N/A,0.7999,282.58,3.4528,0.6962,N/A,4.1226,N/A,4.524,8.569,N/A,N/A,1.2063,N/A,7.3425,7.525,40.4824,N/A,2.2793,1.2338,2.5999,1.2732,7.982,9.9024,12297.67,4.9885,69.772,1396.33,16.6796,3.9142,1.5515,52.748,1.5659,39.379,11.1668,
2012-11-02,1.285,103.55,1.9558,N/A,25.232,7.4596,N/A,0.8016,281.42,3.4528,0.6962,N/A,4.1088,N/A,4.5275,8.5955,N/A,N/A,1.2073,N/A,7.3305,7.5295,40.315,N/A,2.2975,1.2374,2.6106,1.2783,8.0205,9.9589,12368.1,4.9919,69.147,1402.58,16.6645,3.9237,1.5533,52.897,1.5707,39.514,11.1572,
2012-11-01,1.2975,103.82,1.9558,N/A,25.226,7.4597,N/A,0.80315,282.22,3.4528,0.6962,N/A,4.127,N/A,4.534,8.6398,N/A,N/A,1.2072,N/A,7.3705,7.523,40.6714,N/A,2.3251,1.2491,2.6352,1.2969,8.097,10.0557,12485.32,5.0227,69.682,1416.07,16.9402,3.96,1.5685,53.487,1.583,39.846,11.2351,
2012-10-31,1.2993,103.78,1.9558,N/A,25.064,7.4598,N/A,0.80645,284.05,3.4528,0.6962,N/A,4.139,N/A,4.542,8.6,N/A,N/A,1.2076,N/A,7.3855,7.527,40.7049,N/A,2.3312,1.2528,2.6389,1.3005,8.1041,10.0697,12481.56,5.0403,69.92,1417.18,16.9685,3.9597,1.581,53.527,1.5853,39.876,11.2692,
2012-10-30,1.2962,103,1.9558,N/A,25.022,7.4597,N/A,0.8062,284.58,3.4528,0.6961,N/A,4.1305,N/A,4.5403,8.6155,N/A,N/A,1.2085,N/A,7.438,7.5295,40.645,N/A,2.3307,1.2489,2.6334,1.2961,8.0884,10.0457,12463.11,5.0459,69.951,1414.71,16.9152,3.956,1.5765,53.384,1.5808,39.78,11.1852,
2012-10-29,1.2898,102.69,1.9558,N/A,25.021,7.4597,N/A,0.80455,285.13,3.4528,0.6961,N/A,4.1489,N/A,4.5486,8.6219,N/A,N/A,1.2087,N/A,7.452,7.5375,40.5871,N/A,2.3237,1.2455,2.6169,1.2895,8.053,9.9963,12389.97,5.0117,69.759,1416.13,16.829,3.9487,1.5717,53.219,1.5754,39.636,11.2009,
2012-10-26,1.2908,103.15,1.9558,N/A,24.9,7.4592,N/A,0.8012,281.99,3.4528,0.6962,N/A,4.1503,N/A,4.5598,8.673,N/A,N/A,1.209,N/A,7.4675,7.538,40.615,N/A,2.3288,1.2486,2.6148,1.2865,8.0661,10.0041,12448.82,5.0046,69.359,1416.9,16.8304,3.9435,1.574,53.392,1.5774,39.679,11.2745,
2012-10-25,1.2993,104.15,1.9558,N/A,24.901,7.4588,N/A,0.8049,279.72,3.4528,0.6961,N/A,4.14,N/A,4.566,8.6883,N/A,N/A,1.2097,N/A,7.4615,7.553,40.585,N/A,2.3369,1.251,2.6345,1.2884,8.1102,10.0701,12482.86,5.0107,69.61,1425.37,16.8077,3.9545,1.5775,53.588,1.5845,39.876,11.3116,
2012-10-24,1.2942,103.33,1.9558,N/A,24.973,7.4592,N/A,0.8083,280.89,3.4528,0.6963,N/A,4.1357,N/A,4.5765,8.6558,N/A,N/A,1.21,N/A,7.435,7.564,40.625,N/A,2.3365,1.2526,2.6213,1.2807,8.0858,10.0304,12437.74,4.9917,69.669,1428.48,16.7825,3.9619,1.5887,53.613,1.5832,39.758,11.3602,
2012-10-23,1.3005,103.84,1.9558,N/A,24.908,7.4586,N/A,0.81365,281.77,3.4528,0.6963,N/A,4.1342,N/A,4.5785,8.6174,N/A,N/A,1.2098,N/A,7.417,7.563,40.615,N/A,2.3437,1.2662,2.6373,1.2961,8.1308,10.0791,12505.13,4.9848,69.921,1434.96,16.8471,3.9754,1.6002,53.792,1.5929,39.99,11.3724,
2012-10-22,1.3063,104.27,1.9558,N/A,24.899,7.4588,N/A,0.8145,279.57,3.4528,0.6964,N/A,4.1058,N/A,4.577,8.5924,N/A,N/A,1.2097,N/A,7.3865,7.5605,40.4252,N/A,2.3449,1.2657,2.6498,1.2987,8.1705,10.1242,12552.67,4.9871,69.854,1441.87,16.8251,3.9868,1.5972,53.982,1.5962,40.156,11.2708,
2012-10-19,1.3035,103.27,1.9558,N/A,24.823,7.459,N/A,0.81275,279.3,3.4528,0.6963,N/A,4.107,N/A,4.5833,8.5717,N/A,N/A,1.2085,N/A,7.384,7.5425,40.1888,N/A,2.3445,1.2586,2.644,1.2885,8.1514,10.1029,12526.16,4.9842,70.18,1439.17,16.7871,3.9785,1.591,53.921,1.5914,40.044,11.2411,
2012-10-18,1.3118,104.01,1.9558,N/A,24.756,7.4593,N/A,0.8119,277.19,3.4528,0.6961,N/A,4.1027,N/A,4.5803,8.5843,N/A,N/A,1.2094,N/A,7.377,7.543,40.3022,N/A,2.357,1.2632,2.6631,1.2843,8.2006,10.1671,12599.42,4.99,70.047,1448.93,16.7891,3.9843,1.5983,54.078,1.5972,40.207,11.3305,
2012-10-17,1.312,103.23,1.9558,N/A,24.794,7.4592,N/A,0.8115,279,3.4528,0.6962,N/A,4.1029,N/A,4.5777,8.6587,N/A,N/A,1.2106,N/A,7.396,7.5405,40.288,N/A,2.3629,1.269,2.6676,1.2915,8.2059,10.1704,12577.46,4.9809,69.359,1450.48,16.8231,3.9769,1.6009,53.896,1.5954,40.187,11.3669,
2012-10-16,1.3046,102.94,1.9558,N/A,24.875,7.4594,N/A,0.8097,278.51,3.4528,0.6962,N/A,4.092,N/A,4.5783,8.6274,N/A,N/A,1.2091,N/A,7.391,7.5148,40.281,N/A,2.3585,1.2693,2.6534,1.287,8.1728,10.1116,12515.85,4.9636,68.955,1443.9,16.6848,3.9789,1.6023,53.896,1.5928,40.012,11.368,
2012-10-15,1.2971,102.1,1.9558,N/A,24.931,7.4591,N/A,0.80745,278.53,3.4528,0.6962,N/A,4.0868,N/A,4.574,8.6591,N/A,N/A,1.2091,N/A,7.41,7.5085,40.1885,N/A,2.3463,1.2661,2.6459,1.2682,8.1318,10.054,12455.29,4.9512,68.766,1439.82,16.6288,3.9671,1.5895,53.71,1.5838,39.782,11.3632,
2012-10-12,1.297,101.7,1.9558,N/A,24.95,7.4589,N/A,0.8065,281.4,3.4528,0.6961,N/A,4.0978,N/A,4.5648,8.683,N/A,N/A,1.2093,N/A,7.4005,7.5223,40.2,N/A,2.3437,1.2654,2.6428,1.2678,8.1267,10.0541,12438.76,4.9619,68.506,1441.35,16.6949,3.9658,1.5815,53.744,1.5834,39.74,11.1779,
2012-10-11,1.2918,101.26,1.9558,N/A,24.94,7.4588,N/A,0.80525,281.85,3.4528,0.6961,N/A,4.091,N/A,4.5703,8.6627,N/A,N/A,1.2087,N/A,7.3825,7.5225,40.1155,N/A,2.3407,1.2573,2.6339,1.2645,8.1086,10.0148,12389.32,4.9776,68.02,1438.56,16.6904,3.9622,1.5796,53.548,1.5857,39.671,11.2664,
2012-10-10,1.2889,100.94,1.9558,N/A,24.95,7.4582,N/A,0.80495,282.15,3.4528,0.6961,N/A,4.0825,N/A,4.571,8.6068,N/A,N/A,1.211,N/A,7.3985,7.492,40.09,N/A,2.3375,1.2574,2.6199,1.2594,8.121,9.9922,12385.19,4.9775,68.315,1436.57,16.5624,3.9623,1.5732,53.47,1.5833,39.582,11.1516,
2012-10-09,1.2953,101.35,1.9558,N/A,24.936,7.4575,N/A,0.8079,283.4,3.4528,0.6963,N/A,4.0777,N/A,4.5675,8.6117,N/A,N/A,1.2111,N/A,7.405,7.4865,40.274,N/A,2.349,1.2663,2.6289,1.2632,8.1465,10.0422,12445.44,4.997,68.2779,1439.28,16.5661,3.9805,1.577,53.646,1.5913,39.701,11.3321,
2012-10-08,1.2958,101.45,1.9558,N/A,24.9,7.4569,N/A,0.8084,283.75,3.4528,0.6962,N/A,4.078,N/A,4.5723,8.6057,N/A,N/A,1.211,N/A,7.402,7.48,40.3506,N/A,2.3494,1.2721,2.6348,1.2683,8.1498,10.0476,12438.19,5.0045,68.184,1442.02,16.6357,3.9813,1.5854,53.748,1.5951,39.785,11.577,
2012-10-05,1.3002,102.02,1.9558,N/A,24.915,7.4556,N/A,0.80325,282.75,3.4528,0.6961,N/A,4.0735,N/A,4.5782,8.5728,N/A,N/A,1.2112,N/A,7.3935,7.481,40.252,N/A,2.3375,1.2682,2.6258,1.275,8.2226,10.0805,12467.96,5.0144,67.422,1444.13,16.5844,3.9691,1.5775,53.831,1.5951,39.721,11.1983,
2012-10-04,1.2951,101.88,1.9558,N/A,24.957,7.4556,N/A,0.80395,285.61,3.4528,0.6962,N/A,4.0866,N/A,4.548,8.6099,N/A,N/A,1.2123,N/A,7.4285,7.482,40.29,N/A,2.3386,1.2673,2.6179,1.2783,8.209,10.0432,12418.81,5.014,67.002,1441.73,16.5643,3.9599,1.5788,53.779,1.591,39.617,11.0599,
2012-10-03,1.2904,101.1,1.9558,N/A,25.033,7.4566,N/A,0.80085,286.15,3.4528,0.6961,N/A,4.0909,N/A,4.5337,8.609,N/A,N/A,1.2104,N/A,7.4115,7.4625,40.177,N/A,2.3127,1.2625,2.6148,1.2727,8.1707,10.0073,12374.75,4.9948,67.443,1437.89,16.5952,3.9499,1.5709,53.63,1.5896,39.564,10.8852,
2012-10-02,1.293,101.02,1.9558,N/A,25.06,7.4554,N/A,0.8006,285.56,3.4528,0.6963,N/A,4.1031,N/A,4.5241,8.5326,N/A,N/A,1.2102,N/A,7.373,7.446,40.16,N/A,2.317,1.2531,2.6174,1.2693,8.1779,10.0266,12388.38,5.021,67.747,1438.56,16.5813,3.9462,1.5521,53.758,1.5885,39.63,10.8,
2012-10-01,1.2877,100.42,1.9558,N/A,25.08,7.4554,N/A,0.7983,285.13,3.4528,0.6962,N/A,4.1057,N/A,4.5223,8.4731,N/A,N/A,1.2095,N/A,7.378,7.4255,40.223,N/A,2.3117,1.2431,2.6098,1.2667,8.0926,9.985,12334.98,5.0357,67.487,1435.49,16.5824,3.9433,1.5533,53.731,1.5827,39.648,10.7321,
2012-09-28,1.293,100.37,1.9558,N/A,25.141,7.4555,N/A,0.79805,284.89,3.4528,0.6962,N/A,4.1038,N/A,4.5383,8.4498,N/A,N/A,1.2099,N/A,7.3695,7.4468,40.14,N/A,2.3203,1.2396,2.6232,1.2684,8.1261,10.0258,12380.86,5.0603,68.348,1439.33,16.6086,3.9596,1.5536,53.961,1.5848,39.811,10.7125,
2012-09-27,1.2874,99.98,1.9558,N/A,24.859,7.456,N/A,0.7939,284.92,3.4528,0.6963,N/A,4.1436,N/A,4.5185,8.45,N/A,N/A,1.2084,N/A,7.38,7.455,40.035,N/A,2.3038,1.2354,2.6136,1.2658,8.115,9.9821,12335.52,5.0517,68.329,1437.65,16.5225,3.9604,1.5534,53.928,1.5812,39.871,10.5499,
2012-09-26,1.2845,99.82,1.9558,N/A,24.983,7.4561,N/A,0.7949,285.78,3.4528,0.6962,N/A,4.1511,N/A,4.5178,8.4998,N/A,N/A,1.2088,N/A,7.403,7.4515,40.173,N/A,2.3053,1.2421,2.6118,1.2633,8.0961,9.96,12324.62,5.0227,68.74,1438.77,16.5957,3.9611,1.5675,53.91,1.5844,39.807,10.57,
2012-09-25,1.2932,100.57,1.9558,N/A,24.921,7.4565,N/A,0.7965,283.33,3.4528,0.6962,N/A,4.138,N/A,4.5105,8.4725,N/A,N/A,1.2092,N/A,7.4,7.4475,40.109,N/A,2.3194,1.2393,2.6192,1.2677,8.1566,10.0266,12386.15,5.0566,68.947,1447.36,16.6079,3.9714,1.5684,54,1.586,39.999,10.5973,
2012-09-24,1.2916,100.79,1.9558,N/A,24.94,7.4563,N/A,0.7968,283.28,3.4528,0.6963,N/A,4.154,N/A,4.5183,8.4928,N/A,N/A,1.2095,N/A,7.437,7.4265,40.3205,N/A,2.3259,1.2415,2.6175,1.2668,8.1491,10.013,12351.43,5.0608,69.068,1446.53,16.6727,3.9691,1.5742,53.931,1.5871,39.949,10.7171,
2012-09-21,1.2988,101.58,1.9558,N/A,24.803,7.4549,N/A,0.7987,282.24,3.4528,0.6962,N/A,4.1297,N/A,4.5173,8.4956,N/A,N/A,1.211,N/A,7.4215,7.3932,40.2662,N/A,2.3314,1.2365,2.6289,1.2654,8.1895,10.0682,12410.27,5.0538,69.44,1453.66,16.6641,3.9611,1.5601,54.109,1.5893,40.016,10.7305,
2012-09-20,1.2954,101.21,1.9558,N/A,24.904,7.4549,N/A,0.80017,284.4,3.4528,0.6962,N/A,4.1645,N/A,4.5128,8.4885,N/A,N/A,1.2088,N/A,7.432,7.391,40.604,N/A,2.3335,1.2461,2.6284,1.2678,8.1668,10.0425,12370.3,5.075,70.3866,1453.99,16.7056,3.981,1.5729,54.109,1.5878,40.024,10.806,
2012-09-19,1.3002,102.38,1.9558,N/A,24.87,7.4545,N/A,0.8027,283.1,3.4528,0.6962,N/A,4.1353,N/A,4.5043,8.5214,N/A,N/A,1.2095,N/A,7.4315,7.4,40.517,N/A,2.3323,1.2455,2.6317,1.2672,8.204,10.0806,12407.35,5.087,70.204,1450.92,16.6816,3.9792,1.572,54.165,1.5921,40.085,10.7164,
2012-09-18,1.3054,102.64,1.9558,N/A,24.815,7.4539,N/A,0.8035,283.82,3.4528,0.6962,N/A,4.1139,N/A,4.5069,8.5685,N/A,N/A,1.2113,N/A,7.4655,7.3985,40.4445,N/A,2.3486,1.2527,2.6532,1.2732,8.2496,10.1199,12409.61,5.0891,70.524,1460.38,16.7283,4.003,1.5787,54.534,1.6011,40.311,10.778,
2012-09-17,1.3086,102.61,1.9558,N/A,24.505,7.4552,N/A,0.80695,282.98,3.4528,0.6963,N/A,4.1034,N/A,4.4885,8.6243,N/A,N/A,1.216,N/A,7.4725,7.4005,40.155,N/A,2.3542,1.2452,2.6411,1.2733,8.2745,10.1444,12388.75,5.0948,70.736,1462.17,16.7236,3.9853,1.5786,54.401,1.602,40.318,10.8353,
2012-09-14,1.3095,102.24,1.9558,N/A,24.433,7.4555,N/A,0.80745,281.75,3.4528,0.6961,N/A,4.0602,N/A,4.503,8.5884,N/A,N/A,1.2162,N/A,7.4285,7.416,40.113,N/A,2.3501,1.2366,2.6431,1.2628,8.2696,10.152,12447.27,5.1038,71.114,1461.73,16.7204,3.977,1.5719,54.078,1.5973,40.28,10.8003,
2012-09-13,1.291,100.24,1.9558,N/A,24.482,7.4536,N/A,0.80145,283.53,3.4528,0.6962,N/A,4.1059,N/A,4.5093,8.5088,N/A,N/A,1.213,N/A,7.419,7.408,40.5506,N/A,2.3386,1.2357,2.619,1.2599,8.1733,10.0121,12375.34,5.1137,71.557,1457.37,16.8038,3.978,1.5675,53.834,1.5873,40.047,10.8431,
2012-09-12,1.2896,100.45,1.9558,N/A,24.44,7.4541,N/A,0.8017,283.33,3.4528,0.6961,N/A,4.0927,N/A,4.501,8.4735,N/A,N/A,1.2083,N/A,7.407,7.407,40.492,N/A,2.3284,1.2322,2.6036,1.2566,8.1592,10.0006,12343.39,5.0955,71.223,1453.36,16.7652,3.964,1.5739,53.583,1.5844,39.926,10.7313,
2012-09-11,1.2787,99.7,1.9558,N/A,24.548,7.4522,N/A,0.7978,284.88,3.4528,0.6963,N/A,4.1082,N/A,4.4848,8.4773,N/A,N/A,1.2074,N/A,7.389,7.4203,40.5783,N/A,2.3065,1.2301,2.5851,1.2429,8.1016,9.9161,12239.56,5.0668,70.744,1441.82,16.6711,3.9512,1.569,53.125,1.5745,39.742,10.4847,
2012-09-10,1.2776,99.98,1.9558,N/A,24.53,7.4521,N/A,0.7997,285.41,3.4528,0.6963,N/A,4.1129,N/A,4.4768,8.4935,N/A,N/A,1.209,N/A,7.39,7.4303,40.551,N/A,2.3025,1.2349,2.5847,1.2486,8.097,9.9091,12228.05,5.0847,70.837,1442.33,16.6018,3.9638,1.577,53.072,1.5794,39.721,10.4652,
2012-09-07,1.2706,100.26,1.9558,N/A,24.587,7.4521,N/A,0.7967,287,3.4528,0.6963,N/A,4.1224,N/A,4.4805,8.4865,N/A,N/A,1.2128,N/A,7.373,7.4355,40.3911,N/A,2.2918,1.2279,2.5769,1.2472,8.0604,9.8546,12168.59,5.0576,70.245,1435.34,16.5019,3.9478,1.5787,52.87,1.5739,39.643,10.4434,
2012-09-06,1.2638,99.36,1.9558,N/A,24.703,7.4514,N/A,0.7936,285.44,3.4528,0.6962,N/A,4.1594,N/A,4.4828,8.5026,N/A,N/A,1.2049,N/A,7.3725,7.445,40.6844,N/A,2.2951,1.2341,2.5756,1.247,8.0177,9.8028,12093.06,5.0883,70.349,1432.57,16.5162,3.9381,1.583,52.845,1.5743,39.468,10.5615,
2012-09-05,1.2578,98.67,1.9558,N/A,24.794,7.4509,N/A,0.79035,284.6,3.4528,0.6962,N/A,4.2009,N/A,4.4883,8.4415,N/A,N/A,1.2014,N/A,7.307,7.4628,40.655,N/A,2.2905,1.2337,2.5695,1.2422,7.986,9.7566,12048.55,5.063,70.3,1429.81,16.5615,3.9262,1.5847,52.792,1.5702,39.331,10.556,
2012-09-04,1.2579,98.58,1.9558,N/A,24.88,7.451,N/A,0.7921,284.75,3.4528,0.6963,N/A,4.1973,N/A,4.4915,8.4075,N/A,N/A,1.201,N/A,7.289,7.4725,40.494,N/A,2.2881,1.2267,2.5548,1.239,7.9843,9.7568,12042.66,5.0528,70.016,1425.56,16.5518,3.9087,1.5818,52.671,1.5677,39.246,10.539,
2012-09-03,1.2568,98.43,1.9558,N/A,24.894,7.4512,N/A,0.7912,284.9,3.4528,0.6963,N/A,4.1933,N/A,4.4921,8.4161,N/A,N/A,1.2008,N/A,7.3015,7.4733,40.7375,N/A,2.2878,1.2278,2.5503,1.24,7.9686,9.7484,12007.25,5.0556,69.796,1422.42,16.6224,3.9118,1.5753,52.669,1.5682,39.25,10.5856,
2012-08-31,1.2611,98.96,1.9558,N/A,24.84,7.4513,N/A,0.79525,283.65,3.4528,0.696,N/A,4.1765,N/A,4.4633,8.3362,N/A,N/A,1.2009,N/A,7.2925,7.473,40.781,N/A,2.2921,1.2201,2.5804,1.2487,8.0062,9.7806,12042.49,5.0753,70.026,1429.97,16.777,3.936,1.5708,53.191,1.5746,39.51,10.6152,
2012-08-30,1.2544,98.63,1.9558,N/A,24.917,7.45,N/A,0.7911,285.29,3.4528,0.6962,N/A,4.1968,N/A,4.4568,8.3478,N/A,N/A,1.2009,N/A,7.2775,7.4725,40.5622,N/A,2.2921,1.2142,2.5738,1.2434,7.9649,9.7294,11993.96,5.0674,69.787,1422.93,16.7698,3.9225,1.5671,53.011,1.5716,39.363,10.617,
2012-08-29,1.2545,98.63,1.9558,N/A,24.81,7.4502,N/A,0.7918,283.41,3.4528,0.6963,N/A,4.1555,N/A,4.4775,8.3375,N/A,N/A,1.201,N/A,7.3125,7.4745,40.3424,N/A,2.2768,1.2088,2.5736,1.2402,7.9696,9.7307,11986.13,5.0542,69.788,1423.13,16.6269,3.9153,1.5612,53.12,1.5728,39.316,10.5579,
2012-08-28,1.2548,98.59,1.9558,N/A,24.828,7.449,N/A,0.7947,280.98,3.4528,0.6963,N/A,4.1012,N/A,4.4563,8.2405,N/A,N/A,1.201,N/A,7.29,7.4905,40.229,N/A,2.2595,1.2094,2.556,1.2389,7.9719,9.7327,11967.2,5.0344,69.861,1424.83,16.5184,3.9137,1.5552,53.073,1.5714,39.288,10.5484,
2012-08-27,1.253,98.71,1.9558,N/A,24.845,7.4483,N/A,0.79244,277.65,3.4528,0.6963,N/A,4.078,N/A,4.468,8.2397,N/A,N/A,1.201,N/A,7.295,7.485,39.801,N/A,2.2555,1.2056,2.5395,1.2403,7.9666,9.7184,11929.82,5.0428,69.77,1422.5,16.5109,3.8968,1.5455,52.917,1.5673,39.156,10.5152,
2012-08-24,1.2507,98.16,1.9558,N/A,24.906,7.4477,N/A,0.7896,277.98,3.4528,0.6963,N/A,4.1022,N/A,4.4825,8.2441,N/A,N/A,1.2009,N/A,7.302,7.4835,39.8755,N/A,2.2508,1.2031,2.5397,1.2424,7.9492,9.7013,11898.61,5.0298,69.395,1419.45,16.5368,3.879,1.5435,52.806,1.5636,39.059,10.5118,
2012-08-23,1.2552,98.68,1.9558,N/A,24.903,7.4481,N/A,0.7911,276.37,3.4528,0.6963,N/A,4.0808,N/A,4.493,8.3087,N/A,N/A,1.201,N/A,7.341,7.4922,39.8267,N/A,2.252,1.1981,2.5339,1.2438,7.976,9.7365,11904.63,5.0264,69.356,1420.06,16.461,3.8865,1.5372,52.949,1.5641,39.187,10.395,
2012-08-22,1.2448,98.65,1.9558,N/A,24.968,7.4484,N/A,0.78785,277.2,3.4528,0.6963,N/A,4.0761,N/A,4.493,8.3412,N/A,N/A,1.2009,N/A,7.352,7.479,39.69,N/A,2.236,1.1926,2.5119,1.2355,7.9067,9.656,11826.61,5.0157,69.076,1413.5,16.422,3.8852,1.5387,52.692,1.5582,39.062,10.3525,
2012-08-21,1.2428,98.81,1.9558,N/A,24.783,7.4464,N/A,0.78835,275.18,3.4528,0.6963,N/A,4.0624,N/A,4.4855,8.2595,N/A,N/A,1.201,N/A,7.3235,7.466,39.54,N/A,2.2334,1.1839,2.4964,1.225,7.9015,9.6404,11794.58,4.9953,68.845,1404.8,16.2143,3.8713,1.5286,52.547,1.5536,39.086,10.2627,
2012-08-20,1.23,97.82,1.9558,N/A,24.905,7.4456,N/A,0.78345,277.84,3.4528,0.6962,N/A,4.0697,N/A,4.4958,8.2339,N/A,N/A,1.201,N/A,7.313,7.4694,39.4883,N/A,2.2161,1.1784,2.4817,1.2167,7.8235,9.5412,11686.5,4.959,68.51,1396.5,16.1413,3.848,1.523,52.148,1.5432,38.771,10.2264,
2012-08-17,1.2337,97.97,1.9558,N/A,25.02,7.4459,N/A,0.78515,278.78,3.4528,0.6963,N/A,4.0806,N/A,4.4914,8.2766,N/A,N/A,1.2011,N/A,7.3295,7.4623,39.395,N/A,2.2247,1.1829,2.4948,1.2195,7.8445,9.568,11728.32,4.9706,68.736,1400.39,16.3281,3.8649,1.5301,52.344,1.5452,38.886,10.2738,
2012-08-16,1.2279,97.38,1.9558,N/A,24.912,7.4444,N/A,0.78195,278.39,3.4528,0.6962,N/A,4.0771,N/A,4.4895,8.2347,N/A,N/A,1.201,N/A,7.337,7.4525,39.1751,N/A,2.2088,1.171,2.4817,1.2139,7.8172,9.5247,11660.38,4.9512,68.486,1392.95,16.1358,3.8411,1.5201,51.999,1.536,38.753,10.126,
2012-08-15,1.2276,96.98,1.9558,N/A,24.962,7.4435,N/A,0.7826,279.39,3.4528,0.6962,N/A,4.0875,N/A,4.4808,8.225,N/A,N/A,1.2011,N/A,7.2955,7.457,39.2189,N/A,2.2137,1.1725,2.4872,1.2175,7.8104,9.5227,11668.81,4.9505,68.36,1388.96,16.1822,3.8382,1.5253,51.882,1.5351,38.743,10.0795,
2012-08-14,1.2352,97.14,1.9558,N/A,25.04,7.4434,N/A,0.786,278.62,3.4528,0.6962,N/A,4.0833,N/A,4.5275,8.2483,N/A,N/A,1.201,N/A,7.301,7.4575,39.2677,N/A,2.2147,1.1728,2.4945,1.2251,7.8545,9.5813,11721.86,4.9954,68.751,1395.53,16.1714,3.8493,1.5259,51.834,1.5392,38.81,10.0243,
2012-08-13,1.2339,96.61,1.9558,N/A,25.145,7.4431,N/A,0.78615,279.1,3.4528,0.6963,N/A,4.082,N/A,4.5315,8.2312,N/A,N/A,1.201,N/A,7.3065,7.463,39.1625,N/A,2.2099,1.1689,2.4954,1.2235,7.8509,9.5716,11710,5.0008,68.289,1393.23,16.163,3.8524,1.5205,51.701,1.5356,38.769,10.0093,
2012-08-10,1.2262,96.12,1.9558,N/A,25.205,7.4427,N/A,0.7861,278.9,3.4528,0.6962,N/A,4.0961,N/A,4.5345,8.2077,N/A,N/A,1.2009,N/A,7.27,7.4865,39.144,N/A,2.1942,1.1661,2.4772,1.2192,7.7989,9.5121,11632.35,4.9051,67.79,1386.66,16.1368,3.8222,1.5162,51.261,1.5296,38.589,9.9772,
2012-08-09,1.2301,96.53,1.9558,N/A,25.135,7.4424,N/A,0.7871,276.79,3.4528,0.696,N/A,4.0678,N/A,4.5443,8.2669,N/A,N/A,1.201,N/A,7.2955,7.5025,38.979,N/A,2.1959,1.1639,2.4913,1.223,7.8226,9.5405,11652.07,4.909,68.018,1386.43,16.1949,3.8193,1.5171,51.414,1.5326,38.76,9.9548,
2012-08-08,1.2336,96.68,1.9558,N/A,25.173,7.4438,N/A,0.7888,277.93,3.4528,0.6963,N/A,4.0905,N/A,4.5499,8.277,N/A,N/A,1.2012,N/A,7.304,7.497,39.246,N/A,2.2094,1.1704,2.5103,1.2309,7.8473,9.5679,11685.79,4.9364,68.36,1396.3,16.3722,3.8272,1.5177,51.507,1.5375,38.883,10.1532,
2012-08-07,1.2436,97.58,1.9558,N/A,25.114,7.4437,N/A,0.7934,277.11,3.4528,0.6962,N/A,4.0506,N/A,4.5435,8.322,N/A,N/A,1.2015,N/A,7.3575,7.5165,39.2407,N/A,2.2142,1.1741,2.5204,1.2409,7.9175,9.6432,11770.39,4.964,68.484,1403.95,16.339,3.8576,1.5139,51.888,1.5423,39.149,10.1113,
2012-08-06,1.2379,96.99,1.9558,N/A,25.158,7.4422,N/A,0.795,275.66,3.4528,0.6963,N/A,4.0345,N/A,4.5798,8.3401,N/A,N/A,1.2013,N/A,7.3945,7.5135,39.2583,N/A,2.2035,1.1727,2.513,1.2385,7.8904,9.6004,11720.81,4.9269,68.737,1396.34,16.2109,3.8449,1.5112,51.732,1.537,38.969,10.1156,
2012-08-03,1.2245,95.85,1.9558,N/A,25.285,7.4415,N/A,0.78745,278.95,3.4528,0.6965,N/A,4.0892,N/A,4.647,8.2797,N/A,N/A,1.2012,N/A,7.37,7.5252,39.685,N/A,2.1897,1.1649,2.5018,1.2282,7.8031,9.4958,11597.39,4.8949,68.272,1388.56,16.2603,3.8277,1.5038,51.104,1.5255,38.657,10.1149,
2012-08-02,1.2346,96.64,1.9558,N/A,25.26,7.4417,N/A,0.7904,279.93,3.4528,0.6969,N/A,4.1031,N/A,4.6188,8.334,N/A,N/A,1.2024,N/A,7.4045,7.5267,39.883,N/A,2.2147,1.1717,2.5134,1.2373,7.8612,9.5752,11686.68,4.911,68.934,1396.99,16.4551,3.8503,1.5164,51.564,1.5366,38.902,10.2353,
2012-08-01,1.2298,96.2,1.9558,N/A,25.358,7.4418,N/A,0.7875,280.38,3.4528,0.6967,N/A,4.1058,N/A,4.5938,8.3189,N/A,N/A,1.2013,N/A,7.385,7.516,39.777,N/A,2.2112,1.1691,2.5221,1.232,7.8322,9.5359,11618.25,4.8766,68.222,1386.34,16.3514,3.8301,1.5145,51.298,1.5315,38.726,10.1682,
2012-07-31,1.2284,96.03,1.9558,N/A,25.255,7.4407,N/A,0.78395,278.94,3.4528,0.6961,N/A,4.105,N/A,4.58,8.359,N/A,N/A,1.2014,N/A,7.4215,7.5175,39.527,N/A,2.199,1.1675,2.5117,1.2312,7.8147,9.5246,11606.59,4.9064,68.367,1387.85,16.2856,3.8455,1.5166,51.244,1.5278,38.67,10.0556,
2012-07-30,1.2246,95.78,1.9558,N/A,25.258,7.4385,N/A,0.77985,279.7,3.4528,0.6965,N/A,4.1207,N/A,4.5635,8.3488,N/A,N/A,1.201,N/A,7.422,7.522,39.369,N/A,2.211,1.1668,2.4828,1.2297,7.8123,9.4971,11591.31,4.9458,68.069,1392.94,16.2021,3.8593,1.5133,51.262,1.5268,38.673,10.0252,
2012-07-27,1.2317,96.29,1.9558,N/A,25.31,7.439,N/A,0.78295,282.65,3.4528,0.6966,N/A,4.1275,N/A,4.611,8.5008,N/A,N/A,1.201,N/A,7.473,7.5252,39.706,N/A,2.2386,1.1807,2.4875,1.2407,7.8591,9.5544,11660.03,5.0072,68.156,1402.3,16.4814,3.8938,1.5287,51.639,1.5407,38.836,10.1634,
2012-07-26,1.226,95.79,1.9558,N/A,25.505,7.4384,N/A,0.7828,284.81,3.4528,0.6963,N/A,4.1506,N/A,4.623,8.4505,N/A,N/A,1.201,N/A,7.399,7.526,39.688,N/A,2.2317,1.179,2.4806,1.2356,7.8283,9.5107,11622.38,4.9928,68.074,1404.59,16.5217,3.8766,1.5353,51.485,1.5336,38.729,10.168,
2012-07-25,1.2134,94.97,1.9558,N/A,25.56,7.4386,N/A,0.7832,288.61,3.4528,0.6963,N/A,4.1936,N/A,4.6093,8.4592,N/A,N/A,1.201,N/A,7.3695,7.5023,39.73,N/A,2.214,1.1792,2.4738,1.236,7.7518,9.4132,11521.26,4.9359,68.145,1395.59,16.5456,3.851,1.5409,51.096,1.5263,38.453,10.2333,
2012-07-24,1.2089,94.63,1.9558,N/A,25.539,7.4392,N/A,0.7785,288.93,3.4528,0.6962,N/A,4.2133,N/A,4.6388,8.4215,N/A,N/A,1.201,N/A,7.372,7.502,39.624,N/A,2.2105,1.1754,2.471,1.2307,7.7199,9.3776,11470.25,4.9274,67.843,1388.79,16.5008,3.8453,1.5288,50.783,1.5224,38.431,10.283,
2012-07-23,1.2105,94.72,1.9558,N/A,25.579,7.4396,N/A,0.7798,288.34,3.4528,0.6962,N/A,4.1968,N/A,4.624,8.4508,N/A,N/A,1.201,N/A,7.381,7.5028,39.4914,N/A,2.2043,1.1784,2.4698,1.2314,7.7303,9.3899,11476.02,4.8923,67.756,1391.08,16.3715,3.8396,1.5301,50.948,1.5264,38.47,10.2454,
2012-07-20,1.22,95.86,1.9558,N/A,25.57,7.4394,N/A,0.77835,285.97,3.4528,0.6962,N/A,4.1626,N/A,4.5995,8.454,N/A,N/A,1.2009,N/A,7.423,7.506,39.016,N/A,2.2075,1.1739,2.4636,1.2323,7.7775,9.4634,11539.91,4.883,67.533,1393.41,16.2327,3.8448,1.5237,51.186,1.5332,38.674,10.0778,
2012-07-19,1.2287,96.51,1.9558,N/A,25.331,7.4387,N/A,0.783,284.05,3.4528,0.6959,N/A,4.1584,N/A,4.575,8.5045,N/A,N/A,1.201,N/A,7.4775,7.515,39.31,N/A,2.2129,1.1775,2.4806,1.2375,7.8317,9.53,11607.5,4.954,67.634,1399.4,16.1271,3.8667,1.5273,51.188,1.5403,38.827,10.0178,
2012-07-18,1.2234,96.63,1.9558,N/A,25.278,7.4388,N/A,0.784,285.9,3.4528,0.6959,N/A,4.1795,N/A,4.5653,8.4927,N/A,N/A,1.201,N/A,7.4825,7.481,39.6991,N/A,2.2131,1.1867,2.4756,1.2399,7.7937,9.4893,11587.05,4.8989,67.828,1398.54,16.1445,3.8702,1.5397,51.021,1.5416,38.794,10.0063,
2012-07-17,1.2281,97.14,1.9558,N/A,25.34,7.4421,N/A,0.78615,286.81,3.4528,0.6962,N/A,4.1705,N/A,4.5673,8.6046,N/A,N/A,1.201,N/A,7.475,7.482,39.805,N/A,2.2253,1.1941,2.4966,1.2463,7.8282,9.5253,11605.97,4.8934,67.601,1404.93,16.1864,3.8912,1.5394,51.295,1.5495,38.783,10.0543,
2012-07-16,1.2177,96.25,1.9558,N/A,25.388,7.4397,N/A,0.7844,288.15,3.4528,0.6961,N/A,4.1844,N/A,4.565,8.6185,N/A,N/A,1.201,N/A,7.4525,7.484,39.7916,N/A,2.2115,1.1934,2.4851,1.2367,7.7687,9.4456,11530.61,4.8505,67.37,1398.88,16.2379,3.8727,1.5338,50.968,1.5426,38.53,10.0722,
2012-07-13,1.2185,96.6,1.9558,N/A,25.395,7.4385,N/A,0.7875,288.95,3.4528,0.6961,N/A,4.2113,N/A,4.5615,8.5746,N/A,N/A,1.2009,N/A,7.441,7.486,39.9148,N/A,2.2165,1.1984,2.48,1.2391,7.7849,9.4523,11547.93,4.834,67.194,1402.4,16.3659,3.8815,1.5403,51.11,1.5459,38.56,10.156,
2012-07-12,1.2178,96.63,1.9558,N/A,25.444,7.437,N/A,0.7886,288.6,3.4528,0.6962,N/A,4.2081,N/A,4.5385,8.5808,N/A,N/A,1.201,N/A,7.471,7.4886,39.874,N/A,2.2141,1.2029,2.4928,1.2461,7.7619,9.4459,11533.79,4.8417,68.105,1406.78,16.3487,3.8876,1.5463,51.34,1.5487,38.75,10.1611,
2012-07-11,1.226,97.14,1.9558,N/A,25.395,7.4363,N/A,0.78815,288.75,3.4528,0.6962,N/A,4.1697,N/A,4.5255,8.5384,N/A,N/A,1.201,N/A,7.4745,7.4858,40.2341,N/A,2.2191,1.1953,2.4899,1.2493,7.7828,9.507,11558.92,4.8605,68.2,1398.56,16.333,3.8944,1.5369,51.288,1.5499,38.864,10.0655,
2012-07-10,1.2285,97.64,1.9558,N/A,25.431,7.438,N/A,0.7921,288.12,3.4528,0.6962,N/A,4.1982,N/A,4.5253,8.5734,N/A,N/A,1.201,N/A,7.4865,7.496,40.3405,N/A,2.2353,1.2015,2.4964,1.251,7.8215,9.5266,11587.96,4.8672,68.077,1402.23,16.3538,3.9036,1.5408,51.402,1.557,38.87,10.0702,
2012-07-09,1.2293,97.81,1.9558,N/A,25.536,7.4387,N/A,0.7936,289.61,3.4528,0.6962,N/A,4.2333,N/A,4.534,8.6225,N/A,N/A,1.201,N/A,7.4965,7.4958,40.607,N/A,2.2441,1.2082,2.4948,1.2554,7.8336,9.5332,11582.42,4.8707,68.761,1404.59,16.5464,3.9194,1.5484,51.686,1.5631,39.043,10.1986,
2012-07-06,1.2377,98.87,1.9558,N/A,25.7,7.4413,N/A,0.7965,287.6,3.4528,0.6963,N/A,4.2139,N/A,4.536,8.6576,N/A,N/A,1.2011,N/A,7.519,7.496,40.438,N/A,2.2527,1.2058,2.5028,1.2559,7.8786,9.5968,11679.41,4.8627,68.71,1410.37,16.6403,3.9289,1.5443,51.806,1.5697,39.138,10.1756,
2012-07-05,1.2426,99.14,1.9558,N/A,25.457,7.4367,N/A,0.7984,285.95,3.4528,0.6959,N/A,4.206,N/A,4.4865,8.6177,N/A,N/A,1.2012,N/A,7.476,7.4963,40.351,N/A,2.2467,1.2071,2.5116,1.258,7.8992,9.636,11639.91,4.8683,68.284,1409.68,16.5626,3.9313,1.5448,51.822,1.5695,39.192,10.0836,
2012-07-04,1.256,100.28,1.9558,N/A,25.5,7.4366,N/A,0.8032,285.36,3.4528,0.6964,N/A,4.2066,N/A,4.4764,8.6876,N/A,N/A,1.2013,N/A,7.5165,7.4933,40.5534,N/A,2.2677,1.2221,2.5362,1.2726,7.9727,9.7397,11748.77,4.919,68.436,1428.07,16.7927,3.9621,1.5635,52.275,1.5876,39.533,10.2134,
2012-07-03,1.2575,100.26,1.9558,N/A,25.555,7.4342,N/A,0.80275,286.23,3.4528,0.6968,N/A,4.21,N/A,4.453,8.7305,N/A,N/A,1.2012,N/A,7.5195,7.494,40.705,N/A,2.266,1.2264,2.493,1.2781,7.9883,9.7503,11794.09,4.94,68.373,1428.8,16.812,3.9628,1.5681,52.387,1.5885,39.561,10.23,
2012-07-02,1.2593,100.51,1.9558,N/A,25.515,7.4343,N/A,0.8041,286.2,3.4528,0.6967,N/A,4.2205,N/A,4.4503,8.744,N/A,N/A,1.2015,N/A,7.5255,7.5165,41.0527,N/A,2.2775,1.2283,2.5347,1.2808,7.9948,9.7676,11821.43,4.941,69.818,1440.68,16.7865,3.9833,1.5667,52.722,1.5959,39.819,10.2766,
2012-06-29,1.259,100.13,1.9558,N/A,25.64,7.4334,N/A,0.8068,287.77,3.4528,0.6967,N/A,4.2488,N/A,4.4513,8.7728,N/A,N/A,1.203,N/A,7.533,7.5178,41.37,N/A,2.2834,1.2339,2.5788,1.2871,8.0011,9.7658,11878.51,4.9453,70.12,1441,16.8755,3.996,1.5746,53.055,1.5974,39.873,10.3669,
2012-06-28,1.2418,98.6,1.9558,N/A,25.81,7.433,N/A,0.79885,287.83,3.4528,0.6965,N/A,4.2872,N/A,4.451,8.8009,N/A,N/A,1.201,N/A,7.5465,7.517,41.143,N/A,2.2691,1.2357,2.5898,1.2764,7.8959,9.6349,11762.51,4.9,70.603,1436.46,16.9208,3.9676,1.5728,52.63,1.5884,39.589,10.461,
2012-06-27,1.2478,99.49,1.9558,N/A,25.916,7.4337,N/A,0.7999,287.28,3.4528,0.6965,N/A,4.2515,N/A,4.447,8.8242,N/A,N/A,1.2011,N/A,7.523,7.5255,41.1252,N/A,2.2587,1.2384,2.585,1.2796,7.933,9.6814,11820.88,4.921,71.293,1442.7,17.1282,3.9805,1.5804,52.774,1.5942,39.767,10.4601,
2012-06-26,1.2475,98.97,1.9558,N/A,25.963,7.4334,N/A,0.7996,286.4,3.4528,0.6965,N/A,4.248,N/A,4.451,8.8204,N/A,N/A,1.201,N/A,7.4995,7.515,41.22,N/A,2.2683,1.2432,2.5768,1.2824,7.9387,9.68,11821.5,4.9145,71.126,1445.32,17.3809,3.9801,1.5784,52.951,1.5983,39.708,10.5785,
2012-06-25,1.2488,99.57,1.9558,N/A,25.813,7.4335,N/A,0.80285,287.53,3.4528,0.6964,N/A,4.2548,N/A,4.4678,8.8165,N/A,N/A,1.2008,N/A,7.498,7.533,41.47,N/A,2.2703,1.248,2.5932,1.2861,7.9465,9.6908,11836.6,4.8893,71.2,1451.66,17.3833,3.9903,1.5881,53.256,1.6023,39.824,10.5618,
2012-06-22,1.2539,100.68,1.9558,N/A,25.775,7.4343,N/A,0.8042,287.66,3.4528,0.6969,N/A,4.2563,N/A,4.4733,8.8008,N/A,N/A,1.2009,N/A,7.4865,7.53,41.705,N/A,2.2661,1.249,2.5805,1.2893,7.9809,9.731,11852.41,4.89,71.663,1451.18,17.3916,4.0006,1.5899,53.295,1.6009,39.838,10.4821,
2012-06-21,1.267,101.46,1.9558,N/A,25.683,7.433,N/A,0.80695,285.83,3.4528,0.697,N/A,4.2537,N/A,4.466,8.836,N/A,N/A,1.201,N/A,7.496,7.533,41.62,N/A,2.2735,1.2444,2.5719,1.2907,8.0643,9.8313,11983.57,4.9129,71.338,1462.48,17.3374,4.0246,1.5857,53.753,1.6102,40.177,10.4319,
2012-06-20,1.2704,100.24,1.9558,N/A,25.453,7.4334,N/A,0.806,286.95,3.4528,0.6968,N/A,4.2393,N/A,4.4636,8.8434,N/A,N/A,1.2009,N/A,7.506,7.542,41.3462,N/A,2.2797,1.2456,2.5702,1.2919,8.0809,9.8569,11997.41,4.9129,71.339,1462.35,17.3916,4.0101,1.5928,53.592,1.6105,40.018,10.4198,
2012-06-19,1.2619,99.57,1.9558,N/A,25.495,7.4333,N/A,0.8052,288.61,3.4528,0.6969,N/A,4.253,N/A,4.4638,8.8398,N/A,N/A,1.2009,N/A,7.517,7.5425,41.108,N/A,2.2756,1.2416,2.5848,1.2889,8.0203,9.7913,11895.61,4.8655,70.607,1456.89,17.3461,3.9844,1.5854,53.437,1.5981,39.586,10.4145,
2012-06-18,1.2618,99.75,1.9558,N/A,25.493,7.4324,N/A,0.806,292.6,3.4528,0.6967,N/A,4.2807,N/A,4.467,8.8412,N/A,N/A,1.201,N/A,7.526,7.5433,40.83,N/A,2.2883,1.2519,2.5868,1.2944,8.0232,9.7914,11874.3,4.8666,70.654,1462.3,17.566,3.9829,1.5947,53.412,1.6045,39.709,10.5249,
2012-06-15,1.2596,99.24,1.9558,N/A,25.592,7.4313,N/A,0.8119,296.64,3.4528,0.6969,N/A,4.2984,N/A,4.4632,8.8353,N/A,N/A,1.201,N/A,7.524,7.5501,40.9368,N/A,2.291,1.2564,2.5924,1.2901,8.0258,9.7742,11863.63,4.8661,69.798,1466.34,17.5336,3.9841,1.6046,53.288,1.6037,39.652,10.5621,
2012-06-14,1.2551,99.51,1.9558,N/A,25.54,7.4312,N/A,0.8092,297.63,3.4528,0.6968,N/A,4.315,N/A,4.4578,8.8373,N/A,N/A,1.2008,N/A,7.507,7.5508,41.007,N/A,2.289,1.2626,2.5912,1.2885,7.9411,9.7379,11844.46,4.8727,70.053,1464.11,17.6279,3.999,1.6143,53.46,1.6102,39.586,10.5901,
2012-06-13,1.2534,99.8,1.9558,N/A,25.578,7.4318,N/A,0.8063,296.43,3.4528,0.6968,N/A,4.324,N/A,4.4616,8.832,N/A,N/A,1.2009,N/A,7.5115,7.5514,40.905,N/A,2.287,1.2565,2.5783,1.286,7.96,9.7241,11825.17,4.8629,69.689,1462.9,17.5102,3.9814,1.6094,53.308,1.6041,39.57,10.5297,
2012-06-12,1.2492,99.4,1.9558,N/A,25.682,7.4324,N/A,0.80385,296.92,3.4528,0.6969,N/A,4.3283,N/A,4.463,8.864,N/A,N/A,1.2012,N/A,7.5465,7.5565,41.08,N/A,2.286,1.2601,2.5654,1.2852,7.9594,9.6923,11770.3,4.8605,69.712,1461.71,17.5712,3.9731,1.6097,53.521,1.6046,39.562,10.5284,
2012-06-11,1.2544,99.6,1.9558,N/A,25.395,7.4329,N/A,0.8077,295.92,3.4528,0.697,N/A,4.2953,N/A,4.4618,8.864,N/A,N/A,1.201,N/A,7.556,7.5445,40.9194,N/A,2.2827,1.2602,2.535,1.2855,7.9604,9.7323,11837.27,4.8498,69.927,1468.11,17.4738,3.9796,1.6217,53.871,1.6061,39.689,10.491,
2012-06-08,1.2468,98.9,1.9558,N/A,25.481,7.4319,N/A,0.80795,296.6,3.4528,0.6973,N/A,4.296,N/A,4.4648,8.9781,N/A,N/A,1.2012,N/A,7.5995,7.554,40.807,N/A,2.2848,1.2665,2.5353,1.2894,7.9486,9.6723,11806.72,4.834,69.154,1464.58,17.6203,3.9708,1.6314,53.953,1.6043,39.524,10.5563,
2012-06-07,1.2595,100.08,1.9558,N/A,25.325,7.4335,N/A,0.8086,295.05,3.4528,0.697,N/A,4.27,N/A,4.4658,8.9664,N/A,N/A,1.2011,N/A,7.5885,7.5645,40.641,N/A,2.2964,1.2613,2.5557,1.2892,8.0152,9.7716,11864.11,4.873,69.203,1472.47,17.5537,3.9843,1.6272,54.384,1.6025,39.649,10.4025,
2012-06-06,1.2485,98.82,1.9558,N/A,25.565,7.4323,N/A,0.8063,300.04,3.4528,0.6969,N/A,4.3498,N/A,4.4631,9.0165,N/A,N/A,1.2008,N/A,7.6065,7.563,40.6504,N/A,2.2996,1.2661,2.519,1.2909,7.9453,9.6866,11711.99,4.8608,69.123,1467.38,17.71,3.9646,1.6366,53.966,1.596,39.29,10.503,
2012-06-05,1.2429,97.25,1.9558,N/A,25.72,7.4314,N/A,0.81005,302.19,3.4528,0.6968,N/A,4.3816,N/A,4.466,8.969,N/A,N/A,1.201,N/A,7.5945,7.567,41.261,N/A,2.3002,1.2762,2.5503,1.293,7.9153,9.643,11734.95,4.8422,69.161,1467.15,17.6753,3.9773,1.6482,54.093,1.6012,39.3,10.51,
2012-06-04,1.2437,97.16,1.9558,N/A,25.733,7.4304,N/A,0.80845,303.06,3.4528,0.697,N/A,4.399,N/A,4.473,9.007,N/A,N/A,1.2009,N/A,7.603,7.556,41.81,N/A,2.3024,1.2796,2.5388,1.2923,7.9149,9.6515,11730.51,4.8446,69.231,1468.74,17.7016,3.9802,1.643,54.046,1.6011,39.226,10.5957,
2012-06-01,1.2322,96.25,1.9558,N/A,25.787,7.4307,N/A,0.805,306,3.4528,0.698,N/A,4.4125,N/A,4.4722,8.9947,N/A,N/A,1.2008,N/A,7.5745,7.5548,41.7546,N/A,2.3048,1.2772,2.5021,1.2794,7.8486,9.5629,11722.21,4.818,68.519,1454.89,17.8118,3.9434,1.6422,53.661,1.5945,39.307,10.6345,
2012-05-31,1.2403,97.66,1.9558,N/A,25.693,7.4319,N/A,0.7999,301.65,3.4528,0.6977,N/A,4.3915,N/A,4.4729,8.9752,N/A,N/A,1.201,N/A,7.5235,7.5675,41.2975,N/A,2.296,1.2736,2.4935,1.2761,7.8989,9.6307,11816.1,4.8237,69.593,1463.01,17.5664,3.938,1.6439,53.922,1.5956,39.516,10.5726,
2012-05-30,1.2438,98.38,1.9558,N/A,25.658,7.4312,N/A,0.79775,298.95,3.4528,0.6982,N/A,4.3873,N/A,4.4675,8.9555,N/A,N/A,1.201,N/A,7.5145,7.5555,40.565,N/A,2.293,1.2729,2.4921,1.2784,7.892,9.6551,11976.3,4.8268,69.942,1465.19,17.3868,3.9329,1.6402,54.116,1.5948,39.627,10.5086,
2012-05-29,1.2523,99.64,1.9558,N/A,25.512,7.4307,N/A,0.7994,297.9,3.4528,0.6983,N/A,4.361,N/A,4.4653,8.9865,N/A,N/A,1.2015,N/A,7.5205,7.57,40.317,N/A,2.3008,1.2737,2.4846,1.2835,7.9301,9.7224,11886.57,4.8533,69.722,1472.72,17.4445,3.9531,1.6481,54.305,1.6001,39.735,10.4489,
2012-05-28,1.2566,99.75,1.9558,N/A,25.309,7.4303,N/A,0.8001,298.38,3.4528,0.698,N/A,4.3394,N/A,4.468,8.9982,N/A,N/A,1.2019,N/A,7.5359,7.5576,40.116,N/A,2.3074,1.274,2.4826,1.2871,7.956,9.7542,11814.52,4.848,69.345,1483.09,17.517,3.9495,1.6477,54.662,1.6038,39.721,10.461,
2012-05-25,1.2546,99.8,1.9558,N/A,25.423,7.431,N/A,0.8003,300.77,3.4528,0.6983,N/A,4.353,N/A,4.4685,8.993,N/A,N/A,1.2014,N/A,7.551,7.5815,40.051,N/A,2.3106,1.2815,2.5435,1.289,7.947,9.7395,11947.18,4.8368,69.516,1486.23,17.5657,3.9564,1.6563,54.962,1.6039,39.758,10.4739,
2012-05-24,1.2557,99.75,1.9558,N/A,25.39,7.4313,N/A,0.80095,299.78,3.4528,0.6975,N/A,4.3483,N/A,4.468,8.976,N/A,N/A,1.201,N/A,7.536,7.5758,39.7675,N/A,2.318,1.2842,2.5565,1.2877,7.9542,9.7491,11828.69,4.8355,69.842,1477.95,17.5421,3.946,1.666,54.789,1.6016,39.655,10.5046,
2012-05-23,1.2659,100.59,1.9558,N/A,25.495,7.4316,N/A,0.8044,302,3.4528,0.6979,N/A,4.367,N/A,4.46,9.0605,N/A,N/A,1.2011,N/A,7.573,7.571,39.8984,N/A,2.3409,1.2977,2.6447,1.294,8.0132,9.831,11787.6,4.8799,70.897,1485.96,17.6859,3.982,1.6871,55.015,1.6169,39.889,10.6385,
2012-05-22,1.2768,101.99,1.9558,N/A,25.294,7.4317,N/A,0.8087,297.05,3.4528,0.6977,N/A,4.3296,N/A,4.4543,9.089,N/A,N/A,1.2011,N/A,7.5715,7.5568,39.7196,N/A,2.3314,1.291,2.6062,1.2977,8.0643,9.9154,11843.07,4.8765,70.664,1487.01,17.4659,3.9945,1.6764,55.094,1.6213,40.066,10.5302,
2012-05-21,1.275,101.06,1.9558,N/A,25.225,7.432,N/A,0.8075,297.49,3.4528,0.6978,N/A,4.333,N/A,4.444,9.1191,N/A,N/A,1.2011,N/A,7.6265,7.5615,39.8647,N/A,2.3371,1.2969,2.5842,1.3047,8.0604,9.8994,11861.21,4.8837,70.1,1490.29,17.5896,3.9952,1.6841,55.089,1.6223,39.959,10.603,
2012-05-18,1.2721,100.95,1.9558,N/A,25.333,7.4329,N/A,0.8042,297.25,3.4528,0.6973,N/A,4.336,N/A,4.4435,9.0996,N/A,N/A,1.2012,N/A,7.5975,7.559,39.6685,N/A,2.327,1.2879,2.5376,1.2939,8.0465,9.8782,11909.1,4.871,69.288,1487.92,17.4891,3.988,1.6741,54.833,1.6195,39.855,10.5295,
2012-05-17,1.2682,101.77,1.9558,N/A,25.515,7.4328,N/A,0.8008,297.85,3.4528,0.6976,N/A,4.3484,N/A,4.4447,9.1356,N/A,N/A,1.2011,N/A,7.5802,7.551,39.575,N/A,2.3199,1.2795,2.544,1.2858,8.0216,9.8521,11723.02,4.854,69.098,1477.92,17.5316,3.9485,1.6625,54.55,1.6082,39.834,10.611,
2012-05-16,1.2738,102.53,1.9558,N/A,25.46,7.4331,N/A,0.79925,294.32,3.4528,0.6976,N/A,4.35,N/A,4.44,9.097,N/A,N/A,1.2011,N/A,7.621,7.544,39.3562,N/A,2.318,1.2813,2.5355,1.2832,8.0527,9.8959,11772.46,4.8772,69.416,1488,17.5848,3.9689,1.6601,54.786,1.6136,40.048,10.5861,
2012-05-15,1.2843,102.65,1.9558,N/A,25.515,7.4335,N/A,0.8001,292.25,3.4528,0.6971,N/A,4.3225,N/A,4.4425,9.0437,N/A,N/A,1.201,N/A,7.6185,7.535,39.0452,N/A,2.321,1.2836,2.5539,1.2855,8.1156,9.9739,11897.19,4.9136,69.05,1481.04,17.5635,3.9531,1.6573,54.773,1.6128,40.237,10.5182,
2012-05-14,1.2863,102.64,1.9558,N/A,25.395,7.4333,N/A,0.8,291.77,3.4528,0.6975,N/A,4.302,N/A,4.4406,9.002,N/A,N/A,1.201,N/A,7.5915,7.5163,39.0441,N/A,2.325,1.2881,2.5417,1.2911,8.1325,9.989,11895.8,4.9263,69.415,1481.9,17.558,3.9644,1.6534,55.015,1.617,40.313,10.5421,
2012-05-11,1.2944,103.48,1.9558,N/A,25.253,7.4334,N/A,0.8033,289.9,3.4528,0.6978,N/A,4.2434,N/A,4.4378,8.984,N/A,N/A,1.2012,N/A,7.5815,7.5027,39.0134,N/A,2.3135,1.2877,2.5305,1.2997,8.1681,10.0506,11893.41,4.9393,69.425,1485.25,17.5015,3.975,1.6476,55.043,1.6194,40.346,10.4786,
2012-05-10,1.2961,103.31,1.9558,N/A,25.162,7.4335,N/A,0.8018,288.31,3.4528,0.6982,N/A,4.2292,N/A,4.419,8.9448,N/A,N/A,1.2013,N/A,7.5575,7.5055,39.037,N/A,2.3135,1.2801,2.5456,1.2945,8.184,10.0615,11954.38,4.948,69.131,1480.27,17.4001,3.9758,1.6434,55.039,1.6199,40.335,10.38,
2012-05-09,1.295,102.99,1.9558,N/A,25.243,7.435,N/A,0.80495,290.7,3.4528,0.6983,N/A,4.2154,N/A,4.421,8.9097,N/A,N/A,1.201,N/A,7.563,7.505,39.3,N/A,2.3236,1.2886,2.5337,1.3007,8.1726,10.053,11951.56,4.9429,69.768,1481.06,17.4978,3.9808,1.6509,55.18,1.6232,40.287,10.3988,
2012-05-08,1.3025,104.01,1.9558,N/A,25.133,7.4367,N/A,0.80645,286.46,3.4528,0.6985,N/A,4.1905,N/A,4.4043,8.8885,N/A,N/A,1.2014,N/A,7.5605,7.5075,39.112,N/A,2.2994,1.283,2.509,1.2968,8.1969,10.1095,12002.59,4.9525,69.1875,1479.98,17.1877,3.9802,1.6456,55.116,1.6234,40.378,10.2376,
2012-05-07,1.3033,104.19,1.9558,N/A,25.025,7.4366,N/A,0.80647,286.48,3.4528,0.6995,N/A,4.1958,N/A,4.406,8.9105,N/A,N/A,1.2012,N/A,7.5635,7.5075,39.1819,N/A,2.3,1.2792,2.5098,1.2983,8.1984,10.1169,12000.71,4.957,68.958,1482.15,17.184,3.9803,1.6378,55.246,1.6265,40.402,10.202,
2012-05-04,1.3132,105.41,1.9558,N/A,25.023,7.4378,N/A,0.81195,284.85,3.4528,0.699,N/A,4.1848,N/A,4.4048,8.9041,N/A,N/A,1.2014,N/A,7.561,7.4978,38.875,N/A,2.3053,1.283,2.5107,1.2986,8.2812,10.1925,12110.53,4.9662,70.223,1486.5,17.067,3.9937,1.6465,55.57,1.6306,40.63,10.163,
2012-05-03,1.3123,105.49,1.9558,N/A,24.933,7.4378,N/A,0.81125,283.18,3.4528,0.6989,N/A,4.1629,N/A,4.406,8.8713,N/A,N/A,1.2014,N/A,7.5405,7.517,38.7824,N/A,2.3125,1.2762,2.534,1.2917,8.2473,10.1823,12139.98,4.9569,70.11,1482.52,17.0073,3.9796,1.6371,55.365,1.6307,40.576,10.154,
2012-05-02,1.3131,105.31,1.9558,N/A,24.903,7.4385,N/A,0.81205,283.5,3.4528,0.6994,N/A,4.1693,N/A,4.4268,8.8884,N/A,N/A,1.2018,N/A,7.5525,7.4975,38.7,N/A,2.3134,1.2718,2.5105,1.2977,8.2397,10.1873,12085.32,4.973,69.404,1484.06,16.9849,3.9767,1.6165,55.495,1.6292,40.535,10.165,
2012-04-30,1.3214,105.85,1.9558,N/A,24.867,7.4388,N/A,0.81295,286.75,3.4528,0.6994,N/A,4.1709,N/A,4.4095,8.9185,N/A,N/A,1.2018,N/A,7.5875,7.503,38.8465,N/A,2.3234,1.2684,2.492,1.2985,8.2976,10.2526,12139.14,4.956,69.644,1491.9,17.1563,3.9986,1.6133,55.699,1.634,40.62,10.2304,
2012-04-27,1.3229,106.75,1.9558,N/A,24.87,7.4385,N/A,0.8153,287.25,3.4528,0.6995,N/A,4.1788,N/A,4.3878,8.9024,N/A,N/A,1.2014,N/A,7.588,7.5155,38.875,N/A,2.328,1.2679,2.4916,1.2996,8.32,10.2652,12151.76,4.9666,69.465,1499.22,17.3961,4.022,1.6168,55.923,1.6396,40.719,10.2584,
2012-04-26,1.3215,106.96,1.9558,N/A,24.758,7.4393,N/A,0.8164,287.9,3.4528,0.6997,N/A,4.182,N/A,4.3775,8.876,N/A,N/A,1.2016,N/A,7.5765,7.533,38.742,N/A,2.3359,1.2736,2.4873,1.2968,8.3069,10.2543,12140.68,4.9591,69.451,1501.14,17.3843,4.0359,1.6196,56.192,1.6409,40.808,10.2582,
2012-04-25,1.3206,107.35,1.9558,N/A,24.804,7.4399,N/A,0.8194,287.83,3.4528,0.6993,N/A,4.1738,N/A,4.3765,8.8958,N/A,N/A,1.2018,N/A,7.5625,7.5325,38.749,N/A,2.3417,1.2771,2.4784,1.3016,8.3269,10.2468,12149.96,4.9545,69.391,1506.66,17.3461,4.0408,1.6217,56.314,1.644,40.859,10.2555,
2012-04-24,1.3161,106.87,1.9558,N/A,24.997,7.4402,N/A,0.8154,297.69,3.4528,0.6993,N/A,4.2003,N/A,4.3818,8.888,N/A,N/A,1.2021,N/A,7.5565,7.5375,38.655,N/A,2.351,1.2775,2.4729,1.302,8.2979,10.2141,12095.57,4.945,69.326,1500.43,17.285,4.0335,1.617,56.235,1.6417,40.746,10.277,
2012-04-23,1.3131,106.51,1.9558,N/A,25.043,7.4397,N/A,0.8166,298.73,3.4528,0.699,N/A,4.2045,N/A,4.3855,8.8618,N/A,N/A,1.2018,N/A,7.559,7.533,38.787,N/A,2.357,1.2769,2.4711,1.3094,8.2786,10.1914,12061.21,4.9422,69.036,1499.41,17.3139,4.0279,1.6193,56.103,1.6411,40.706,10.3263,
2012-04-20,1.3192,107.81,1.9558,N/A,24.919,7.4387,N/A,0.81875,296.64,3.4528,0.6985,N/A,4.192,N/A,4.3753,8.8396,N/A,N/A,1.2017,N/A,7.547,7.517,38.85,N/A,2.362,1.2738,2.4779,1.3075,8.315,10.2391,12108.96,4.9447,68.73,1502.75,17.3475,4.042,1.619,56.21,1.6477,40.747,10.3145,
2012-04-19,1.3086,106.92,1.9558,N/A,24.842,7.4389,N/A,0.8171,297.23,3.4528,0.6985,N/A,4.187,N/A,4.375,8.8416,N/A,N/A,1.2021,N/A,7.5485,7.508,38.6575,N/A,2.3444,1.2652,2.4693,1.2971,8.2492,10.156,12014.26,4.9228,68.237,1491.07,17.275,4.0115,1.6031,55.857,1.6382,40.449,10.2507,
2012-04-18,1.3093,106.64,1.9558,N/A,24.816,7.4389,N/A,0.81915,296.84,3.4528,0.6988,N/A,4.1804,N/A,4.3788,8.85,N/A,N/A,1.2032,N/A,7.5525,7.4898,38.672,N/A,2.3456,1.2628,2.4369,1.2966,8.2468,10.1617,12018.8,4.932,67.828,1491.09,17.1767,4.011,1.6003,55.876,1.6381,40.392,10.2517,
2012-04-17,1.3132,105.96,1.9558,N/A,24.799,7.4397,N/A,0.8234,297.35,3.4528,0.6989,N/A,4.1905,N/A,4.3753,8.8822,N/A,N/A,1.2018,N/A,7.5475,7.49,38.855,N/A,2.3515,1.2664,2.4229,1.3082,8.2758,10.1902,12051.8,4.9309,67.6,1493.52,17.2779,4.0223,1.6034,56.008,1.6412,40.433,10.2708,
2012-04-16,1.3024,105.18,1.9558,N/A,24.789,7.4389,N/A,0.8227,298.88,3.4528,0.6988,N/A,4.194,N/A,4.373,8.8822,N/A,N/A,1.2025,N/A,7.553,7.4753,38.674,N/A,2.3453,1.259,2.3965,1.3029,8.225,10.1062,11947.71,4.9004,67.28,1482.75,17.2429,3.9899,1.5925,55.694,1.6301,40.126,10.4033,
2012-04-13,1.3148,106.49,1.9558,N/A,24.75,7.4386,N/A,0.8248,297.05,3.4528,0.6985,N/A,4.1808,N/A,4.376,8.8945,N/A,N/A,1.2017,N/A,7.599,7.4743,38.806,N/A,2.3536,1.264,2.4066,1.3068,8.2869,10.2046,12015.39,4.9239,67.453,1490.69,17.1913,4.0197,1.5848,56.048,1.6382,40.404,10.385,
2012-04-12,1.3153,106.54,1.9558,N/A,24.803,7.4384,N/A,0.8247,296.9,3.4528,0.6989,N/A,4.1802,N/A,4.3745,8.8912,N/A,N/A,1.2027,N/A,7.61,7.4758,38.784,N/A,2.3664,1.2645,2.4075,1.3132,8.2961,10.2128,12055.3,4.9348,67.855,1500.58,17.2124,4.036,1.6001,56.176,1.6507,40.564,10.4472,
2012-04-11,1.3131,106.18,1.9558,N/A,24.823,7.4379,N/A,0.82595,298.15,3.4528,0.6992,N/A,4.1937,N/A,4.3743,8.907,N/A,N/A,1.2011,N/A,7.604,7.4705,38.981,N/A,2.3711,1.2743,2.4068,1.3166,8.2741,10.1958,12021.89,4.9305,67.592,1501.83,17.2549,4.034,1.6029,56.201,1.6521,40.562,10.4961,
2012-04-10,1.3114,106.48,1.9558,N/A,24.795,7.4395,N/A,0.8269,295.75,3.4528,0.6993,N/A,4.1706,N/A,4.3707,8.873,N/A,N/A,1.2027,N/A,7.5815,7.4738,38.898,N/A,2.3624,1.2741,2.3836,1.3092,8.276,10.1834,12014.32,4.9094,67.504,1495.43,17.068,4.0331,1.6043,56.187,1.6532,40.588,10.4085,
2012-04-05,1.3068,107.06,1.9558,N/A,24.704,7.4397,N/A,0.8242,295.95,3.4528,0.6995,N/A,4.1707,N/A,4.3728,8.8134,N/A,N/A,1.2025,N/A,7.5692,7.482,38.66,N/A,2.3468,1.271,2.3942,1.3042,8.2398,10.1478,11945.92,4.8967,66.875,1479.25,16.8244,4.0106,1.6026,55.897,1.6476,40.511,10.2687,
2012-04-04,1.3142,108.22,1.9558,N/A,24.595,7.4397,N/A,0.8285,295.63,3.4528,0.7002,N/A,4.1548,N/A,4.375,8.8185,N/A,N/A,1.2038,N/A,7.573,7.484,38.6304,N/A,2.3584,1.2785,2.406,1.3079,8.2764,10.2058,12029.85,4.9206,67.142,1486.18,16.873,4.0293,1.6136,56.361,1.655,40.78,10.2735,
2012-04-03,1.3315,109.3,1.9558,N/A,24.621,7.4404,N/A,0.83255,293.8,3.4528,0.7007,N/A,4.1357,N/A,4.3775,8.7938,N/A,N/A,1.2035,N/A,7.56,7.4933,39.0237,N/A,2.3677,1.2848,2.4342,1.3206,8.3781,10.3386,12167.71,4.9558,67.514,1496.77,16.9593,4.0607,1.6203,56.791,1.6674,41.037,10.2324,
2012-04-02,1.3319,109.95,1.9558,N/A,24.773,7.4407,N/A,0.83105,295,3.4528,0.7009,N/A,4.1445,N/A,4.3823,8.8052,N/A,N/A,1.2044,N/A,7.5505,7.4953,39.22,N/A,2.376,1.2841,2.434,1.33,8.3836,10.3429,12174.94,4.961,67.762,1501.86,17.0243,4.0683,1.6251,56.979,1.6711,41.082,10.205,
2012-03-30,1.3356,109.56,1.9558,N/A,24.73,7.4399,N/A,0.8339,294.92,3.4528,0.7003,N/A,4.1522,N/A,4.382,8.8455,N/A,N/A,1.2045,N/A,7.604,7.5125,39.295,N/A,2.3774,1.2836,2.4323,1.3311,8.4089,10.3705,12245.24,4.957,68.042,1512.98,17.0222,4.0916,1.6254,57.281,1.6775,41.177,10.2322,
2012-03-29,1.3272,109.21,1.9558,N/A,24.778,7.4372,N/A,0.8358,294.36,3.4528,0.7007,N/A,4.1612,N/A,4.3807,8.845,N/A,N/A,1.2051,N/A,7.632,7.5108,38.96,N/A,2.3677,1.283,2.4315,1.3271,8.3652,10.3048,12164.39,4.9586,68.112,1509.85,16.9975,4.0738,1.6292,57.139,1.6705,40.971,10.2562,
2012-03-28,1.3337,110.74,1.9558,N/A,24.603,7.4361,N/A,0.839,292.66,3.4528,0.7005,N/A,4.1568,N/A,4.3733,8.88,N/A,N/A,1.2063,N/A,7.611,7.506,38.9312,N/A,2.3763,1.2824,2.4262,1.3289,8.3967,10.3536,12232.74,4.962,67.725,1514.05,16.9715,4.0834,1.6304,57.28,1.6761,41.038,10.203,
2012-03-27,1.3333,110.57,1.9558,N/A,24.603,7.4357,N/A,0.8359,291.8,3.4528,0.6984,N/A,4.1367,N/A,4.3725,8.8935,N/A,N/A,1.2056,N/A,7.571,7.5125,38.665,N/A,2.3809,1.2681,2.4271,1.3233,8.3974,10.3525,12208.57,4.9581,67.698,1511.85,16.8782,4.0746,1.6203,57.26,1.6744,40.946,10.1035,
2012-03-26,1.3276,109.82,1.9558,N/A,24.63,7.4356,N/A,0.8352,292.63,3.4528,0.6968,N/A,4.1376,N/A,4.364,8.9277,N/A,N/A,1.2054,N/A,7.609,7.514,38.5,N/A,2.3767,1.2631,2.4021,1.3223,8.3699,10.3136,12184.35,4.949,67.98,1513.68,16.8545,4.0817,1.6195,57.087,1.6734,40.837,10.1261,
2012-03-23,1.3242,109.1,1.9558,N/A,24.725,7.4355,N/A,0.8363,294.48,3.4528,0.6969,N/A,4.1682,N/A,4.3723,8.924,N/A,N/A,1.2054,N/A,7.638,7.5235,38.9144,N/A,2.3862,1.2745,2.4109,1.3263,8.345,10.2839,12127.58,4.9444,67.898,1504.36,17.0186,4.0739,1.63,56.931,1.6748,40.732,10.2241,
2012-03-22,1.3167,109.4,1.9558,N/A,24.736,7.4359,N/A,0.8333,293.5,3.4528,0.6968,N/A,4.1645,N/A,4.373,8.9265,N/A,N/A,1.2055,N/A,7.624,7.5283,38.758,N/A,2.389,1.2696,2.4001,1.3151,8.3039,10.2252,12073.29,4.94,67.448,1491.16,16.8642,4.0704,1.6294,56.74,1.668,40.607,10.166,
2012-03-21,1.3225,111.11,1.9558,N/A,24.629,7.4354,N/A,0.83495,291.53,3.4528,0.6969,N/A,4.1525,N/A,4.3755,8.9185,N/A,N/A,1.2058,N/A,7.6105,7.534,38.6748,N/A,2.3989,1.2644,2.4125,1.3093,8.3553,10.2689,12107.49,4.9469,67.018,1493.87,16.7442,4.0692,1.6209,56.929,1.6708,40.693,10.1015,
2012-03-20,1.3198,110.48,1.9558,N/A,24.464,7.4353,N/A,0.8322,289.38,3.4528,0.6966,N/A,4.127,N/A,4.3788,8.912,N/A,N/A,1.2059,N/A,7.606,7.5335,38.6432,N/A,2.4,1.2586,2.4112,1.3098,8.3395,10.248,12083.74,4.9455,66.594,1486.75,16.7681,4.0678,1.616,56.768,1.6672,40.637,10.0581,
2012-03-19,1.315,109.73,1.9558,N/A,24.533,7.4356,N/A,0.82845,289.44,3.4528,0.6968,N/A,4.1255,N/A,4.3788,8.877,N/A,N/A,1.2067,N/A,7.5505,7.5307,38.4562,N/A,2.3801,1.2452,2.3796,1.3037,8.3092,10.2086,11998.52,4.9481,66.033,1476.89,16.6825,4.0147,1.5967,56.417,1.6549,40.41,9.9593,
2012-03-16,1.3116,109.81,1.9558,N/A,24.511,7.4356,N/A,0.8295,290.64,3.4528,0.697,N/A,4.13,N/A,4.3823,8.856,N/A,N/A,1.207,N/A,7.548,7.5368,38.479,N/A,2.3583,1.2401,2.3617,1.299,8.2926,10.1818,11997.04,4.93,65.757,1475.65,16.57,4.0067,1.5942,56.387,1.6529,40.332,9.9661,
2012-03-15,1.3057,108.82,1.9558,N/A,24.558,7.4348,N/A,0.83345,291.32,3.4528,0.6968,N/A,4.1393,N/A,4.3792,8.916,N/A,N/A,1.2096,N/A,7.5665,7.5118,38.413,N/A,2.3555,1.2422,2.3468,1.296,8.2682,10.1354,11975.03,4.933,65.775,1471.81,16.5456,3.9941,1.5988,56.154,1.6511,40.176,10.0038,
2012-03-14,1.3062,109.16,1.9558,N/A,24.615,7.4349,N/A,0.8314,292.2,3.4528,0.6965,N/A,4.1545,N/A,4.3655,8.883,N/A,N/A,1.211,N/A,7.547,7.5298,38.494,N/A,2.3459,1.2474,2.3614,1.2927,8.2719,10.139,11977.4,4.944,65.343,1474.59,16.4549,3.9954,1.6082,56.025,1.6546,40.205,9.996,
2012-03-13,1.3057,108.03,1.9558,N/A,24.585,7.4348,N/A,0.83575,294.37,3.4528,0.6966,N/A,4.1243,N/A,4.3623,8.8889,N/A,N/A,1.206,N/A,7.4515,7.5365,38.7063,N/A,2.345,1.2444,2.3778,1.2953,8.2663,10.1342,11978.56,4.9373,65.252,1469.15,16.5563,3.9641,1.5941,55.828,1.6482,40.033,9.892,
2012-03-12,1.3119,107.79,1.9558,N/A,24.563,7.4348,N/A,0.8392,293.48,3.4528,0.6966,N/A,4.1095,N/A,4.3553,8.9312,N/A,N/A,1.2056,N/A,7.4795,7.5475,38.845,N/A,2.3585,1.2498,2.3745,1.3026,8.3013,10.1784,12010.83,4.9627,65.575,1474.62,16.648,3.9796,1.6092,55.911,1.6551,40.21,9.9555,
2012-03-09,1.3191,107.93,1.9558,N/A,24.715,7.4352,N/A,0.83595,291.9,3.4528,0.6969,N/A,4.0992,N/A,4.3555,8.9075,N/A,N/A,1.2053,N/A,7.46,7.549,38.729,N/A,2.3493,1.2415,2.3307,1.3091,8.3231,10.2331,12047.8,4.9851,65.685,1475.32,16.746,3.9697,1.602,56.217,1.6519,40.312,9.918,
2012-03-08,1.3242,108.18,1.9558,N/A,24.767,7.4344,N/A,0.83865,292.9,3.4528,0.6977,N/A,4.1135,N/A,4.3558,8.8894,N/A,N/A,1.205,N/A,7.421,7.5575,39.3346,N/A,2.3514,1.2441,2.3298,1.3178,8.3664,10.272,12097.94,5.005,66.7463,1477.43,16.9511,3.9772,1.6045,56.43,1.6593,40.441,9.9663,
2012-03-07,1.312,105.95,1.9558,N/A,24.871,7.4345,N/A,0.8349,296.28,3.4528,0.6978,N/A,4.1644,N/A,4.358,8.924,N/A,N/A,1.2052,N/A,7.448,7.5588,39.0299,N/A,2.3459,1.2423,2.3209,1.314,8.2855,10.1858,12037.6,5.0022,66.131,1476.91,17.0308,3.9714,1.6043,56.37,1.6554,40.37,10.0432,
2012-03-06,1.3153,106.66,1.9558,N/A,24.866,7.4344,N/A,0.83255,293.43,3.4528,0.6981,N/A,4.1495,N/A,4.3538,8.8906,N/A,N/A,1.2055,N/A,7.452,7.5548,38.8666,N/A,2.3485,1.2418,2.3007,1.3137,8.3024,10.2103,12080.27,5.0127,66.271,1479.71,16.9779,3.9854,1.615,56.624,1.6604,40.485,10.0079,
2012-03-05,1.322,107.54,1.9558,N/A,24.78,7.4341,N/A,0.83465,291.26,3.4528,0.698,N/A,4.126,N/A,4.3503,8.8382,N/A,N/A,1.2061,N/A,7.42,7.5645,38.712,N/A,2.3355,1.2354,2.2844,1.3129,8.3392,10.2628,12069.54,5.0192,65.829,1478.08,16.9126,3.9905,1.604,56.659,1.6608,40.506,9.9892,
2012-03-02,1.3217,107.74,1.9558,N/A,24.715,7.4346,N/A,0.8327,289.3,3.4528,0.6983,N/A,4.1074,N/A,4.3508,8.8316,N/A,N/A,1.2062,N/A,7.4205,7.5673,38.7275,N/A,2.3277,1.2264,2.2712,1.3044,8.3237,10.2548,12020,5.0187,65.371,1474.72,16.8678,3.9701,1.5851,56.482,1.6527,40.404,9.9265,
2012-03-01,1.3312,107.95,1.9558,N/A,24.89,7.4346,N/A,0.8349,287.86,3.4528,0.6986,N/A,4.1152,N/A,4.3505,8.8135,N/A,N/A,1.2052,N/A,7.4225,7.567,39.033,N/A,2.3343,1.2353,2.2886,1.312,8.3859,10.3245,12097.04,5.0349,65.595,1488.9,17.0633,3.9989,1.5909,57.026,1.6635,40.735,9.9496,
2012-02-29,1.3443,107.92,1.9558,N/A,24.843,7.4356,N/A,0.8439,288.71,3.4528,0.6985,N/A,4.1212,N/A,4.3486,8.8088,N/A,N/A,1.2051,N/A,7.4405,7.574,39.1354,N/A,2.345,1.2414,2.2872,1.3282,8.4608,10.4252,12158.52,5.065,65.81,1502.28,17.1949,4.0275,1.5902,57.438,1.6726,40.665,10.008,
2012-02-28,1.3454,108.39,1.9558,N/A,24.9,7.4355,N/A,0.8479,289.63,3.4528,0.6988,N/A,4.141,N/A,4.348,8.8275,N/A,N/A,1.205,N/A,7.48,7.571,39.0475,N/A,2.358,1.2486,2.2873,1.3396,8.4766,10.4332,12146.01,5.0933,66.039,1513.77,17.2682,4.0483,1.604,57.753,1.6846,40.833,10.1176,
2012-02-27,1.3388,107.81,1.9558,N/A,25.068,7.436,N/A,0.845,291.73,3.4528,0.6987,N/A,4.1738,N/A,4.351,8.8334,N/A,N/A,1.2052,N/A,7.4975,7.5798,38.8825,N/A,2.3697,1.2532,2.2883,1.3432,8.4366,10.3828,12246.01,5.084,65.983,1513.46,17.3089,4.0499,1.6046,57.575,1.6869,40.753,10.2086,
2012-02-24,1.3412,107.99,1.9558,N/A,25.033,7.4362,N/A,0.84815,288.71,3.4528,0.6986,N/A,4.1665,N/A,4.3525,8.8225,N/A,N/A,1.2048,N/A,7.4785,7.5823,39.185,N/A,2.3639,1.2516,2.2943,1.3393,8.447,10.4011,12270.39,5.0487,65.726,1510.31,17.1926,4.0425,1.6022,57.431,1.6841,40.732,10.1831,
2012-02-23,1.33,106.72,1.9558,N/A,25.075,7.4374,N/A,0.8461,289.5,3.4528,0.6985,N/A,4.1803,N/A,4.3583,8.8175,N/A,N/A,1.2053,N/A,7.471,7.58,39.36,N/A,2.346,1.243,2.2648,1.3259,8.3787,10.3151,12051.58,4.9868,65.37,1501.33,16.9869,4.0113,1.5933,56.893,1.6707,40.339,10.2261,
2012-02-22,1.323,106.22,1.9558,N/A,25.172,7.4363,N/A,0.8442,288.82,3.4528,0.6982,N/A,4.1866,N/A,4.3592,8.808,N/A,N/A,1.2072,N/A,7.5,7.5865,39.368,N/A,2.3173,1.2441,2.2721,1.321,8.332,10.2609,11976.74,4.967,65.011,1491.21,16.9605,4.0054,1.5933,56.481,1.6646,40.431,10.2085,
2012-02-21,1.3222,105.38,1.9558,N/A,24.912,7.4358,N/A,0.8364,288.03,3.4528,0.6977,N/A,4.1837,N/A,4.3565,8.8107,N/A,N/A,1.2073,N/A,7.52,7.582,39.45,N/A,2.3182,1.2385,2.267,1.3172,8.3258,10.2547,11888.2,4.9375,65.224,1488.88,16.8286,3.9997,1.5839,56.421,1.6613,40.671,10.2166,
2012-02-20,1.3266,105.47,1.9558,N/A,24.907,7.4339,N/A,0.8364,287.4,3.4528,0.6982,N/A,4.168,N/A,4.3525,8.811,N/A,N/A,1.2075,N/A,7.488,7.5824,39.4734,N/A,2.3094,1.2303,2.2731,1.3159,8.3511,10.2873,11934.57,4.9456,65.182,1488.11,16.8306,4.0043,1.5777,56.485,1.6605,40.793,10.1688,
2012-02-17,1.3159,104.39,1.9558,N/A,25.001,7.4334,N/A,0.8311,290.14,3.4528,0.6988,N/A,4.1816,N/A,4.3545,8.8316,N/A,N/A,1.2083,N/A,7.4975,7.578,39.375,N/A,2.3094,1.223,2.255,1.3093,8.2864,10.2036,11888.19,4.9239,64.795,1480.16,16.8317,3.9951,1.573,56.143,1.6541,40.517,10.1882,
2012-02-16,1.2982,102.31,1.9558,N/A,25.268,7.4331,N/A,0.82845,293.9,3.4528,0.6986,N/A,4.236,N/A,4.3555,8.8065,N/A,N/A,1.2072,N/A,7.5515,7.5823,39.37,N/A,2.3048,1.2168,2.2552,1.3026,8.1816,10.0678,11701.24,4.9035,64.125,1473.04,16.8151,3.9744,1.5695,55.785,1.6494,40.114,10.2131,
2012-02-15,1.3092,102.73,1.9558,N/A,25.17,7.4324,N/A,0.8348,289.63,3.4528,0.6987,N/A,4.1875,N/A,4.347,8.7861,N/A,N/A,1.2073,N/A,7.5285,7.583,39.3175,N/A,2.3101,1.2195,2.2475,1.3053,8.2412,10.1514,11779.18,4.8982,64.642,1470.35,16.6897,3.9756,1.5626,55.931,1.6513,40.297,10.101,
2012-02-14,1.3169,102.85,1.9558,N/A,25.097,7.4333,N/A,0.83765,291.58,3.4528,0.6988,N/A,4.191,N/A,4.3488,8.7814,N/A,N/A,1.2075,N/A,7.535,7.5821,39.578,N/A,2.3307,1.2298,2.2633,1.3162,8.29,10.2107,11856.43,4.9212,65.061,1481.62,16.7766,4.0073,1.5822,56.26,1.665,40.613,10.18,
2012-02-13,1.3254,102.86,1.9558,N/A,25.045,7.4329,N/A,0.83885,290.45,3.4528,0.6988,N/A,4.1942,N/A,4.3458,8.8098,N/A,N/A,1.209,N/A,7.571,7.587,39.576,N/A,2.3312,1.2326,2.2757,1.3222,8.3386,10.2782,11926.83,4.9313,65.143,1485.49,16.8404,4.0116,1.5867,56.28,1.6622,40.836,10.1629,
2012-02-10,1.3189,102.43,1.9558,N/A,25.245,7.4322,N/A,0.8363,293.58,3.4528,0.699,N/A,4.2188,N/A,4.354,8.8065,N/A,N/A,1.2098,N/A,7.618,7.589,39.6746,N/A,2.3305,1.2381,2.2767,1.3225,8.3013,10.2302,11848.61,4.9094,65.272,1483.83,16.8943,4.0042,1.5948,56.086,1.6635,40.741,10.19,
2012-02-09,1.3288,102.63,1.9558,N/A,24.985,7.432,N/A,0.83665,290.9,3.4528,0.6989,N/A,4.1971,N/A,4.3535,8.8045,N/A,N/A,1.2103,N/A,7.63,7.5857,39.5546,N/A,2.3331,1.2295,2.2882,1.3219,8.3717,10.3056,11855.69,4.939,65.583,1483.8,16.8765,4.0004,1.5896,56.132,1.6548,40.861,10.0959,
2012-02-08,1.3274,102.11,1.9558,N/A,24.812,7.4328,N/A,0.83495,289.65,3.4528,0.699,N/A,4.1773,N/A,4.3505,8.8285,N/A,N/A,1.2114,N/A,7.629,7.5823,39.559,N/A,2.3191,1.2251,2.2853,1.3199,8.3614,10.2927,11791.74,4.9116,65.235,1480.91,16.8232,3.9878,1.5814,56.109,1.6519,40.791,10.0158,
2012-02-07,1.3113,100.67,1.9558,N/A,25,7.4336,N/A,0.8302,291.66,3.4528,0.699,N/A,4.1783,N/A,4.3523,8.8215,N/A,N/A,1.2087,N/A,7.6225,7.575,39.287,N/A,2.3076,1.2161,2.2636,1.3088,8.2763,10.1682,11791.87,4.895,64.706,1467.38,16.6601,3.9509,1.5747,55.715,1.637,40.611,9.9577,
2012-02-06,1.3042,99.97,1.9558,N/A,24.98,7.4342,N/A,0.8281,293.01,3.4528,0.6993,N/A,4.177,N/A,4.342,8.8025,N/A,N/A,1.2067,N/A,7.5925,7.583,39.4254,N/A,2.3017,1.2192,2.2549,1.3019,8.2329,10.1135,11718.28,4.8552,63.978,1463.27,16.5907,3.9374,1.5721,55.533,1.6303,40.404,9.945,
2012-02-03,1.316,100.3,1.9558,N/A,25.064,7.4333,N/A,0.8322,291.8,3.4528,0.6999,N/A,4.1932,N/A,4.3485,8.848,N/A,N/A,1.205,N/A,7.644,7.5843,39.8093,N/A,2.3112,1.2311,2.2706,1.3189,8.3042,10.2068,11805.66,4.8781,64.227,1470.78,16.8909,3.9616,1.5829,55.986,1.6401,40.638,10.0272,
2012-02-02,1.3094,99.66,1.9558,N/A,25.151,7.4335,N/A,0.82765,292.87,3.4528,0.7,N/A,4.1997,N/A,4.351,8.8565,N/A,N/A,1.2048,N/A,7.648,7.5845,39.6665,N/A,2.314,1.2246,2.2702,1.3097,8.2572,10.1541,11726.06,4.8848,64.35,1466.38,16.907,3.9505,1.5728,55.915,1.6339,40.5,10.1048,
2012-02-01,1.3175,100.29,1.9558,N/A,25.157,7.4337,N/A,0.8312,292.49,3.4528,0.6996,N/A,4.2005,N/A,4.3467,8.8896,N/A,N/A,1.2048,N/A,7.654,7.578,39.792,N/A,2.3232,1.2312,2.2907,1.3161,8.3088,10.2176,11828.48,4.9167,64.775,1480.8,17.0668,4.0078,1.5839,56.457,1.6496,40.763,10.1889,
2012-01-31,1.3176,100.63,1.9558,N/A,25.188,7.4346,N/A,0.8351,293.91,3.4528,0.6991,N/A,4.2243,N/A,4.3418,8.8967,N/A,N/A,1.2048,N/A,7.656,7.578,39.69,N/A,2.333,1.2366,2.2893,1.3134,8.3121,10.2194,11835.56,4.9161,65.136,1477.99,17.0234,4.0128,1.5918,56.506,1.6487,40.753,10.253,
2012-01-30,1.311,100.53,1.9558,N/A,25.27,7.4341,N/A,0.8358,296.04,3.4528,0.6991,N/A,4.2545,N/A,4.338,8.8996,N/A,N/A,1.2046,N/A,7.681,7.5818,39.895,N/A,2.3478,1.2427,2.2919,1.3185,8.2837,10.1707,11837.85,4.9388,65.235,1481.36,17.0423,4.0097,1.6042,56.525,1.6523,40.903,10.3024,
2012-01-27,1.3145,101.18,1.9558,N/A,25.156,7.4335,N/A,0.83685,293.95,3.4528,0.6991,N/A,4.2207,N/A,4.3457,8.8966,N/A,N/A,1.2078,N/A,7.645,7.5698,39.74,N/A,2.3389,1.2326,2.2903,1.3129,8.2995,10.1947,11809.33,4.9351,64.93,1475.64,17.0004,3.9941,1.5949,56.313,1.6485,40.92,10.2035,
2012-01-26,1.3145,101.98,1.9558,N/A,25.193,7.4343,N/A,0.838,294.8,3.4528,0.6986,N/A,4.247,N/A,4.3408,8.8775,N/A,N/A,1.2071,N/A,7.6465,7.584,39.819,N/A,2.358,1.2326,2.2849,1.3166,8.2906,10.1964,11775.79,4.9399,66.047,1474.33,16.9883,3.9967,1.6004,56.178,1.6511,41.118,10.2801,
2012-01-25,1.2942,101.02,1.9558,N/A,25.371,7.4343,N/A,0.83205,298.38,3.4528,0.6978,N/A,4.2966,N/A,4.3492,8.8506,N/A,N/A,1.2075,N/A,7.6825,7.5728,39.7886,N/A,2.366,1.2367,2.283,1.3114,8.1713,10.0443,11507.66,4.9027,65.027,1461.59,17.0297,3.9903,1.6064,55.825,1.6447,40.897,10.4134,
2012-01-24,1.3003,100.89,1.9558,N/A,25.422,7.4352,N/A,0.8346,302.38,3.4528,0.6977,N/A,4.2984,N/A,4.343,8.794,N/A,N/A,1.2065,N/A,7.639,7.5685,40.1911,N/A,2.3767,1.2429,2.2923,1.3164,8.2062,10.0912,11706.35,4.9216,65.152,1472.98,17.1965,4.0147,1.6092,56.125,1.6527,40.92,10.3843,
2012-01-23,1.3017,100.1,1.9558,N/A,25.349,7.4358,N/A,0.83625,301.89,3.4528,0.6986,N/A,4.2853,N/A,4.3423,8.7791,N/A,N/A,1.2061,N/A,7.6645,7.5703,40.334,N/A,2.369,1.2332,2.2825,1.3129,8.2179,10.1013,11644.38,4.9077,65.078,1471.31,17.0627,4.013,1.6008,56.344,1.6478,40.86,10.3027,
2012-01-20,1.2902,99.53,1.9558,N/A,25.466,7.4362,N/A,0.8339,304.68,3.4528,0.699,N/A,4.3196,N/A,4.344,8.7804,N/A,N/A,1.2077,N/A,7.66,7.567,40.4552,N/A,2.364,1.2379,2.2804,1.3076,8.1732,10.0145,11541.85,4.8897,64.873,1463.46,17.1248,4.0016,1.6071,55.94,1.6463,40.719,10.2858,
2012-01-19,1.2911,99.19,1.9558,N/A,25.298,7.4358,N/A,0.8356,302.11,3.4528,0.7002,N/A,4.325,N/A,4.3438,8.7605,N/A,N/A,1.2076,N/A,7.662,7.566,40.5596,N/A,2.362,1.2391,2.2804,1.3012,8.1545,10.0206,11590.53,4.8863,64.917,1466.73,17.1321,4.0069,1.6102,56.147,1.6449,40.837,10.2423,
2012-01-18,1.2831,98.53,1.9558,N/A,25.545,7.4357,N/A,0.83385,306.15,3.4528,0.7003,N/A,4.3478,N/A,4.353,8.8236,N/A,N/A,1.2088,N/A,7.7045,7.556,40.4083,N/A,2.361,1.2344,2.2828,1.3002,8.0985,9.9599,11614.78,4.8846,64.667,1465.38,17.1517,4.002,1.5911,55.612,1.6416,40.726,10.3099,
2012-01-17,1.279,98.2,1.9558,N/A,25.65,7.4353,N/A,0.83045,310.93,3.4528,0.7001,N/A,4.3697,N/A,4.3344,8.8376,N/A,N/A,1.209,N/A,7.6635,7.5445,40.2978,N/A,2.3523,1.2279,2.2661,1.2949,8.0814,9.9328,11645.75,4.9023,64.778,1462.15,17.2281,3.9873,1.5981,55.78,1.6413,40.669,10.2672,
2012-01-16,1.2669,97.25,1.9558,N/A,25.595,7.4349,N/A,0.82745,309.75,3.4528,0.6997,N/A,4.3927,N/A,4.314,8.8748,N/A,N/A,1.2093,N/A,7.6705,7.5513,40.214,N/A,2.3482,1.2289,2.2599,1.2929,8.0024,9.8422,11655.62,4.879,65.15,1459.69,17.1633,3.9774,1.5982,55.51,1.6349,40.401,10.2512,
2012-01-13,1.2771,98.06,1.9558,N/A,25.45,7.4365,N/A,0.8332,309.71,3.4528,0.7002,N/A,4.406,N/A,4.3345,8.8892,N/A,N/A,1.21,N/A,7.693,7.548,40.5047,N/A,2.3642,1.2364,2.274,1.3019,8.0648,9.9196,11700.55,4.893,65.704,1466.53,17.2983,4.0005,1.609,55.904,1.6468,40.573,10.2672,
2012-01-12,1.2736,97.92,1.9558,N/A,25.581,7.4366,N/A,0.83055,307.88,3.4528,0.6999,N/A,4.4392,N/A,4.349,8.8515,N/A,N/A,1.2112,N/A,7.677,7.545,40.293,N/A,2.3545,1.2303,2.2795,1.2946,8.0467,9.8933,11681.89,4.8874,65.616,1470.72,17.2985,3.9991,1.5985,56.076,1.6441,40.5,10.261,
2012-01-11,1.2718,97.87,1.9558,N/A,25.821,7.4363,N/A,0.8259,311.93,3.4528,0.6982,N/A,4.4609,N/A,4.367,8.8087,N/A,N/A,1.212,N/A,7.6505,7.539,40.3375,N/A,2.3671,1.2361,2.2937,1.2928,8.0304,9.8792,11649.95,4.8917,65.962,1476.82,17.3728,3.9935,1.6016,55.881,1.6441,40.469,10.3476,
2012-01-10,1.2808,98.39,1.9558,N/A,25.785,7.4355,N/A,0.8282,312.31,3.4528,0.6981,N/A,4.4626,N/A,4.362,8.812,N/A,N/A,1.2136,N/A,7.6555,7.5325,40.39,N/A,2.3921,1.2379,2.303,1.3021,8.0858,9.9471,11722.29,4.8997,66.339,1478.49,17.3805,4.0127,1.6098,56.335,1.6506,40.512,10.339,
2012-01-09,1.2728,97.87,1.9558,N/A,25.818,7.4356,N/A,0.824,315.27,3.4528,0.6978,N/A,4.4821,N/A,4.3563,8.8343,N/A,N/A,1.2139,N/A,7.657,7.5335,40.635,N/A,2.3844,1.2468,2.3477,1.3086,8.0371,9.8832,11644.03,4.8895,66.825,1477.28,17.4915,4.0138,1.6221,56.257,1.6512,40.45,10.3735,
2012-01-06,1.2776,98.56,1.9558,N/A,25.851,7.435,N/A,0.8264,318.45,3.4528,0.6977,N/A,4.4973,N/A,4.346,8.8388,N/A,N/A,1.2177,N/A,7.6745,7.535,40.85,N/A,2.3955,1.2472,2.3523,1.3051,8.0689,9.9209,11632.55,4.906,67.361,1483.11,17.5457,4.0161,1.6347,56.364,1.6528,40.474,10.4241,
2012-01-05,1.2832,98.67,1.9558,N/A,25.914,7.436,N/A,0.82675,320.78,3.4528,0.6983,N/A,4.5054,N/A,4.339,8.8461,N/A,N/A,1.2187,N/A,7.6825,7.533,41.083,N/A,2.4185,1.2491,2.3551,1.3039,8.098,9.9647,11800.87,4.9413,67.913,1482.77,17.604,4.0389,1.6399,56.579,1.6562,40.588,10.5038,
2012-01-04,1.2948,99.43,1.9558,N/A,25.761,7.4361,N/A,0.8311,320.01,3.4528,0.6987,N/A,4.4895,N/A,4.3215,8.8985,N/A,N/A,1.2196,N/A,7.7005,7.5489,41.216,N/A,2.4275,1.2552,2.3706,1.3153,8.1528,10.0585,11844.15,4.9964,68.533,1490.61,17.7921,4.0618,1.6452,56.766,1.6698,40.825,10.5259,
2012-01-03,1.3014,99.86,1.9558,N/A,25.688,7.436,N/A,0.8351,315.55,3.4528,0.6993,N/A,4.4744,N/A,4.3185,8.9283,N/A,N/A,1.2183,N/A,7.735,7.536,41.3199,N/A,2.4505,1.2595,2.4069,1.317,8.1941,10.1102,12017.7,4.9681,69.13,1496,17.9613,4.0857,1.6541,56.914,1.6737,40.916,10.4925,
2012-01-02,1.2935,99.52,1.9558,N/A,25.505,7.4335,N/A,0.83514,314.38,3.4528,0.6998,N/A,4.4733,N/A,4.3325,8.9275,N/A,N/A,1.2155,N/A,7.754,7.5343,41.6448,N/A,2.4376,1.2662,2.4178,1.3195,8.1529,10.0473,11744,4.9343,68.95,1494.27,18.021,4.1033,1.6623,56.703,1.6781,40.758,10.4599,
2011-12-30,1.2939,100.2,1.9558,N/A,25.787,7.4342,N/A,0.8353,314.58,3.4528,0.6995,N/A,4.458,N/A,4.3233,8.912,N/A,N/A,1.2156,N/A,7.754,7.537,41.765,N/A,2.4432,1.2723,2.4159,1.3215,8.1588,10.051,11731.47,4.9453,68.713,1498.69,18.0512,4.1055,1.6737,56.754,1.6819,40.991,10.483,
2011-12-29,1.2889,100.24,1.9558,N/A,25.91,7.4343,N/A,0.836,310.75,3.4528,0.699,N/A,4.4411,N/A,4.3025,8.9414,N/A,N/A,1.2186,N/A,7.774,7.5375,41.536,N/A,2.465,1.2799,2.4201,1.3189,8.1461,10.0181,11861.52,4.9135,68.379,1488.7,18.0061,4.0981,1.6815,56.511,1.6805,40.961,10.5089,
2011-12-28,1.3074,101.51,1.9558,N/A,25.82,7.4358,N/A,0.8342,307.05,3.4528,0.6972,N/A,4.3947,N/A,4.2863,8.9685,N/A,N/A,1.2196,N/A,7.799,7.528,41.3855,N/A,2.484,1.2819,2.4328,1.3269,8.2607,10.1678,12026.24,4.9649,69.158,1511.19,18.2846,4.1379,1.6812,57.484,1.6936,41.235,10.5999,
2011-12-27,1.3069,101.75,1.9558,N/A,25.785,7.433,N/A,0.8335,305.53,3.4528,0.6974,N/A,4.404,N/A,4.29,8.9735,N/A,N/A,1.221,N/A,7.7945,7.5173,40.877,N/A,2.4831,1.2862,2.4273,1.3322,8.2631,10.1636,12029.6,4.9382,69.184,1510.58,18.1051,4.1474,1.6886,57.202,1.6941,41.089,10.6617,
2011-12-23,1.3057,101.93,1.9558,N/A,25.839,7.4339,N/A,0.8331,306.89,3.4528,0.6965,N/A,4.4397,N/A,4.296,8.9648,N/A,N/A,1.2221,N/A,7.782,7.519,40.77,N/A,2.4765,1.2852,2.4234,1.3309,8.2742,10.1544,11824.07,4.9362,69.013,1502.81,18.0402,4.1188,1.6862,56.794,1.6885,40.881,10.6581,
2011-12-22,1.3047,101.93,1.9558,N/A,25.625,7.4336,N/A,0.8325,306.45,3.4528,0.6965,N/A,4.4352,N/A,4.3,8.9952,N/A,N/A,1.2232,N/A,7.764,7.5156,41.098,N/A,2.465,1.2878,2.4218,1.3369,8.2705,10.1523,11820.58,4.936,68.666,1509.47,17.9918,4.1261,1.6888,56.989,1.6884,40.785,10.6521,
2011-12-21,1.3054,101.66,1.9558,N/A,25.618,7.4339,N/A,0.8323,302.38,3.4528,0.6965,N/A,4.4568,N/A,4.3063,9.0021,N/A,N/A,1.219,N/A,7.752,7.5168,41.4525,N/A,2.4594,1.2943,2.4223,1.3422,8.2734,10.1578,11841.23,4.9313,68.775,1502.28,18.0666,4.1362,1.6987,56.977,1.6927,40.82,10.6929,
2011-12-20,1.3074,101.88,1.9558,N/A,25.491,7.4338,N/A,0.8368,300.56,3.4528,0.6969,N/A,4.459,N/A,4.3165,8.978,N/A,N/A,1.2192,N/A,7.708,7.5198,41.96,N/A,2.476,1.3082,2.4303,1.3508,8.2914,10.1751,11878.68,4.947,69.26,1519.17,18.0685,4.1569,1.7139,57.256,1.7033,40.922,10.8132,
2011-12-19,1.3039,101.52,1.9558,N/A,25.292,7.4318,N/A,0.8398,303.23,3.4528,0.6973,N/A,4.488,N/A,4.3075,8.9898,N/A,N/A,1.219,N/A,7.7475,7.516,41.7629,N/A,2.469,1.3086,2.4272,1.3505,8.2558,10.1496,11825.13,4.945,69.022,1530.04,18.0773,4.1516,1.7115,57.273,1.7013,40.786,10.9374,
2011-12-16,1.3064,101.7,1.9558,N/A,25.343,7.4336,N/A,0.84055,303.38,3.4528,0.6975,N/A,4.4891,N/A,4.3345,9.0337,N/A,N/A,1.2249,N/A,7.7815,7.5135,41.581,N/A,2.452,1.306,2.4085,1.3497,8.2698,10.1673,11805.04,4.9445,68.847,1512.33,18.0479,4.1485,1.7106,57.234,1.7004,40.903,10.9181,
2011-12-15,1.3019,101.3,1.9558,N/A,25.534,7.4322,N/A,0.83935,302.25,3.4528,0.6973,N/A,4.535,N/A,4.3408,9.0708,N/A,N/A,1.2261,N/A,7.7675,7.5085,41.4665,N/A,2.4455,1.3103,2.4226,1.348,8.2587,10.132,11860.77,4.9442,69.7,1505.81,17.9662,4.1508,1.7299,57.398,1.6995,40.797,10.9102,
2011-12-14,1.2993,101.44,1.9558,N/A,25.649,7.4326,N/A,0.839,304.65,3.4528,0.6973,N/A,4.5607,N/A,4.345,9.0852,N/A,N/A,1.2317,N/A,7.766,7.503,41.31,N/A,2.4467,1.3023,2.4275,1.3475,8.2659,10.1126,11953.84,4.946,70.078,1505.57,18.0475,4.1419,1.7254,57.435,1.6975,40.642,10.8569,
2011-12-13,1.3181,102.6,1.9558,N/A,25.633,7.4366,N/A,0.84625,304.39,3.4528,0.697,N/A,4.5608,N/A,4.3485,9.0605,N/A,N/A,1.2345,N/A,7.711,7.4986,41.7115,N/A,2.4641,1.3016,2.4292,1.3528,8.3877,10.2548,12005.28,4.9834,70.11,1519.49,18.1647,4.185,1.7215,57.795,1.7158,41.138,10.8795,
2011-12-12,1.3251,103.12,1.9558,N/A,25.578,7.4361,N/A,0.848,305.16,3.4528,0.6979,N/A,4.5395,N/A,4.3491,9.0525,N/A,N/A,1.2349,N/A,7.7015,7.4975,41.8289,N/A,2.4687,1.3104,2.4068,1.3576,8.4284,10.3109,11987.73,4.9888,70.047,1523.48,18.266,4.1946,1.7293,57.842,1.7193,41.277,10.9105,
2011-12-09,1.3384,103.95,1.9558,N/A,25.475,7.4349,N/A,0.85315,305.08,3.4528,0.6981,N/A,4.5149,N/A,4.3428,9.0185,N/A,N/A,1.2332,N/A,7.677,7.5,42.202,N/A,2.47,1.3179,2.4243,1.3674,8.482,10.4118,12105.19,5.034,69.697,1533.7,18.3191,4.214,1.7357,58.318,1.7356,41.423,10.9853,
2011-12-08,1.341,103.72,1.9558,N/A,25.23,7.4344,N/A,0.8528,301.02,3.4528,0.6975,N/A,4.4763,N/A,4.3375,9.014,N/A,N/A,1.2373,N/A,7.684,7.498,42.04,N/A,2.4566,1.3011,2.3994,1.3523,8.5313,10.426,12064.99,5.0112,69.363,1518.6,18.1169,4.2,1.7147,58.083,1.726,41.236,10.8374,
2011-12-07,1.3377,103.99,1.9558,N/A,25.328,7.4345,N/A,0.85745,300.23,3.4528,0.6978,N/A,4.4715,N/A,4.3455,9.0149,N/A,N/A,1.2413,N/A,7.6935,7.5115,41.815,N/A,2.4529,1.3043,2.4018,1.3517,8.4905,10.3994,12081.19,5.0103,69.182,1512.52,18.079,4.185,1.7193,57.977,1.7211,41.255,10.8165,
2011-12-06,1.3394,104.15,1.9558,N/A,25.23,7.4348,N/A,0.85655,300.2,3.4528,0.6978,N/A,4.4548,N/A,4.354,9.0552,N/A,N/A,1.2388,N/A,7.716,7.51,41.878,N/A,2.4618,1.3094,2.3995,1.364,8.4847,10.4095,12124.79,5.0101,68.731,1513.76,18.104,4.199,1.7209,58.111,1.7223,41.294,10.7993,
2011-12-05,1.3442,104.81,1.9558,N/A,25.146,7.4353,N/A,0.85925,299.98,3.4528,0.6978,N/A,4.4687,N/A,4.3542,9.046,N/A,N/A,1.2379,N/A,7.726,7.514,41.54,N/A,2.4585,1.3072,2.3957,1.3644,8.531,10.4454,12142.16,5.0112,69.058,1515.69,18.1214,4.208,1.7191,58.158,1.7229,41.401,10.7501,
2011-12-02,1.3511,105.25,1.9558,N/A,25.202,7.4332,N/A,0.8602,301.69,3.4528,0.6978,N/A,4.4726,N/A,4.3578,9.0834,N/A,N/A,1.2343,N/A,7.766,7.5145,41.496,N/A,2.4567,1.3135,2.4122,1.3695,8.5702,10.4958,12167.3,5.0327,69.048,1526.66,18.241,4.2276,1.7296,58.293,1.7302,41.6,10.8346,
2011-12-01,1.3492,104.84,1.9558,N/A,25.279,7.433,N/A,0.8591,302.5,3.4528,0.6975,N/A,4.505,N/A,4.355,9.1258,N/A,N/A,1.2264,N/A,7.783,7.5085,41.465,N/A,2.4718,1.3182,2.4189,1.3736,8.589,10.4868,12136.5,5.0487,69.308,1518.01,18.3008,4.2087,1.7347,58.391,1.7312,41.636,10.935,
2011-11-30,1.3418,104,1.9558,N/A,25.321,7.437,N/A,0.8558,307.63,3.4528,0.6979,N/A,4.508,N/A,4.3535,9.146,N/A,N/A,1.2265,N/A,7.753,7.5025,41.5475,N/A,2.4622,1.3165,2.4341,1.3678,8.5567,10.4436,12225.17,5.0697,70.116,1530.29,18.2109,4.2602,1.738,58.568,1.7261,41.596,10.957,
2011-11-29,1.3336,103.82,1.9558,N/A,25.548,7.4377,N/A,0.85365,309.08,3.4528,0.698,N/A,4.527,N/A,4.3518,9.2195,N/A,N/A,1.2282,N/A,7.8495,7.501,41.81,N/A,2.4692,1.3332,2.4621,1.3717,8.4778,10.3929,12211.39,5.05,69.421,1523.71,18.6147,4.2255,1.7519,58.174,1.7306,41.715,11.1472,
2011-11-28,1.3348,103.82,1.9558,N/A,25.757,7.4375,N/A,0.8582,308.91,3.4528,0.697,N/A,4.5153,N/A,4.366,9.2597,N/A,N/A,1.2309,N/A,7.8355,7.4985,41.75,N/A,2.4817,1.3435,2.4877,1.3802,8.5215,10.4038,12183.43,5.07,69.456,1539.49,18.7413,4.242,1.7694,58.392,1.7338,41.806,11.1555,
2011-11-25,1.3229,102.59,1.9558,N/A,26.031,7.4372,N/A,0.85585,314.32,3.4528,0.6978,N/A,4.5143,N/A,4.3653,9.2505,N/A,N/A,1.2253,N/A,7.836,7.4924,41.896,N/A,2.4946,1.3664,2.5127,1.3912,8.4307,10.3145,11994.71,5.0254,69.108,1541.34,18.8841,4.2296,1.7907,58.289,1.7363,41.552,11.3565,
2011-11-24,1.3373,103.07,1.9558,N/A,25.693,7.437,N/A,0.8606,309.93,3.4528,0.6987,N/A,4.4905,N/A,4.357,9.244,N/A,N/A,1.2268,N/A,7.831,7.495,41.9912,N/A,2.4911,1.3697,2.4851,1.3964,8.5159,10.4237,12280.94,5.0481,69.586,1541.46,18.8252,4.2566,1.7971,58.346,1.7474,41.817,11.2962,
2011-11-23,1.3387,103.37,1.9558,N/A,25.642,7.4387,N/A,0.8603,309.6,3.4528,0.7022,N/A,4.4715,N/A,4.3548,9.2157,N/A,N/A,1.2305,N/A,7.8185,7.4958,41.9465,N/A,2.4997,1.3762,2.4682,1.3964,8.5121,10.4324,12112.3,5.0417,70.248,1546.52,18.8355,4.2671,1.8041,58.336,1.749,41.955,11.3452,
2011-11-22,1.3535,104.15,1.9558,N/A,25.485,7.4421,N/A,0.8657,305.4,3.4528,0.706,N/A,4.4637,N/A,4.3573,9.2035,N/A,N/A,1.235,N/A,7.825,7.4886,41.9475,N/A,2.5043,1.3718,2.4431,1.4059,8.6022,10.5446,12251.89,5.0497,70.89,1548.68,18.949,4.298,1.8086,58.611,1.7601,42.216,11.3785,
2011-11-21,1.3458,103.44,1.9558,N/A,25.598,7.4426,N/A,0.86,307.07,3.4528,0.7038,N/A,4.4469,N/A,4.3628,9.1795,N/A,N/A,1.2375,N/A,7.8405,7.4925,41.8596,N/A,2.4812,1.3614,2.4257,1.3937,8.5613,10.4824,12143.28,5.03,70.392,1539.58,18.7268,4.2869,1.7945,58.407,1.7526,41.989,11.1652,
2011-11-18,1.3576,104.06,1.9558,N/A,25.475,7.4426,N/A,0.85805,305.3,3.4528,0.7045,N/A,4.42,N/A,4.3643,9.1606,N/A,N/A,1.2378,N/A,7.82,7.495,41.8304,N/A,2.4686,1.3479,2.4043,1.3879,8.6273,10.5719,12244.66,5.0525,69.584,1546.23,18.5448,4.2907,1.78,58.927,1.7579,42.072,11.0814,
2011-11-17,1.348,103.76,1.9558,N/A,25.646,7.4427,N/A,0.854,312.17,3.4528,0.7031,N/A,4.4388,N/A,4.3638,9.1747,N/A,N/A,1.2387,N/A,7.8205,7.496,41.5989,N/A,2.4465,1.3403,2.4,1.3821,8.5669,10.4965,12152.23,5.032,68.674,1527.79,18.4609,4.2577,1.7645,58.579,1.7453,41.653,11.0981,
2011-11-16,1.3484,103.77,1.9558,N/A,25.606,7.4425,N/A,0.8543,314,3.4528,0.7,N/A,4.4276,N/A,4.3645,9.1313,N/A,N/A,1.2384,N/A,7.793,7.485,41.495,N/A,2.4335,1.3323,2.3968,1.3831,8.5636,10.4934,12167.91,5.0246,68.438,1529.61,18.3301,4.2495,1.7588,58.575,1.7442,41.571,11.0015,
2011-11-15,1.3532,104.16,1.9558,N/A,25.768,7.4427,N/A,0.85345,314.77,3.4528,0.7002,N/A,4.4145,N/A,4.3495,9.1238,N/A,N/A,1.2405,N/A,7.8,7.4815,41.555,N/A,2.4299,1.3351,2.3904,1.3866,8.5842,10.5313,12170.68,5.051,68.58,1527.99,18.3765,4.2714,1.7591,58.909,1.7487,41.746,11.0087,
2011-11-14,1.3659,105.18,1.9558,N/A,25.743,7.443,N/A,0.8566,315.6,3.4528,0.7012,N/A,4.3956,N/A,4.3505,9.1146,N/A,N/A,1.2368,N/A,7.754,7.4793,41.6522,N/A,2.4336,1.3351,2.408,1.3886,8.6813,10.6264,12245.16,5.0837,68.807,1537.97,18.4733,4.2848,1.7448,59.1,1.7594,42.056,10.8853,
2011-11-11,1.365,105.59,1.9558,N/A,25.701,7.4422,N/A,0.8568,310.52,3.4528,0.7015,N/A,4.4235,N/A,4.3472,9.0935,N/A,N/A,1.236,N/A,7.752,7.4725,41.5728,N/A,2.4283,1.3428,2.3956,1.3906,8.6571,10.6235,12235.32,5.0801,68.4172,1538,18.4192,4.2969,1.7536,59.107,1.7604,42.056,10.8444,
2011-11-10,1.3616,105.66,1.9558,N/A,25.496,7.442,N/A,0.85335,310.67,3.4528,0.7014,N/A,4.3825,N/A,4.35,9.0643,N/A,N/A,1.2315,N/A,7.742,7.48,41.5,N/A,2.4303,1.3389,2.3974,1.3892,8.643,10.5976,12213.11,5.068,68.114,1540.29,18.4543,4.2911,1.7455,58.989,1.7546,41.937,10.9409,
2011-11-09,1.3633,105.96,1.9558,N/A,25.452,7.4446,N/A,0.85385,310.5,3.4528,0.7025,N/A,4.397,N/A,4.355,9.0753,N/A,N/A,1.2322,N/A,7.7645,7.492,41.562,N/A,2.4428,1.333,2.3863,1.3908,8.6323,10.5956,12145.7,5.0631,68.39,1528.7,18.4516,4.262,1.7341,58.797,1.7512,41.881,10.887,
2011-11-08,1.3788,107.51,1.9558,N/A,25.172,7.4445,N/A,0.85805,307.36,3.4528,0.7028,N/A,4.3545,N/A,4.3565,9.0355,N/A,N/A,1.2382,N/A,7.725,7.4913,41.6468,N/A,2.4494,1.3339,2.4048,1.3974,8.7506,10.7134,12306.11,5.0718,68.223,1539.12,18.4477,4.3068,1.7351,59.435,1.7523,42.315,10.8856,
2011-11-07,1.3742,107.3,1.9558,N/A,24.996,7.4438,N/A,0.85655,306.71,3.4528,0.7028,N/A,4.3634,N/A,4.3523,9.0845,N/A,N/A,1.2342,N/A,7.7475,7.4975,42.0789,N/A,2.4477,1.3296,2.4022,1.3981,8.7275,10.6782,12312.98,5.0685,67.489,1538.53,18.5517,4.2909,1.728,58.924,1.7461,42.174,10.943,
2011-11-04,1.3773,107.55,1.9558,N/A,24.992,7.4427,N/A,0.86125,304.05,3.4528,0.703,N/A,4.3611,N/A,4.3566,9.1113,N/A,N/A,1.2217,N/A,7.764,7.4948,42.112,N/A,2.4225,1.328,2.3957,1.404,8.7321,10.6997,12328.18,5.0519,67.6323,1530.65,18.4317,4.3018,1.7401,59.064,1.746,42.228,10.8341,
2011-11-03,1.3773,107.33,1.9558,N/A,24.911,7.4411,N/A,0.8593,302.9,3.4528,0.7029,N/A,4.3463,N/A,4.3523,9.0272,N/A,N/A,1.2156,N/A,7.721,7.4997,42.1525,N/A,2.423,1.3215,2.3675,1.3874,8.7544,10.7009,12351.18,5.0495,67.687,1550.1,18.356,4.3171,1.7325,59.421,1.7464,42.311,10.8292,
2011-11-02,1.3809,107.78,1.9558,N/A,25.145,7.441,N/A,0.8619,305.36,3.4528,0.703,N/A,4.3725,N/A,4.348,9.073,N/A,N/A,1.2166,N/A,7.7585,7.499,42.135,N/A,2.4528,1.3303,2.4,1.3977,8.7785,10.7303,12331.89,5.0475,67.92,1547.96,18.6495,4.325,1.7387,59.097,1.7587,42.504,11.0139,
2011-11-01,1.3627,106.58,1.9558,N/A,25.03,7.4414,N/A,0.85515,309.48,3.4528,0.7037,N/A,4.4774,N/A,4.3528,9.0625,N/A,N/A,1.2174,N/A,7.758,7.501,42.14,N/A,2.4508,1.3237,2.3945,1.3855,8.6613,10.592,12121.45,5.0177,67.154,1529.33,18.6867,4.2525,1.7152,58.289,1.7402,42.162,11.1484,
2011-10-31,1.4001,109.22,1.9558,N/A,24.801,7.442,N/A,0.8731,303.55,3.4528,0.7045,N/A,4.3447,N/A,4.3348,9.009,N/A,N/A,1.2191,N/A,7.7015,7.497,42.1935,N/A,2.4563,1.3225,2.3647,1.393,8.9,10.8735,12397.32,5.0465,68.178,1552.97,18.3833,4.3032,1.7223,59.749,1.749,42.899,10.9221,
2011-10-28,1.416,107.29,1.9558,N/A,24.7,7.4427,N/A,0.87935,300.35,3.4528,0.704,N/A,4.325,N/A,4.3115,9.0182,N/A,N/A,1.2211,N/A,7.6725,7.4955,42.285,N/A,2.4716,1.327,2.4082,1.4072,9.0058,10.9975,12448.3,5.0948,69.053,1565.14,18.585,4.3419,1.7321,60.423,1.7588,43.245,10.9515,
2011-10-27,1.4038,106.39,1.9558,N/A,24.833,7.4441,N/A,0.8763,302.2,3.4528,0.7043,N/A,4.342,N/A,4.3323,9.028,N/A,N/A,1.2213,N/A,7.656,7.49,42.3128,N/A,2.4798,1.3188,2.4341,1.3964,8.9284,10.9113,12381.61,5.0873,69.502,1558.65,18.5408,4.3405,1.7231,60.146,1.7555,42.872,10.9256,
2011-10-26,1.3927,105.67,1.9558,N/A,24.927,7.4445,N/A,0.8719,297.86,3.4528,0.7043,N/A,4.3718,N/A,4.3288,9.0967,N/A,N/A,1.2193,N/A,7.68,7.483,42.575,N/A,2.4577,1.3423,2.4459,1.4114,8.8492,10.8257,12359.71,5.0828,68.949,1576.47,18.7532,4.3766,1.7479,60.158,1.7658,42.895,11.0917,
2011-10-25,1.3918,105.98,1.9558,N/A,24.906,7.4452,N/A,0.8701,297.07,3.4528,0.704,N/A,4.3815,N/A,4.3236,9.111,N/A,N/A,1.2253,N/A,7.6855,7.4844,42.4215,N/A,2.4955,1.3285,2.4241,1.3926,8.8528,10.8235,12313.19,5.067,68.908,1568.1,18.5666,4.3525,1.7356,60.063,1.7565,42.923,10.9862,
2011-10-24,1.3856,105.45,1.9558,N/A,24.982,7.4452,N/A,0.8691,297.4,3.4528,0.7047,N/A,4.3739,N/A,4.324,9.1065,N/A,N/A,1.228,N/A,7.6915,7.4888,42.7205,N/A,2.5253,1.332,2.465,1.3938,8.8343,10.7782,12261.46,5.049,69.038,1573.26,18.8843,4.3432,1.7219,59.993,1.7589,42.787,11.126,
2011-10-21,1.3798,105.82,1.9558,N/A,24.993,7.4456,N/A,0.86775,298.46,3.4528,0.7053,N/A,4.3935,N/A,4.3304,9.1031,N/A,N/A,1.2307,N/A,7.706,7.4775,43.025,N/A,2.5513,1.3401,2.4638,1.3957,8.812,10.7353,12228.04,5.0267,69.024,1584.02,18.9171,4.339,1.7304,59.959,1.7577,42.76,11.249,
2011-10-20,1.3807,106.07,1.9558,N/A,24.903,7.445,N/A,0.875,296.24,3.4528,0.7053,N/A,4.3515,N/A,4.3331,9.0978,N/A,N/A,1.2362,N/A,7.7085,7.4738,43.173,N/A,2.5696,1.3449,2.4417,1.4015,8.8147,10.7412,12181.59,5.0396,68.769,1577.16,18.5178,4.313,1.731,59.852,1.7499,42.76,11.1584,
2011-10-19,1.3828,106.19,1.9558,N/A,24.873,7.4455,N/A,0.87495,295.8,3.4528,0.7055,N/A,4.3351,N/A,4.3389,9.1245,N/A,N/A,1.2428,N/A,7.735,7.465,42.87,N/A,2.5637,1.3402,2.428,1.3981,8.8203,10.7532,12167.82,5.0289,67.985,1566.48,18.4878,4.2957,1.7306,59.678,1.7436,42.438,11.0459,
2011-10-18,1.3676,104.97,1.9558,N/A,24.925,7.4456,N/A,0.8702,298.4,3.4528,0.7057,N/A,4.3684,N/A,4.3525,9.1589,N/A,N/A,1.2348,N/A,7.7605,7.4715,42.878,N/A,2.5568,1.3489,2.4332,1.4018,8.7262,10.6373,12061.31,4.9936,67.55,1567.6,18.5187,4.2854,1.736,59.256,1.7423,42.095,11.0432,
2011-10-17,1.3776,106.43,1.9558,N/A,24.762,7.4453,N/A,0.874,293.94,3.4528,0.7049,N/A,4.2927,N/A,4.332,9.1582,N/A,N/A,1.2365,N/A,7.732,7.4685,42.423,N/A,2.5514,1.3406,2.4083,1.3955,8.7746,10.7124,12147.13,4.9967,67.44,1577.85,18.2857,4.2707,1.7225,59.465,1.7458,42.182,10.8856,
2011-10-14,1.3807,106.42,1.9558,N/A,24.74,7.4456,N/A,0.8748,292.7,3.4528,0.7054,N/A,4.31,N/A,4.3288,9.1395,N/A,N/A,1.2388,N/A,7.7455,7.4728,42.7515,N/A,2.5391,1.3467,2.4042,1.401,8.8178,10.7384,12229.36,5.0525,67.682,1597.23,18.4109,4.3195,1.7317,59.807,1.7529,42.484,10.8569,
2011-10-13,1.3727,105.48,1.9558,N/A,24.746,7.445,N/A,0.87585,291.8,3.4528,0.7055,N/A,4.3168,N/A,4.3203,9.1374,N/A,N/A,1.2335,N/A,7.757,7.4808,42.9275,N/A,2.5174,1.3536,2.4217,1.403,8.758,10.6792,12179.44,5.0273,67.441,1591.54,18.3118,4.3096,1.7352,59.552,1.756,42.32,10.8297,
2011-10-12,1.3766,105.77,1.9558,N/A,24.779,7.4444,N/A,0.87535,292.03,3.4528,0.7054,N/A,4.2941,N/A,4.3131,9.1171,N/A,N/A,1.2367,N/A,7.783,7.478,42.855,N/A,2.5188,1.3609,2.4462,1.3996,8.7534,10.7104,12260.14,5.0342,67.398,1603.63,18.2463,4.3038,1.7373,59.782,1.7583,42.399,10.7389,
2011-10-11,1.3607,104.26,1.9558,N/A,24.779,7.4435,N/A,0.8702,295.05,3.4528,0.7056,N/A,4.3284,N/A,4.329,9.1202,N/A,N/A,1.238,N/A,7.781,7.472,42.928,N/A,2.5075,1.3684,2.412,1.3988,8.6758,10.5882,12159.79,5.0345,67.117,1593.88,18.1467,4.2746,1.7462,59.111,1.7485,42.1,10.8185,
2011-10-10,1.3593,104.26,1.9558,N/A,24.78,7.4434,N/A,0.8689,293.6,3.4528,0.708,N/A,4.3185,N/A,4.3123,9.1249,N/A,N/A,1.2326,N/A,7.8025,7.4735,43.1255,N/A,2.4921,1.368,2.3723,1.3986,8.6297,10.5797,12124.42,4.9965,66.572,1587.74,18.0715,4.2489,1.7415,58.948,1.7399,41.962,10.6961,
2011-10-07,1.3434,103.02,1.9558,N/A,24.784,7.4439,N/A,0.8648,296.63,3.4528,0.7087,N/A,4.3762,N/A,4.3115,9.133,N/A,N/A,1.2365,N/A,7.8,7.4933,43.32,N/A,2.4828,1.3726,2.3946,1.3911,8.5413,10.4574,11948.17,4.9834,66.042,1587.72,18.0541,4.245,1.7384,58.458,1.739,41.538,10.7041,
2011-10-06,1.3269,101.87,1.9558,N/A,24.845,7.4428,N/A,0.8668,296.55,3.4528,0.709,N/A,4.3768,N/A,4.3133,9.165,N/A,N/A,1.2316,N/A,7.8245,7.4953,43.1265,N/A,2.4587,1.3725,2.435,1.389,8.465,10.3286,11839.07,4.9449,65.483,1574.31,18.0606,4.2156,1.7313,58.072,1.7325,41.279,10.6816,
2011-10-05,1.3337,102.25,1.9558,N/A,24.811,7.4434,N/A,0.863,298.84,3.4528,0.7087,N/A,4.3953,N/A,4.3145,9.119,N/A,N/A,1.2265,N/A,7.8105,7.511,43.5025,N/A,2.498,1.3913,2.4769,1.4025,8.5037,10.3797,11883.71,4.9821,65.818,1585.87,18.3168,4.2492,1.7536,58.499,1.7389,41.585,10.8014,
2011-10-04,1.3181,101.08,1.9558,N/A,24.908,7.4426,N/A,0.8565,299.63,3.4528,0.7092,N/A,4.4069,N/A,4.327,9.1628,N/A,N/A,1.2169,N/A,7.836,7.507,43.335,N/A,2.5056,1.3984,2.5024,1.3923,8.3858,10.2623,11732.79,4.96,65.124,1577.55,18.485,4.2196,1.7573,58.063,1.7358,41.125,10.9663,
2011-10-03,1.3327,102.39,1.9558,N/A,24.878,7.4423,N/A,0.8596,294.5,3.4528,0.7092,N/A,4.3815,N/A,4.3001,9.1592,N/A,N/A,1.214,N/A,7.826,7.5038,43.247,N/A,2.4885,1.3838,2.5224,1.3967,8.4973,10.3801,11857.04,5.0021,65.516,1574.5,18.5179,4.2753,1.7516,58.61,1.7488,41.594,10.8153,
2011-09-30,1.3503,103.79,1.9558,N/A,24.754,7.4417,N/A,0.86665,292.55,3.4528,0.7093,N/A,4.405,N/A,4.3575,9.258,N/A,N/A,1.217,N/A,7.888,7.4995,43.35,N/A,2.51,1.3874,2.5067,1.4105,8.6207,10.5213,12253.97,5.0582,66.119,1594.92,18.5936,4.3112,1.766,59.039,1.7589,42.048,10.9085,
2011-09-29,1.3615,104.46,1.9558,N/A,24.563,7.4422,N/A,0.87065,291.85,3.4528,0.7093,N/A,4.4377,N/A,4.331,9.2116,N/A,N/A,1.2207,N/A,7.843,7.493,43.5445,N/A,2.5249,1.3864,2.4994,1.4049,8.7103,10.6107,12179.8,5.0615,66.668,1603.96,18.365,4.3288,1.7476,59.464,1.7626,42.452,10.7339,
2011-09-28,1.3631,104.22,1.9558,N/A,24.523,7.441,N/A,0.87175,290.38,3.4528,0.7093,N/A,4.4313,N/A,4.326,9.193,N/A,N/A,1.2205,N/A,7.815,7.4925,43.4495,N/A,2.5178,1.3775,2.4634,1.3972,8.7154,10.6251,12224.27,5.0686,66.465,1589.45,18.2608,4.2999,1.733,59.175,1.7502,42.256,10.7476,
2011-09-27,1.3579,103.83,1.9558,N/A,24.478,7.4413,N/A,0.8698,286.36,3.4528,0.7093,N/A,4.372,N/A,4.3033,9.1774,N/A,N/A,1.2232,N/A,7.79,7.493,43.3299,N/A,2.5066,1.369,2.4513,1.3842,8.6878,10.5816,12156.12,5.0429,66.639,1588.08,18.1259,4.2781,1.7228,58.869,1.7408,41.891,10.6747,
2011-09-26,1.35,103.05,1.9558,N/A,24.675,7.4427,N/A,0.8696,289.42,3.4528,0.7096,N/A,4.3888,N/A,4.2963,9.2475,N/A,N/A,1.2206,N/A,7.826,7.4865,43.7214,N/A,2.5002,1.3794,2.4589,1.3889,8.6418,10.5276,12269.23,5.029,66.754,1593.14,18.2116,4.3004,1.7376,58.971,1.7545,42.012,10.81,
2011-09-23,1.343,102.32,1.9558,N/A,24.87,7.4421,N/A,0.87235,291.75,3.4528,0.7093,N/A,4.513,N/A,4.3115,9.3127,N/A,N/A,1.2195,N/A,7.8855,7.487,43.38,N/A,2.4797,1.3838,2.5666,1.3856,8.5803,10.4759,12184.38,4.9944,66.388,1565.79,18.8894,4.301,1.7344,58.564,1.7515,41.526,11.2905,
2011-09-22,1.3448,102.59,1.9558,N/A,24.878,7.4458,N/A,0.87325,293.06,3.4528,0.7093,N/A,4.4863,N/A,4.3055,9.2762,N/A,N/A,1.2275,N/A,7.827,7.4845,43.2059,N/A,2.4636,1.3691,2.4887,1.3894,8.604,10.4904,12246.5,4.9945,66.672,1605.66,18.6738,4.2744,1.7185,58.919,1.7547,41.379,11.0754,
2011-09-21,1.3636,104.07,1.9558,N/A,24.93,7.4472,N/A,0.8731,293.05,3.4528,0.7093,N/A,4.4333,N/A,4.303,9.117,N/A,N/A,1.2208,N/A,7.757,7.4885,43.035,N/A,2.4719,1.3358,2.4702,1.3594,8.6991,10.6249,12378.35,5.0501,65.903,1586.92,18.32,4.2837,1.6643,59.405,1.7417,41.656,10.854,
2011-09-20,1.371,104.92,1.9558,N/A,24.653,7.4471,N/A,0.8723,290.33,3.4528,0.7092,N/A,4.366,N/A,4.285,9.1198,N/A,N/A,1.2064,N/A,7.7615,7.4784,43.1365,N/A,2.4431,1.3332,2.4387,1.358,8.7529,10.6849,12204.88,5.0413,65.883,1567.58,17.9221,4.2768,1.6632,59.608,1.7247,41.706,10.4847,
2011-09-19,1.3641,104.62,1.9558,N/A,24.63,7.4473,N/A,0.8681,290.41,3.4528,0.7093,N/A,4.3645,N/A,4.2875,9.1684,N/A,N/A,1.2061,N/A,7.741,7.522,42.2474,N/A,2.4537,1.3326,2.3916,1.3423,8.7125,10.6328,12222.38,5.0467,65.221,1555.51,17.9761,4.2608,1.6581,59.526,1.7185,41.615,10.394,
2011-09-16,1.376,105.6,1.9558,N/A,24.457,7.4479,N/A,0.8717,287.25,3.4528,0.7093,N/A,4.3445,N/A,4.268,9.161,N/A,N/A,1.2058,N/A,7.738,7.5125,42.1145,N/A,2.4575,1.3306,2.37,1.3562,8.7836,10.72,12077.4,5.0258,65.023,1525.93,17.8788,4.245,1.6601,59.544,1.7071,41.803,10.212,
2011-09-15,1.3795,105.67,1.9558,N/A,24.535,7.4476,N/A,0.87295,285.5,3.4528,0.7092,N/A,4.3535,N/A,4.296,9.194,N/A,N/A,1.2062,N/A,7.7355,7.5125,42.055,N/A,2.454,1.3416,2.368,1.3635,8.8136,10.7492,12121.04,5.08,65.602,1536.31,17.7573,4.2558,1.6778,59.678,1.7161,41.813,10.186,
2011-09-14,1.3729,105.48,1.9558,N/A,24.545,7.448,N/A,0.8695,286.23,3.4528,0.7095,N/A,4.358,N/A,4.289,9.172,N/A,N/A,1.2033,N/A,7.746,7.496,41.62,N/A,2.4287,1.3401,2.3518,1.3583,8.7818,10.7136,12058.95,5.094,65.419,1517.9,17.6663,4.2196,1.6677,59.348,1.7065,41.558,10.0878,
2011-09-13,1.3645,105.01,1.9558,N/A,24.551,7.4476,N/A,0.86315,283.59,3.4528,0.7093,N/A,4.3339,N/A,4.2803,9.126,N/A,N/A,1.2037,N/A,7.7275,7.4963,41.2463,N/A,2.428,1.3214,2.337,1.3545,8.7316,10.6476,11881.56,5.07,64.943,1506.35,17.5168,4.1842,1.6557,58.687,1.6973,41.222,10.0141,
2011-09-12,1.3656,105.32,1.9558,N/A,24.522,7.4472,N/A,0.86015,282.55,3.4528,0.7091,N/A,4.3232,N/A,4.2823,8.9905,N/A,N/A,1.2055,N/A,7.5905,7.491,41.35,N/A,2.4485,1.3225,2.3053,1.3668,8.7443,10.6544,11773.44,5.0935,64.497,1471.9,17.4152,4.1453,1.6658,58.503,1.6842,41.159,10.0346,
2011-09-09,1.3817,107.48,1.9558,N/A,24.43,7.4473,N/A,0.8659,280.07,3.4528,0.7094,N/A,4.3033,N/A,4.26,8.8945,N/A,N/A,1.2165,N/A,7.5315,7.4921,41.198,N/A,2.4563,1.3125,2.3047,1.3718,8.8266,10.7698,11883.87,5.0996,64.335,1488.62,17.4107,4.1534,1.6665,58.91,1.6912,41.562,10.0034,
2011-09-08,1.4044,108.41,1.9558,N/A,24.405,7.4478,N/A,0.8767,276.95,3.4528,0.7091,N/A,4.2374,N/A,4.2515,8.9556,N/A,N/A,1.2135,N/A,7.5585,7.4885,41.5153,N/A,2.4815,1.3212,2.3221,1.3825,8.9629,10.9476,12023.98,5.1797,64.876,1509.33,17.5311,4.2055,1.6815,59.573,1.7006,42.16,10.0704,
2011-09-07,1.4036,108.38,1.9558,N/A,24.456,7.4477,N/A,0.878,276.35,3.4528,0.7091,N/A,4.2186,N/A,4.2358,8.9729,N/A,N/A,1.2052,N/A,7.5425,7.4923,41.4688,N/A,2.4647,1.3222,2.3255,1.3877,8.976,10.9401,12016.44,5.1614,64.797,1503.97,17.4757,4.1933,1.6913,59.407,1.6978,42.094,10.0307,
2011-09-06,1.4099,109.09,1.9558,N/A,24.45,7.4492,N/A,0.8771,277.23,3.4528,0.7093,N/A,4.2325,N/A,4.254,9.0888,N/A,N/A,1.2036,N/A,7.5965,7.487,41.7058,N/A,2.4955,1.3356,2.3209,1.3992,9.01,10.9885,12067.58,5.1734,64.834,1514.88,17.6759,4.2057,1.6972,59.664,1.7037,42.177,10.0582,
2011-09-05,1.4126,108.56,1.9558,N/A,24.462,7.449,N/A,0.8751,277.62,3.4528,0.7093,N/A,4.2056,N/A,4.2473,9.0975,N/A,N/A,1.1111,N/A,7.6725,7.496,41.5894,N/A,2.489,1.3371,2.3347,1.3968,9.0202,11.0049,12060.21,5.1314,64.977,1510.33,17.7249,4.2117,1.688,59.655,1.7047,42.279,10.0409,
2011-09-02,1.4255,109.56,1.9558,N/A,24.304,7.4496,N/A,0.8789,275.43,3.4528,0.7093,N/A,4.1821,N/A,4.2405,9.1237,N/A,N/A,1.1132,N/A,7.6765,7.486,41.45,N/A,2.486,1.3328,2.317,1.3944,9.0977,11.1012,12161.81,5.1306,65.27,1513.08,17.5878,4.23,1.6737,60.082,1.7157,42.651,9.9699,
2011-09-01,1.4285,110.08,1.9558,N/A,24.154,7.45,N/A,0.8812,273.11,3.4528,0.7093,N/A,4.1442,N/A,4.233,9.096,N/A,N/A,1.1417,N/A,7.685,7.4845,41.413,N/A,2.4584,1.3349,2.2895,1.3954,9.1138,11.1209,12160.7,5.1074,65.836,1519.31,17.6351,4.2384,1.6793,60.503,1.7208,42.826,10.0219,
2011-08-31,1.445,110.55,1.9558,N/A,24.11,7.4512,N/A,0.8856,272,3.4528,0.7093,N/A,4.1481,N/A,4.2321,9.164,N/A,N/A,1.167,N/A,7.7395,7.4848,41.7855,N/A,2.4879,1.3529,2.3135,1.4141,9.2133,11.2622,12325.63,5.139,66.57,1539.31,18.0192,4.2921,1.6929,61.04,1.7379,43.263,10.1799,
2011-08-30,1.4402,110.55,1.9558,N/A,24.098,7.4512,N/A,0.88365,272.79,3.4528,0.7093,N/A,4.1579,N/A,4.2163,9.19,N/A,N/A,1.1835,N/A,7.772,7.478,41.8,N/A,2.5036,1.3536,2.3013,1.4101,9.1892,11.2256,12305.47,5.1543,66.33,1547.49,18.0245,4.294,1.6979,60.944,1.7399,43.249,10.199,
2011-08-29,1.4487,111.05,1.9558,N/A,24.123,7.4508,N/A,0.8846,272.55,3.4528,0.7093,N/A,4.1562,N/A,4.2384,9.1157,N/A,N/A,1.1824,N/A,7.774,7.474,41.7808,N/A,2.5217,1.3647,2.3143,1.4157,9.2442,11.2926,12382.59,5.2192,66.72,1557.42,17.9929,4.3193,1.7155,61.516,1.7486,43.447,10.2295,
2011-08-26,1.4402,110.41,1.9558,N/A,24.166,7.4509,N/A,0.88565,272.66,3.4528,0.7096,N/A,4.1751,N/A,4.2445,9.1082,N/A,N/A,1.1458,N/A,7.7735,7.4833,41.65,N/A,2.5275,1.3727,2.3185,1.4241,9.1988,11.2298,12339.77,5.2004,66.472,1557.78,18.0543,4.304,1.7262,61.045,1.7379,43.177,10.3676,
2011-08-25,1.4424,111.31,1.9558,N/A,24.24,7.4496,N/A,0.8812,272.4,3.4528,0.7096,N/A,4.1528,N/A,4.252,9.1099,N/A,N/A,1.1466,N/A,7.788,7.478,41.5965,N/A,2.5396,1.375,2.3273,1.4219,9.2169,11.2447,12398.41,5.202,66.415,1563.88,17.9413,4.3128,1.7335,61.318,1.7424,43.258,10.4029,
2011-08-24,1.4433,110.51,1.9558,N/A,24.488,7.4499,N/A,0.8771,272.05,3.4528,0.7093,N/A,4.1566,N/A,4.257,9.1234,N/A,N/A,1.1403,N/A,7.8425,7.4653,41.7525,N/A,2.5665,1.3767,2.3132,1.4266,9.2205,11.2517,12351.89,5.2038,66.399,1562.05,17.9411,4.2945,1.7403,61.186,1.74,43.198,10.4087,
2011-08-23,1.4462,110.72,1.9558,N/A,24.417,7.4498,N/A,0.876,271.78,3.4528,0.7095,N/A,4.1499,N/A,4.2574,9.1046,N/A,N/A,1.141,N/A,7.808,7.474,41.8255,N/A,2.5783,1.3771,2.3111,1.426,9.2513,11.2766,12355.53,5.1737,65.983,1558.38,17.7768,4.2894,1.736,61.206,1.7414,43.14,10.3816,
2011-08-22,1.4413,110.65,1.9558,N/A,24.493,7.4484,N/A,0.87365,272.83,3.4528,0.7095,N/A,4.183,N/A,4.2635,9.1403,N/A,N/A,1.1341,N/A,7.836,7.4848,41.9225,N/A,2.577,1.3781,2.2996,1.4194,9.2232,11.2411,12315,5.1573,65.817,1556.56,17.6415,4.2778,1.7447,61.191,1.7384,43.008,10.3722,
2011-08-19,1.4385,110,1.9558,N/A,24.475,7.4487,N/A,0.86965,272.15,3.4528,0.7092,N/A,4.1724,N/A,4.2678,9.2204,N/A,N/A,1.134,N/A,7.8575,7.48,41.9115,N/A,2.57,1.3783,2.2928,1.4189,9.2006,11.2199,12320.66,5.138,65.811,1563.67,17.6173,4.2889,1.7404,61.374,1.7394,42.896,10.3284,
2011-08-18,1.4369,110.08,1.9558,N/A,24.423,7.4506,N/A,0.8706,272.13,3.4528,0.7095,N/A,4.1526,N/A,4.26,9.159,N/A,N/A,1.141,N/A,7.8035,7.4698,41.8725,N/A,2.5519,1.3754,2.2956,1.4175,9.1785,11.2018,12288.87,5.12,65.738,1547.76,17.7242,4.2834,1.7293,61.041,1.7437,42.978,10.2852,
2011-08-17,1.4477,110.77,1.9558,N/A,24.43,7.4499,N/A,0.8776,269.4,3.4528,0.7091,N/A,4.1338,N/A,4.2466,9.1685,N/A,N/A,1.1402,N/A,7.7985,7.461,41.4744,N/A,2.5566,1.3687,2.288,1.4167,9.2466,11.2802,12329.46,5.0936,65.68,1547.43,17.5897,4.304,1.7264,61.448,1.7391,43.243,10.2735,
2011-08-16,1.436,110.12,1.9558,N/A,24.384,7.4495,N/A,0.8785,271.18,3.4528,0.7092,N/A,4.1595,N/A,4.2758,9.2498,N/A,N/A,1.1195,N/A,7.865,7.461,41.3695,N/A,2.5604,1.379,2.301,1.4165,9.1657,11.1919,12248.05,5.079,65.18,1541.44,17.6627,4.2843,1.7338,60.881,1.7297,42.908,10.3136,
2011-08-15,1.4309,109.87,1.9558,N/A,24.316,7.4492,N/A,0.877,271.66,3.4528,0.7092,N/A,4.1583,N/A,4.262,9.285,N/A,N/A,1.1334,N/A,7.8705,7.453,41.3397,N/A,2.5386,1.375,2.2978,1.4112,9.144,11.1534,12219.68,5.042,64.884,1544.39,17.5374,4.2648,1.726,60.698,1.7249,42.798,10.2789,
2011-08-12,1.425,109.07,1.9558,N/A,24.186,7.4491,N/A,0.87635,273.68,3.4528,0.7093,N/A,4.1518,N/A,4.2835,9.2376,N/A,N/A,1.0984,N/A,7.826,7.4543,41.5525,N/A,2.5346,1.378,2.3037,1.4063,9.1129,11.1099,12200.31,5.0405,64.617,1539.62,17.514,4.2779,1.7223,60.621,1.7271,42.679,10.2383,
2011-08-11,1.4143,108.29,1.9558,N/A,24.185,7.4506,N/A,0.8757,276.77,3.4528,0.7093,N/A,4.1759,N/A,4.3005,9.2947,N/A,N/A,1.0499,N/A,7.8205,7.4515,42.025,N/A,2.535,1.3875,2.3061,1.4091,9.0437,11.0317,12104.71,5.0582,64.16,1533.02,17.6618,4.2479,1.7353,60.146,1.721,42.372,10.3391,
2011-08-10,1.4367,109.84,1.9558,N/A,24.088,7.4508,N/A,0.8843,273.18,3.4528,0.7092,N/A,4.1006,N/A,4.2643,9.2323,N/A,N/A,1.0451,N/A,7.8105,7.443,42.106,N/A,2.5171,1.3891,2.3012,1.4133,9.215,11.2127,12258.65,5.0526,65.025,1552.18,17.4084,4.3202,1.7183,61.07,1.7452,42.929,10.2264,
2011-08-09,1.4267,110.24,1.9558,N/A,24.22,7.4497,N/A,0.8731,274.7,3.4528,0.7092,N/A,4.0956,N/A,4.2625,9.2127,N/A,N/A,1.0594,N/A,7.8295,7.455,42.378,N/A,2.5164,1.399,2.3138,1.4143,9.1745,11.1401,12251.94,5.0838,64.501,1555.96,17.7385,4.3193,1.7329,60.611,1.7329,42.725,10.371,
2011-08-08,1.4225,110.79,1.9558,N/A,24.196,7.4494,N/A,0.8691,273.95,3.4528,0.7095,N/A,4.0514,N/A,4.243,9.2259,N/A,N/A,1.0849,N/A,7.768,7.4565,40.7704,N/A,2.4837,1.373,2.2732,1.4029,9.1552,11.1039,12161.5,5.0426,63.97,1542.18,17.2718,4.313,1.7141,60.549,1.732,42.462,9.9138,
2011-08-05,1.4155,111.25,1.9558,N/A,24.248,7.4489,N/A,0.86905,274.1,3.4528,0.7095,N/A,4.0455,N/A,4.2418,9.207,N/A,N/A,1.0847,N/A,7.784,7.447,40.0645,N/A,2.4556,1.3538,2.2469,1.3899,9.1164,11.0505,12141.66,5.0027,63.337,1517.34,17.0327,4.2699,1.69,60.398,1.7271,42.295,9.8154,
2011-08-04,1.4229,113.24,1.9558,N/A,24.308,7.4486,N/A,0.87145,272.09,3.4528,0.7092,N/A,4.0313,N/A,4.2122,9.1494,N/A,N/A,1.1012,N/A,7.7405,7.4492,39.8075,N/A,2.4567,1.3466,2.2312,1.3829,9.1621,11.0983,12110.12,4.9679,63.387,1518.34,16.9823,4.2545,1.6764,60.372,1.7287,42.459,9.7581,
2011-08-03,1.43,110.18,1.9558,N/A,24.291,7.4488,N/A,0.87255,272.38,3.4528,0.7093,N/A,4.028,N/A,4.2193,9.0875,N/A,N/A,1.1022,N/A,7.682,7.4485,39.7962,N/A,2.4336,1.331,2.233,1.3724,9.2008,11.1506,12123.47,4.9558,63.378,1515.17,16.9026,4.2442,1.6531,60.398,1.7274,42.557,9.6667,
2011-08-02,1.417,109.61,1.9558,N/A,24.231,7.449,N/A,0.8718,270.12,3.4528,0.7092,N/A,4.0295,N/A,4.2388,9.013,N/A,N/A,1.1049,N/A,7.646,7.4435,39.4753,N/A,2.4136,1.3075,2.2289,1.362,9.1228,11.0445,12022.32,4.8913,62.741,1493.57,16.7217,4.1974,1.6283,59.73,1.7083,42.255,9.567,
2011-08-01,1.4415,110.84,1.9558,N/A,24.16,7.4501,N/A,0.87955,267.9,3.4528,0.7093,N/A,3.9828,N/A,4.2215,9.007,N/A,N/A,1.127,N/A,7.6935,7.43,39.739,N/A,2.4116,1.3041,2.2296,1.3713,9.2746,11.231,12193.12,4.9171,63.534,1511.39,16.793,4.2373,1.6348,60.449,1.7299,42.827,9.6076,
2011-07-29,1.426,110.59,1.9558,N/A,24.188,7.4494,N/A,0.87485,269.97,3.4528,0.7094,N/A,4.0086,N/A,4.2418,9.0689,N/A,N/A,1.1418,N/A,7.737,7.4375,39.52,N/A,2.3973,1.305,2.2431,1.3556,9.1793,11.1134,12128.59,4.8944,63.022,1503.6,16.7518,4.2309,1.6491,60.127,1.7185,42.523,9.6084,
2011-07-28,1.426,110.86,1.9558,N/A,24.215,7.4497,N/A,0.8739,268.2,3.4528,0.7096,N/A,4.015,N/A,4.2505,9.0735,N/A,N/A,1.1437,N/A,7.7245,7.4604,39.405,N/A,2.3955,1.2931,2.2277,1.3521,9.1874,11.111,12125.04,4.8939,62.884,1499.62,16.6187,4.2145,1.6356,60.176,1.7169,42.409,9.5543,
2011-07-27,1.4446,112.46,1.9558,N/A,24.285,7.4525,N/A,0.8831,268.2,3.4528,0.7092,N/A,4.0058,N/A,4.2308,9.0632,N/A,N/A,1.1586,N/A,7.7615,7.46,39.675,N/A,2.4399,1.3087,2.2453,1.3625,9.308,11.255,12252.42,4.9184,63.685,1517.64,16.8134,4.2601,1.653,60.902,1.7366,42.962,9.6111,
2011-07-26,1.4471,113.02,1.9558,N/A,24.353,7.4531,N/A,0.88235,267.78,3.4528,0.7093,N/A,4.0035,N/A,4.228,9.0728,N/A,N/A,1.163,N/A,7.7575,7.446,39.898,N/A,2.4783,1.3201,2.2208,1.3623,9.3237,11.2719,12310.31,4.9172,63.94,1522.15,16.806,4.274,1.6568,61.114,1.7401,42.993,9.6734,
2011-07-25,1.438,112.46,1.9558,N/A,24.388,7.4534,N/A,0.8825,268.95,3.4528,0.7093,N/A,3.9984,N/A,4.2485,9.1083,N/A,N/A,1.1563,N/A,7.7715,7.4708,39.8354,N/A,2.4719,1.3249,2.2311,1.3599,9.2679,11.204,12258.05,4.8946,63.854,1518.5,16.7757,4.2737,1.6619,60.937,1.7358,42.795,9.7399,
2011-07-22,1.4391,112.83,1.9558,N/A,24.408,7.4536,N/A,0.8827,266.65,3.4528,0.7093,N/A,3.9815,N/A,4.2305,9.0787,N/A,N/A,1.1789,N/A,7.7675,7.462,39.897,N/A,2.418,1.3234,2.2357,1.3658,9.2777,11.2132,12271.33,4.889,63.824,1513.63,16.7058,4.2756,1.6625,60.92,1.7386,42.9,9.7345,
2011-07-21,1.4222,112.09,1.9558,N/A,24.411,7.4542,N/A,0.8787,267.93,3.4528,0.7094,N/A,3.9955,N/A,4.256,9.1008,N/A,N/A,1.169,N/A,7.775,7.4552,39.7,N/A,2.3793,1.3246,2.2188,1.3447,9.1817,11.0832,12154.1,4.8667,63.295,1500.67,16.5622,4.2638,1.6579,60.641,1.7237,42.538,9.7335,
2011-07-20,1.4207,112.05,1.9558,N/A,24.498,7.4553,N/A,0.88065,269.18,3.4528,0.7093,N/A,3.9917,N/A,4.2475,9.1713,N/A,N/A,1.1652,N/A,7.804,7.4575,39.7267,N/A,2.3575,1.3218,2.2206,1.3451,9.1762,11.0704,12130.21,4.8504,63.157,1500.59,16.5442,4.2585,1.6609,60.69,1.7247,42.493,9.802,
2011-07-19,1.416,111.77,1.9558,N/A,24.48,7.4564,N/A,0.8789,271.5,3.4528,0.7093,N/A,4.0283,N/A,4.258,9.23,N/A,N/A,1.1607,N/A,7.862,7.4433,39.745,N/A,2.3517,1.3273,2.2252,1.3534,9.1539,11.0387,12101.51,4.875,63.012,1500.74,16.5755,4.2572,1.6628,60.61,1.722,42.373,9.8639,
2011-07-18,1.4045,111.1,1.9558,N/A,24.405,7.4567,N/A,0.87315,272.98,3.4528,0.7093,N/A,4.044,N/A,4.2688,9.2534,N/A,N/A,1.1485,N/A,7.867,7.45,39.6125,N/A,2.3468,1.3237,2.2208,1.3472,9.0853,10.9488,12024.36,4.8404,62.606,1490.82,16.5456,4.2311,1.664,60.463,1.7107,42.219,9.8084,
2011-07-15,1.4146,111.97,1.9558,N/A,24.49,7.4568,N/A,0.8775,270.7,3.4528,0.7092,N/A,4.0348,N/A,4.2633,9.2121,N/A,N/A,1.1577,N/A,7.8665,7.4315,39.7535,N/A,2.3344,1.3264,2.2283,1.3549,9.1426,11.0241,12082.89,4.8642,62.971,1497.69,16.551,4.2523,1.6815,60.709,1.7237,42.551,9.7576,
2011-07-14,1.4202,112.24,1.9558,N/A,24.435,7.4571,N/A,0.88095,269.6,3.4528,0.7092,N/A,4.031,N/A,4.2743,9.1975,N/A,N/A,1.1575,N/A,7.838,7.438,39.8605,N/A,2.3376,1.3202,2.2339,1.36,9.1788,11.0612,12124.96,4.8689,63.213,1503.89,16.5824,4.2663,1.683,60.961,1.7281,42.734,9.7473,
2011-07-13,1.4073,111.65,1.9558,N/A,24.366,7.4571,N/A,0.8823,269.88,3.4528,0.7091,N/A,4.0445,N/A,4.2955,9.2264,N/A,N/A,1.1695,N/A,7.8355,7.434,39.7275,N/A,2.325,1.3188,2.2181,1.3527,9.1026,10.9633,12022.32,4.854,62.65,1492.14,16.5362,4.2542,1.7041,60.493,1.7207,42.557,9.709,
2011-07-12,1.3975,111.35,1.9558,N/A,24.248,7.4579,N/A,0.88265,267.9,3.4528,0.7093,N/A,4.0315,N/A,4.2828,9.209,N/A,N/A,1.165,N/A,7.772,7.445,39.588,N/A,2.3101,1.3184,2.2107,1.3584,9.03,10.8916,11992.66,4.8402,62.489,1493.24,16.5197,4.2365,1.7046,60.309,1.716,42.414,9.657,
2011-07-11,1.4056,113.16,1.9558,N/A,24.18,7.4584,N/A,0.8807,266.14,3.4528,0.7091,N/A,3.9813,N/A,4.2298,9.172,N/A,N/A,1.1715,N/A,7.744,7.3955,39.655,N/A,2.3104,1.3168,2.2256,1.3627,9.0903,10.9425,12001.35,4.8378,62.501,1486.46,16.4793,4.2343,1.6877,60.445,1.721,42.618,9.5804,
2011-07-08,1.4242,115.98,1.9558,N/A,24.224,7.4587,N/A,0.8932,263.08,3.4528,0.7091,N/A,3.9401,N/A,4.201,9.0838,N/A,N/A,1.2102,N/A,7.745,7.391,39.8226,N/A,2.3124,1.3231,2.2214,1.3645,9.2072,11.0824,12133.26,4.8455,63.227,1505.56,16.4491,4.2565,1.7111,60.892,1.7364,43.025,9.5102,
2011-07-07,1.4247,115.64,1.9558,N/A,24.28,7.459,N/A,0.8921,264,3.4528,0.7092,N/A,3.9465,N/A,4.2068,9.095,N/A,N/A,1.205,N/A,7.742,7.402,39.97,N/A,2.3342,1.3275,2.2341,1.3738,9.2118,11.0883,12174.76,4.8566,63.307,1517.15,16.5459,4.2902,1.723,61.078,1.7487,43.24,9.5925,
2011-07-06,1.4318,116.03,1.9558,N/A,24.265,7.4589,N/A,0.89485,265.06,3.4528,0.7091,N/A,3.9544,N/A,4.2105,9.0902,N/A,N/A,1.2059,N/A,7.7665,7.3993,40.06,N/A,2.3394,1.342,2.2495,1.3833,9.2592,11.1436,12240.27,4.9007,63.579,1522.7,16.7138,4.3146,1.7335,61.526,1.7605,43.66,9.7005,
2011-07-05,1.4461,117.23,1.9558,N/A,24.32,7.4591,N/A,0.8984,264.64,3.4528,0.7091,N/A,3.95,N/A,4.1805,9.0806,N/A,N/A,1.2213,N/A,7.7525,7.399,40.3136,N/A,2.3533,1.3526,2.2571,1.3929,9.3528,11.2536,12338.42,4.9293,64.2,1542.09,16.7998,4.3491,1.7457,62.229,1.7765,44.106,9.7602,
2011-07-04,1.45,117.11,1.9558,N/A,24.278,7.4594,N/A,0.9015,264.03,3.4528,0.7091,N/A,3.9425,N/A,4.2237,9.0992,N/A,N/A,1.2324,N/A,7.7605,7.396,40.365,N/A,2.3444,1.3521,2.2609,1.3919,9.3714,11.2827,12358.75,4.923,64.416,1542.22,16.828,4.3519,1.7487,62.444,1.7783,44.182,9.7556,
2011-07-01,1.4488,116.92,1.9558,N/A,24.31,7.4589,N/A,0.905,264.93,3.4528,0.7091,N/A,3.9678,N/A,4.2396,9.128,N/A,N/A,1.2267,N/A,7.79,7.3898,40.3909,N/A,2.3362,1.3523,2.2617,1.3964,9.3663,11.275,12371.01,4.9216,64.595,1545.06,16.9266,4.3587,1.7552,62.511,1.7772,44.638,9.8011,
2011-06-30,1.4453,116.25,1.9558,N/A,24.345,7.4587,N/A,0.90255,266.11,3.4528,0.7093,N/A,3.9903,N/A,4.2435,9.1739,N/A,N/A,1.2071,N/A,7.7875,7.4018,40.4,N/A,2.35,1.3485,2.2601,1.3951,9.3416,11.2475,12397.41,4.9439,64.562,1543.19,16.9765,4.3626,1.7468,62.619,1.7761,44.38,9.8569,
2011-06-29,1.4425,116.93,1.9558,N/A,24.342,7.4592,N/A,0.8998,267.05,3.4528,0.7093,N/A,3.9987,N/A,4.2105,9.2047,N/A,N/A,1.2036,N/A,7.8055,7.3833,40.378,N/A,2.3604,1.3585,2.2687,1.4037,9.3235,11.2265,12412.97,4.9476,64.721,1553.32,16.9954,4.3727,1.7559,62.77,1.7799,44.429,9.8846,
2011-06-28,1.4261,115.31,1.9558,N/A,24.398,7.459,N/A,0.8942,269.73,3.4528,0.7097,N/A,4.0132,N/A,4.2105,9.2475,N/A,N/A,1.1884,N/A,7.802,7.3793,40.2485,N/A,2.3461,1.363,2.2732,1.407,9.2272,11.1042,12305.45,4.938,64.232,1545.36,16.965,4.3507,1.7762,62.098,1.7718,44.152,9.7863,
2011-06-27,1.4205,114.74,1.9558,N/A,24.442,7.458,N/A,0.8897,268.96,3.4528,0.7093,N/A,4.0024,N/A,4.222,9.1929,N/A,N/A,1.1849,N/A,7.7845,7.3703,40.2441,N/A,2.3352,1.3605,2.275,1.4056,9.2038,11.0621,12249.99,4.9029,63.976,1541.88,16.9253,4.3439,1.7677,61.935,1.7641,43.893,9.8039,
2011-06-24,1.422,114.06,1.9558,N/A,24.378,7.4587,N/A,0.88855,269.5,3.4528,0.7093,N/A,3.9919,N/A,4.224,9.1802,N/A,N/A,1.1902,N/A,7.7825,7.374,40.13,N/A,2.3207,1.3473,2.2707,1.3961,9.2059,11.0767,12232.84,4.8866,63.983,1534.15,16.8867,4.33,1.7482,61.765,1.7597,43.627,9.7683,
2011-06-23,1.4212,114.58,1.9558,N/A,24.35,7.4582,N/A,0.8896,269.36,3.4528,0.7093,N/A,3.9991,N/A,4.226,9.165,N/A,N/A,1.1963,N/A,7.803,7.3795,39.99,N/A,2.3215,1.3524,2.261,1.3845,9.192,11.0723,12226,4.903,63.888,1530.46,16.8394,4.3091,1.7507,61.794,1.7578,43.446,9.7437,
2011-06-22,1.4397,115.36,1.9558,N/A,24.29,7.4584,N/A,0.8931,267.6,3.4528,0.7094,N/A,3.9838,N/A,4.2371,9.155,N/A,N/A,1.2109,N/A,7.8665,7.374,40.2565,N/A,2.3255,1.3587,2.2844,1.4007,9.3054,11.2157,12377.65,4.915,64.635,1546.39,16.9666,4.3551,1.764,62.432,1.7741,43.868,9.7439,
2011-06-21,1.4373,115.2,1.9558,N/A,24.213,7.4587,N/A,0.8867,266.93,3.4528,0.7088,N/A,3.9762,N/A,4.2355,9.1564,N/A,N/A,1.2127,N/A,7.912,7.3833,40.195,N/A,2.309,1.3568,2.287,1.4023,9.2926,11.1957,12361.23,4.9059,64.459,1550.02,17.0106,4.3586,1.7694,62.568,1.7731,43.881,9.7082,
2011-06-20,1.4235,114.24,1.9558,N/A,24.125,7.4594,N/A,0.8795,269,3.4528,0.709,N/A,3.9898,N/A,4.271,9.1708,N/A,N/A,1.2039,N/A,7.9265,7.385,40.1025,N/A,2.294,1.3528,2.2869,1.4004,9.2216,11.0946,12267.45,4.9233,64.068,1545.8,16.991,4.3267,1.7662,62.193,1.7617,43.559,9.6628,
2011-06-17,1.427,114.71,1.9558,N/A,24.13,7.4592,N/A,0.8826,267.66,3.4528,0.7093,N/A,3.9729,N/A,4.227,9.1887,N/A,N/A,1.2103,N/A,7.8695,7.4063,40.0605,N/A,2.2779,1.344,2.284,1.3967,9.2363,11.1246,12267.05,4.9055,64.026,1553.37,16.9806,4.3252,1.765,62.426,1.7621,43.638,9.6954,
2011-06-16,1.4088,113.63,1.9558,N/A,24.286,7.4588,N/A,0.8753,269.2,3.4528,0.709,N/A,3.9841,N/A,4.2405,9.2034,N/A,N/A,1.1958,N/A,7.8785,7.4108,39.7955,N/A,2.2858,1.3424,2.2706,1.3929,9.1211,10.9878,12126.46,4.9125,63.262,1535.27,16.9021,4.2997,1.7652,61.608,1.7514,43.152,9.7166,
2011-06-15,1.4292,115.54,1.9558,N/A,24.215,7.4591,N/A,0.8797,265.85,3.4528,0.7089,N/A,3.941,N/A,4.172,9.1482,N/A,N/A,1.2164,N/A,7.82,7.3995,39.947,N/A,2.2811,1.3387,2.2717,1.3862,9.2644,11.1306,12217.93,4.8918,63.971,1548.35,16.9239,4.3405,1.7574,62.18,1.7642,43.633,9.7231,
2011-06-14,1.4448,115.91,1.9558,N/A,24.118,7.459,N/A,0.881,264.51,3.4528,0.7086,N/A,3.9302,N/A,4.1725,9.1183,N/A,N/A,1.2116,N/A,7.7965,7.3995,40.2888,N/A,2.282,1.3573,2.2871,1.4074,9.3609,11.2456,12333.84,4.9061,64.637,1564.04,17.1014,4.3792,1.7663,62.499,1.7804,44.009,9.754,
2011-06-13,1.4354,115.39,1.9558,N/A,24.132,7.4587,N/A,0.8806,265.3,3.4528,0.7086,N/A,3.9332,N/A,4.1868,9.1244,N/A,N/A,1.2023,N/A,7.866,7.4023,40.2,N/A,2.2614,1.3584,2.2869,1.4031,9.3056,11.1742,12270.32,4.91,64.399,1558.61,17.0623,4.3648,1.7675,62.324,1.7763,43.751,9.78,
2011-06-10,1.4486,116,1.9558,N/A,24.133,7.4578,N/A,0.8884,264.55,3.4528,0.7089,N/A,3.9354,N/A,4.156,9.0885,N/A,N/A,1.219,N/A,7.8555,7.3948,40.3025,N/A,2.2828,1.3644,2.2976,1.4075,9.3872,11.2742,12342.93,4.9157,64.774,1568.32,17.0689,4.3748,1.7531,62.729,1.7841,44.023,9.793,
2011-06-09,1.4614,116.86,1.9558,N/A,24.138,7.4579,N/A,0.8894,264.68,3.4528,0.7091,N/A,3.9558,N/A,4.163,9.0605,N/A,N/A,1.2242,N/A,7.873,7.414,40.4675,N/A,2.3102,1.3791,2.3088,1.4298,9.4639,11.3709,12454.78,4.9377,65.376,1582.33,17.2933,4.4215,1.7685,63.297,1.7994,44.5,9.8545,
2011-06-08,1.4608,116.6,1.9558,N/A,24.206,7.4571,N/A,0.8929,266.15,3.4528,0.709,N/A,3.9572,N/A,4.1748,9.0442,N/A,N/A,1.2224,N/A,7.8855,7.4248,40.5525,N/A,2.3183,1.3776,2.3184,1.4332,9.4597,11.3662,12434.21,4.9202,65.301,1586.32,17.274,4.4211,1.7922,63.321,1.8012,44.408,9.8807,
2011-06-07,1.4652,117.55,1.9558,N/A,24.219,7.4568,N/A,0.89245,265.44,3.4528,0.709,N/A,3.9487,N/A,4.154,9.0082,N/A,N/A,1.2237,N/A,7.8395,7.4408,40.665,N/A,2.3188,1.3697,2.312,1.4297,9.4963,11.3976,12471.67,4.929,65.465,1586.88,17.1634,4.4059,1.7838,63.321,1.7988,44.366,9.88,
2011-06-06,1.4596,117.05,1.9558,N/A,24.341,7.4556,N/A,0.8903,266.03,3.4528,0.7091,N/A,3.9612,N/A,4.1375,8.9965,N/A,N/A,1.2235,N/A,7.8235,7.4565,40.6365,N/A,2.3102,1.3597,2.3109,1.4317,9.4499,11.3536,12432.61,4.9327,65.332,1573.69,17.0795,4.3912,1.79,63.093,1.7959,44.226,9.8304,
2011-06-03,1.4488,116.89,1.9558,N/A,24.45,7.4551,N/A,0.8875,265.38,3.4528,0.7092,N/A,3.957,N/A,4.1319,8.997,N/A,N/A,1.2197,N/A,7.7965,7.453,40.3838,N/A,2.2959,1.3592,2.2861,1.4177,9.3876,11.2693,12351.57,4.903,64.938,1561.64,16.8821,4.3631,1.786,62.642,1.7865,43.957,9.7479,
2011-06-02,1.446,116.6,1.9558,N/A,24.533,7.4553,N/A,0.88295,265.95,3.4528,0.7095,N/A,3.9663,N/A,4.1355,8.9607,N/A,N/A,1.2167,N/A,7.7596,7.4603,40.395,N/A,2.2978,1.3563,2.2961,1.4135,9.3741,11.2499,12352.75,4.9164,64.823,1559.11,16.8821,4.3597,1.774,62.501,1.7857,43.799,9.7878,
2011-06-01,1.4408,117.11,1.9558,N/A,24.501,7.455,N/A,0.87705,266.23,3.4528,0.7095,N/A,3.957,N/A,4.1305,8.889,N/A,N/A,1.2182,N/A,7.731,7.4488,40.234,N/A,2.2837,1.341,2.2735,1.3948,9.3336,11.2057,12307.4,4.925,64.6124,1548.5,16.6773,4.3318,1.7502,62.177,1.7738,43.613,9.7742,
2011-05-31,1.4385,117.22,1.9558,N/A,24.547,7.4561,N/A,0.87205,266.85,3.4528,0.7095,N/A,3.9558,N/A,4.128,8.8932,N/A,N/A,1.2275,N/A,7.759,7.446,40.275,N/A,2.2955,1.3504,2.2758,1.3985,9.3199,11.1876,12288.98,4.938,64.815,1552.34,16.6521,4.3335,1.7489,62.333,1.7754,43.601,9.871,
2011-05-30,1.4272,115.36,1.9558,N/A,24.509,7.456,N/A,0.8671,268.07,3.4528,0.7095,N/A,3.975,N/A,4.1235,8.8914,N/A,N/A,1.2147,N/A,7.7485,7.4465,40.08,N/A,2.2871,1.335,2.2752,1.3927,9.2528,11.1026,12198.39,4.926,64.335,1540.73,16.5755,4.308,1.7454,61.888,1.7613,43.287,9.8831,
2011-05-27,1.4265,115.7,1.9558,N/A,24.585,7.4562,N/A,0.86685,268.58,3.4528,0.7093,N/A,3.978,N/A,4.132,8.9108,N/A,N/A,1.2221,N/A,7.769,7.4375,40.042,N/A,2.2895,1.3346,2.2981,1.3925,9.2621,11.1002,12224.56,4.9495,64.428,1543.57,16.6077,4.328,1.7479,61.77,1.7632,43.323,9.8805,
2011-05-26,1.4168,115.95,1.9558,N/A,24.618,7.4567,N/A,0.8685,269.02,3.4528,0.7093,N/A,3.9675,N/A,4.134,8.901,N/A,N/A,1.2343,N/A,7.79,7.438,39.9775,N/A,2.2655,1.3383,2.3012,1.3855,9.1972,11.0267,12161.57,4.9196,64.188,1542.21,16.5107,4.3078,1.7496,61.562,1.7615,43.085,9.8907,
2011-05-25,1.4069,115.47,1.9558,N/A,24.577,7.4569,N/A,0.8672,270.06,3.4528,0.7093,N/A,3.9678,N/A,4.1345,8.915,N/A,N/A,1.2324,N/A,7.824,7.445,40.01,N/A,2.2603,1.3399,2.294,1.3768,9.1357,10.9474,12091.88,4.9216,63.775,1550.35,16.4861,4.3086,1.7672,61.268,1.7557,42.84,9.9299,
2011-05-24,1.4089,115.45,1.9558,N/A,24.58,7.4566,N/A,0.87285,269.4,3.4528,0.7093,N/A,3.9473,N/A,4.1218,8.92,N/A,N/A,1.2405,N/A,7.8385,7.4328,40.01,N/A,2.2547,1.3328,2.2918,1.378,9.1543,10.9563,12072.47,4.9067,63.689,1540.85,16.5036,4.2971,1.7608,61.169,1.7559,42.859,9.8834,
2011-05-23,1.402,114.68,1.9558,N/A,24.53,7.4561,N/A,0.86975,270.16,3.4528,0.7093,N/A,3.9485,N/A,4.1205,8.9155,N/A,N/A,1.238,N/A,7.8475,7.4242,39.925,N/A,2.2534,1.3332,2.2908,1.3725,9.1186,10.9028,12043.97,4.9419,63.423,1539.99,16.4377,4.2887,1.7761,61.008,1.7501,42.607,9.8533,
2011-05-20,1.4237,116.27,1.9558,N/A,24.476,7.4565,N/A,0.87705,268.8,3.4528,0.7093,N/A,3.9266,N/A,4.1125,8.9324,N/A,N/A,1.2477,N/A,7.828,7.418,39.8982,N/A,2.261,1.3364,2.3079,1.3799,9.2429,11.0663,12166.5,4.963,64.084,1541.57,16.5655,4.2974,1.7907,61.528,1.7614,43.138,9.8288,
2011-05-19,1.4265,116.83,1.9558,N/A,24.468,7.4577,N/A,0.8813,267.97,3.4528,0.7092,N/A,3.9236,N/A,4.1163,8.964,N/A,N/A,1.2616,N/A,7.8725,7.413,39.9413,N/A,2.2438,1.3387,2.2939,1.3804,9.2784,11.0882,12201.08,4.9748,64.164,1549.8,16.6561,4.312,1.8071,61.601,1.7664,43.209,9.8403,
2011-05-18,1.4227,115.45,1.9558,N/A,24.505,7.4573,N/A,0.88065,269.03,3.4528,0.7093,N/A,3.9263,N/A,4.1191,8.984,N/A,N/A,1.2545,N/A,7.936,7.4125,39.907,N/A,2.2534,1.3441,2.3036,1.386,9.2542,11.0614,12180.88,5.0283,64.1,1547.56,16.6891,4.3165,1.8079,61.477,1.7697,43.065,9.8562,
2011-05-17,1.4171,115.69,1.9558,N/A,24.454,7.4566,N/A,0.8729,267.69,3.4528,0.7092,N/A,3.9288,N/A,4.1115,9.0015,N/A,N/A,1.2553,N/A,7.9385,7.415,39.9175,N/A,2.2484,1.3393,2.3124,1.3818,9.2195,11.0178,12153.35,5.01,63.95,1550.67,16.655,4.32,1.8157,61.422,1.7695,42.938,9.9056,
2011-05-16,1.4143,114.35,1.9558,N/A,24.373,7.4564,N/A,0.8725,267.93,3.4528,0.7093,N/A,3.9303,N/A,4.106,9.009,N/A,N/A,1.2542,N/A,7.867,7.398,39.8456,N/A,2.2477,1.3391,2.3053,1.3781,9.2053,10.9987,12163.55,4.99,63.87,1544.21,16.618,4.3228,1.8158,61.23,1.7677,42.924,9.9021,
2011-05-13,1.428,115.32,1.9558,N/A,24.388,7.4558,N/A,0.87795,267.05,3.4528,0.7093,N/A,3.9173,N/A,4.115,8.9951,N/A,N/A,1.2667,N/A,7.8405,7.3884,39.8779,N/A,2.2592,1.3369,2.3099,1.3753,9.2794,11.0978,12217.61,4.9711,64.071,1552.39,16.6091,4.294,1.7997,61.67,1.7704,43.168,9.9203,
2011-05-12,1.4153,114.54,1.9558,N/A,24.277,7.4562,N/A,0.87015,266.08,3.4528,0.7093,N/A,3.915,N/A,4.1155,8.9566,N/A,N/A,1.2584,N/A,7.801,7.3752,39.69,N/A,2.244,1.3331,2.3056,1.3677,9.1978,11.0011,12167.45,4.9601,63.685,1545.01,16.5764,4.2643,1.7977,61.036,1.7604,42.926,9.8332,
2011-05-11,1.4357,116.47,1.9558,N/A,24.258,7.4559,N/A,0.87075,263.67,3.4528,0.7093,N/A,3.9013,N/A,4.0918,8.946,N/A,N/A,1.2661,N/A,7.789,7.378,39.718,N/A,2.2644,1.3255,2.3102,1.3701,9.322,11.158,12236.29,4.9804,64.169,1543.42,16.5996,4.2777,1.8074,61.557,1.7666,43.186,9.7368,
2011-05-10,1.4358,115.72,1.9558,N/A,24.227,7.4563,N/A,0.8779,263.85,3.4528,0.7093,N/A,3.9315,N/A,4.0888,8.9565,N/A,N/A,1.2602,N/A,7.8035,7.3775,39.83,N/A,2.2398,1.3295,2.3138,1.3777,9.3218,11.1595,12281.91,4.957,64.259,1552.92,16.6538,4.2952,1.8104,61.695,1.7698,43.332,9.699,
2011-05-09,1.4397,116.28,1.9558,N/A,24.176,7.457,N/A,0.87925,264.4,3.4528,0.7093,N/A,3.9383,N/A,4.0998,8.9791,N/A,N/A,1.2617,N/A,7.8665,7.3783,39.96,N/A,2.2202,1.3389,2.3167,1.3884,9.3496,11.1901,12323.02,4.9598,64.383,1557.53,16.7077,4.3047,1.8179,61.892,1.7752,43.479,9.6798,
2011-05-06,1.4501,116.5,1.9558,N/A,24.093,7.457,N/A,0.8839,264.95,3.4528,0.7096,N/A,3.9515,N/A,4.1188,9.0215,N/A,N/A,1.2668,N/A,7.945,7.3801,40.3147,N/A,2.24,1.3581,2.3457,1.3978,9.4158,11.2686,12439.65,5.0182,64.957,1571.23,16.9505,4.3539,1.8424,62.517,1.7929,43.88,9.8008,
2011-05-05,1.4814,118.2,1.9558,N/A,24.192,7.4572,N/A,0.89865,265.26,3.4528,0.7093,N/A,3.9475,N/A,4.1105,9.0682,N/A,N/A,1.273,N/A,7.93,7.3805,40.42,N/A,2.2888,1.3883,2.3909,1.4303,9.6198,11.5146,12732.19,5.0445,66.307,1603.43,17.3177,4.4442,1.8837,63.809,1.8273,44.664,9.9566,
2011-05-04,1.4882,120.62,1.9558,N/A,24.209,7.4568,N/A,0.8999,264.68,3.4528,0.7095,N/A,3.9366,N/A,4.11,9.0105,N/A,N/A,1.2826,N/A,7.871,7.3815,40.53,N/A,2.2877,1.3727,2.3579,1.4175,9.6636,11.5623,12727.06,5.0515,66.18,1596.48,17.2174,4.4304,1.878,63.864,1.8265,44.601,9.8817,
2011-05-03,1.478,119.36,1.9558,N/A,24.172,7.4568,N/A,0.89695,265.53,3.4528,0.7093,N/A,3.9443,N/A,4.108,8.9581,N/A,N/A,1.278,N/A,7.7995,7.3804,40.47,N/A,2.2642,1.3604,2.3533,1.4096,9.6024,11.4814,12640.85,5.0102,65.797,1583.78,17.109,4.3978,1.8468,63.415,1.8156,44.34,9.8038,
2011-05-02,1.4837,120.85,1.9558,N/A,24.175,7.4574,N/A,0.8892,264.05,3.4528,0.7092,N/A,3.9297,N/A,4.0935,8.9267,N/A,N/A,1.2856,N/A,7.78,7.367,40.62,N/A,2.2569,1.3553,2.3349,1.4088,9.6218,11.5224,12674.04,5.0068,65.787,1581.73,17.09,4.3962,1.8366,63.25,1.815,44.303,9.7782,
2011-04-29,1.486,120.67,1.9558,N/A,24.223,7.4576,N/A,0.8917,264.5,3.4528,0.7093,N/A,3.9356,N/A,4.078,8.914,N/A,N/A,1.2867,N/A,7.782,7.3615,40.6463,N/A,2.258,1.356,2.3464,1.4102,9.6456,11.5427,12728.25,5.0359,65.703,1588.61,17.1186,4.4015,1.8414,63.475,1.8205,44.387,9.7994,
2011-04-28,1.4794,120.97,1.9558,N/A,24.124,7.4574,N/A,0.8888,264.48,3.4528,0.7093,N/A,3.9393,N/A,4.081,8.928,N/A,N/A,1.2954,N/A,7.809,7.3608,40.735,N/A,2.2487,1.3586,2.3298,1.4065,9.6161,11.496,12698.33,5.0499,65.73,1588.99,17.0797,4.399,1.8495,63.596,1.8191,44.293,9.8032,
2011-04-27,1.4668,120.66,1.9558,N/A,24.136,7.4558,N/A,0.8864,264.79,3.4528,0.7093,N/A,3.9294,N/A,4.0736,8.9364,N/A,N/A,1.2886,N/A,7.7885,7.3552,40.65,N/A,2.2329,1.3563,2.2907,1.3968,9.5508,11.3994,12651.8,5.0134,65.185,1586.19,16.9723,4.3689,1.8212,63.365,1.808,43.96,9.7547,
2011-04-26,1.4617,119.43,1.9558,N/A,24.1,7.4566,N/A,0.88715,264.48,3.4528,0.7093,N/A,3.934,N/A,4.0725,8.9257,N/A,N/A,1.283,N/A,7.78,7.3553,40.675,N/A,2.2289,1.3591,2.2882,1.3929,9.5418,11.3605,12639.62,4.99,65.075,1584.89,16.9521,4.3668,1.8169,63.231,1.8037,43.822,9.8036,
2011-04-21,1.4584,119.52,1.9558,N/A,24.18,7.4573,N/A,0.8813,263.8,3.4528,0.7093,N/A,3.9493,N/A,4.0868,8.8885,N/A,N/A,1.2851,N/A,7.7842,7.3588,40.7395,N/A,2.2102,1.3562,2.2823,1.3826,9.4708,11.3313,12584.5,4.9644,64.706,1578.34,16.936,4.3861,1.82,62.912,1.8019,43.621,9.8383,
2011-04-20,1.4515,120.13,1.9558,N/A,24.174,7.4576,N/A,0.8867,264.05,3.4528,0.7093,N/A,3.9723,N/A,4.0873,8.9011,N/A,N/A,1.2944,N/A,7.7895,7.3578,40.8375,N/A,2.2056,1.3611,2.27,1.3808,9.4716,11.2843,12554.66,4.9544,64.345,1567.35,16.8795,4.3734,1.8206,62.68,1.7988,43.472,9.8519,
2011-04-19,1.4302,118.23,1.9558,N/A,24.125,7.4576,N/A,0.878,266.88,3.4528,0.7093,N/A,3.9785,N/A,4.0885,8.921,N/A,N/A,1.2842,N/A,7.7635,7.358,40.4869,N/A,2.1936,1.3622,2.2647,1.3694,9.3399,11.124,12422.61,4.9137,63.622,1557.28,16.7398,4.3271,1.8154,61.973,1.7835,42.992,9.7827,
2011-04-18,1.4275,118.25,1.9558,N/A,24.188,7.4583,N/A,0.8775,267.34,3.4528,0.7092,N/A,3.9683,N/A,4.09,8.9352,N/A,N/A,1.2821,N/A,7.788,7.3593,40.395,N/A,2.1788,1.3575,2.2632,1.3771,9.3199,11.1026,12383.47,4.9054,63.452,1559.03,16.716,4.316,1.813,61.758,1.7827,42.968,9.8048,
2011-04-15,1.445,120.37,1.9558,N/A,24.213,7.4581,N/A,0.8838,267.18,3.4528,0.7092,N/A,3.9467,N/A,4.0958,8.966,N/A,N/A,1.2897,N/A,7.808,7.3555,40.65,N/A,2.1932,1.373,2.2798,1.3934,9.4389,11.2342,12520.27,4.9416,64.061,1573.42,16.9542,4.3687,1.8152,62.493,1.798,43.538,9.94,
2011-04-14,1.4401,119.85,1.9558,N/A,24.269,7.4586,N/A,0.8825,267.48,3.4528,0.7092,N/A,3.9526,N/A,4.1038,9.0293,N/A,N/A,1.2879,N/A,7.858,7.3628,40.7325,N/A,2.1947,1.3717,2.2913,1.3906,9.4075,11.1999,12513.34,4.9366,64.293,1569.26,16.9932,4.3577,1.8238,62.41,1.8,43.461,9.8789,
2011-04-13,1.4493,121.84,1.9558,N/A,24.39,7.4584,N/A,0.8898,266.17,3.4528,0.7091,N/A,3.9584,N/A,4.111,9.03,N/A,N/A,1.2995,N/A,7.862,7.3671,40.7905,N/A,2.1921,1.3814,2.2999,1.3938,9.4687,11.2693,12546.36,4.9382,64.501,1573.87,17.1016,4.3812,1.836,62.654,1.8197,43.696,9.7978,
2011-04-12,1.447,121.87,1.9558,N/A,24.448,7.4584,N/A,0.88845,266.35,3.4528,0.7093,N/A,3.9733,N/A,4.115,9.0822,N/A,N/A,1.3017,N/A,7.877,7.367,40.6625,N/A,2.1938,1.3783,2.2859,1.3864,9.4638,11.2485,12520.26,4.9841,64.231,1580.16,17.0312,4.3793,1.8409,62.424,1.8184,43.613,9.6942,
2011-04-11,1.4434,122.26,1.9558,N/A,24.435,7.4574,N/A,0.8836,265.25,3.4528,0.7091,N/A,3.9775,N/A,4.11,9.0125,N/A,N/A,1.3129,N/A,7.8125,7.3666,40.4985,N/A,2.1855,1.37,2.2711,1.3812,9.4374,11.2155,12489.76,4.968,64.071,1569.41,16.9643,4.3591,1.8446,62.282,1.8138,43.432,9.6108,
2011-04-08,1.4401,122.8,1.9558,N/A,24.43,7.4572,N/A,0.88095,264.09,3.4528,0.709,N/A,3.956,N/A,4.1118,8.9895,N/A,N/A,1.3163,N/A,7.802,7.3655,40.4165,N/A,2.1646,1.3687,2.2619,1.3741,9.4115,11.1889,12454.48,4.9483,63.472,1559.19,16.8978,4.3441,1.8446,61.908,1.8105,43.275,9.5811,
2011-04-07,1.4283,121.7,1.9558,N/A,24.435,7.4571,N/A,0.8759,264.28,3.4528,0.7093,N/A,3.9755,N/A,4.1125,9.0455,N/A,N/A,1.3118,N/A,7.8175,7.372,40.384,N/A,2.162,1.3614,2.2842,1.3695,9.3442,11.1009,12387.16,4.9347,63.138,1557.45,16.8443,4.3263,1.8345,61.531,1.8002,42.963,9.5544,
2011-04-06,1.43,121.82,1.9558,N/A,24.426,7.4569,N/A,0.8775,263.24,3.4528,0.709,N/A,3.9858,N/A,4.1005,9.0124,N/A,N/A,1.3097,N/A,7.785,7.372,40.33,N/A,2.1762,1.3766,2.294,1.3714,9.3579,11.1215,12371.78,4.9493,63.163,1552.65,16.8597,4.3258,1.8455,61.641,1.8021,43.115,9.5624,
2011-04-05,1.4166,119.4,1.9558,N/A,24.443,7.4573,N/A,0.87285,264.44,3.4528,0.7088,N/A,4.014,N/A,4.1166,8.9895,N/A,N/A,1.3091,N/A,7.791,7.371,40.165,N/A,2.1721,1.373,2.2835,1.3676,9.2654,11.0155,12261.98,4.9125,62.922,1542.63,16.815,4.2866,1.8412,61.459,1.7863,42.795,9.5215,
2011-04-04,1.424,119.56,1.9558,N/A,24.466,7.4567,N/A,0.88095,265.4,3.4528,0.7092,N/A,4.0325,N/A,4.1308,8.988,N/A,N/A,1.313,N/A,7.8205,7.3723,40.2445,N/A,2.1848,1.3722,2.2995,1.3719,9.3094,11.0742,12343.23,4.9329,63.493,1549.81,16.8495,4.3083,1.8524,61.723,1.7945,43.033,9.5451,
2011-04-01,1.4141,118.56,1.9558,N/A,24.512,7.4564,N/A,0.8815,266.26,3.4528,0.7092,N/A,4.0398,N/A,4.142,8.9382,N/A,N/A,1.3059,N/A,7.8055,7.3758,40.15,N/A,2.1766,1.3649,2.3019,1.3686,9.2592,11.002,12304.27,4.916,62.98,1544.27,16.7967,4.2784,1.8518,61.348,1.7842,42.819,9.5544,
2011-03-31,1.4207,117.61,1.9558,N/A,24.543,7.4567,N/A,0.8837,265.72,3.4528,0.7095,N/A,4.0106,N/A,4.1221,8.9329,N/A,N/A,1.3005,N/A,7.833,7.3778,40.285,N/A,2.1947,1.3736,2.3058,1.3785,9.3036,11.0559,12366.75,4.9439,63.345,1554.51,16.9276,4.2983,1.8598,61.559,1.7902,42.976,9.6507,
2011-03-30,1.409,117.01,1.9558,N/A,24.528,7.4573,N/A,0.8789,267.1,3.4528,0.7093,N/A,3.988,N/A,4.1035,8.9185,N/A,N/A,1.2993,N/A,7.8675,7.3775,40.2462,N/A,2.192,1.3668,2.3128,1.3674,9.2381,10.9696,12308.75,4.9448,63.056,1551.03,16.7932,4.2629,1.8544,61.119,1.7782,42.72,9.6264,
2011-03-29,1.4066,115.6,1.9558,N/A,24.511,7.4574,N/A,0.88145,267.78,3.4528,0.7092,N/A,3.9955,N/A,4.1225,8.985,N/A,N/A,1.2957,N/A,7.904,7.3876,39.966,N/A,2.1982,1.3759,2.337,1.3737,9.228,10.9664,12257.24,4.9508,62.991,1565.34,16.8405,4.2599,1.8731,61.22,1.7763,42.662,9.6678,
2011-03-28,1.4032,114.59,1.9558,N/A,24.543,7.4574,N/A,0.87825,267.3,3.4528,0.709,N/A,4.0007,N/A,4.111,8.9729,N/A,N/A,1.2908,N/A,7.8745,7.388,39.842,N/A,2.1869,1.3678,2.3282,1.3733,9.2089,10.9433,12231.91,4.9726,62.919,1563.17,16.8284,4.2482,1.8707,61.002,1.7721,42.531,9.6642,
2011-03-25,1.4115,114.57,1.9558,N/A,24.529,7.458,N/A,0.8778,266.33,3.4528,0.709,N/A,4.0095,N/A,4.082,8.9922,N/A,N/A,1.2915,N/A,7.884,7.3918,39.9665,N/A,2.1955,1.3807,2.3414,1.3778,9.2594,11.002,12303.36,5.014,63.059,1569.93,16.8688,4.2656,1.8749,61.084,1.7791,42.712,9.7056,
2011-03-24,1.4128,114.34,1.9558,N/A,24.558,7.4572,N/A,0.8741,267.78,3.4528,0.7094,N/A,4.0197,N/A,4.102,8.9455,N/A,N/A,1.2817,N/A,7.883,7.3865,40.0485,N/A,2.193,1.3888,2.3412,1.3816,9.2634,11.0122,12295.38,5.0289,63.223,1581.61,16.9183,4.2723,1.8893,61.342,1.783,42.737,9.7521,
2011-03-23,1.4136,114.42,1.9558,N/A,24.417,7.4573,N/A,0.8699,269.6,3.4528,0.7088,N/A,4.041,N/A,4.1165,8.931,N/A,N/A,1.2746,N/A,7.891,7.383,40.0325,N/A,2.2022,1.4006,2.3517,1.389,9.2633,11.0186,12312.12,5.005,63.393,1590.46,16.9646,4.2814,1.9096,61.345,1.7884,42.804,9.7796,
2011-03-22,1.4211,115.15,1.9558,N/A,24.45,7.4572,N/A,0.8678,270.43,3.4528,0.7089,N/A,4.0338,N/A,4.1288,8.932,N/A,N/A,1.2843,N/A,7.906,7.375,40.099,N/A,2.2311,1.4039,2.3655,1.3911,9.3039,11.0763,12382.64,5.0094,63.886,1597.64,17.0204,4.301,1.912,61.594,1.795,42.974,9.8138,
2011-03-21,1.4194,115.04,1.9558,N/A,24.473,7.4571,N/A,0.8717,271.15,3.4528,0.7089,N/A,4.0436,N/A,4.161,8.9006,N/A,N/A,1.2836,N/A,7.8795,7.377,40.1405,N/A,2.2398,1.4114,2.3592,1.386,9.3184,11.0688,12387.1,5.016,63.887,1592.29,17.0186,4.3048,1.9286,61.816,1.7971,42.979,9.8733,
2011-03-18,1.413,114.68,1.9558,N/A,24.388,7.4568,N/A,0.8738,273.35,3.4528,0.707,N/A,4.0588,N/A,4.1705,8.9065,N/A,N/A,1.2758,N/A,7.883,7.38,40.2355,N/A,2.2303,1.424,2.3584,1.3894,9.2823,11.0232,12393.86,5.007,63.6365,1592.95,17.0148,4.303,1.9434,61.662,1.8012,42.8,9.9204,
2011-03-17,1.4004,110.42,1.9558,N/A,24.396,7.4586,N/A,0.86745,273.74,3.4528,0.707,N/A,4.079,N/A,4.18,8.9905,N/A,N/A,1.2625,N/A,7.8985,7.3763,40.09,N/A,2.2182,1.4216,2.3367,1.3808,9.2076,10.9252,12298.92,4.9838,63.23,1586.55,16.9434,4.2803,1.9391,61.477,1.7922,42.404,9.922,
2011-03-16,1.3951,112.43,1.9558,N/A,24.368,7.4586,N/A,0.8673,273.4,3.4528,0.706,N/A,4.0625,N/A,4.1788,8.973,N/A,N/A,1.2755,N/A,7.869,7.375,39.964,N/A,2.2126,1.4066,2.3179,1.374,9.1676,10.8761,12242.84,4.9547,62.943,1580.49,16.7828,4.2637,1.8991,61.117,1.7857,42.453,9.7506,
2011-03-15,1.3884,112.39,1.9558,N/A,24.394,7.4587,N/A,0.8674,274.04,3.4528,0.7069,N/A,4.0584,N/A,4.1808,8.979,N/A,N/A,1.2756,N/A,7.914,7.3835,40.1025,N/A,2.2034,1.4105,2.3259,1.3779,9.1255,10.8267,12254.64,4.9768,62.82,1577.24,16.7628,4.2596,1.9086,60.818,1.7844,42.291,9.7478,
2011-03-14,1.3948,114.16,1.9558,N/A,24.331,7.4584,N/A,0.8659,273.05,3.4528,0.7066,N/A,4.0315,N/A,4.1838,8.8405,N/A,N/A,1.2941,N/A,7.829,7.3885,39.8377,N/A,2.2024,1.3846,2.321,1.3597,9.1603,10.8694,12221.5,4.9543,62.8501,1570.42,16.6373,4.2339,1.8918,60.727,1.7692,42.304,9.6345,
2011-03-11,1.3773,113.24,1.9558,N/A,24.335,7.4582,N/A,0.8612,272.8,3.4528,0.7067,N/A,4.0412,N/A,4.1883,8.813,N/A,N/A,1.2842,N/A,7.8055,7.3928,39.582,N/A,2.1861,1.3768,2.2915,1.3488,9.0551,10.7315,12093.52,4.9341,62.309,1552.5,16.5368,4.1891,1.8678,60.172,1.754,41.953,9.5653,
2011-03-10,1.3817,114.78,1.9558,N/A,24.362,7.4581,N/A,0.85655,272.98,3.4528,0.7065,N/A,3.9915,N/A,4.192,8.8115,N/A,N/A,1.2914,N/A,7.782,7.3925,39.41,N/A,2.1823,1.3782,2.2919,1.3416,9.0845,10.764,12134.82,4.9229,62.429,1551.67,16.4954,4.1962,1.8795,60.066,1.7566,41.976,9.516,
2011-03-09,1.3928,115.14,1.9558,N/A,24.29,7.458,N/A,0.859,272.88,3.4528,0.706,N/A,3.9801,N/A,4.1902,8.8055,N/A,N/A,1.292,N/A,7.751,7.3939,39.475,N/A,2.2069,1.3759,2.3039,1.3481,9.1539,10.8484,12217.55,4.9636,62.683,1551.01,16.6906,4.2237,1.8808,60.318,1.7643,42.23,9.5727,
2011-03-08,1.3898,114.64,1.9558,N/A,24.233,7.4576,N/A,0.8605,272.62,3.4528,0.7059,N/A,3.9848,N/A,4.1895,8.847,N/A,N/A,1.2949,N/A,7.755,7.4049,39.2993,N/A,2.2152,1.3778,2.2994,1.3539,9.1292,10.8263,12212.12,4.9755,62.664,1555.93,16.7804,4.2167,1.8793,60.487,1.7641,42.222,9.6129,
2011-03-07,1.4028,115.15,1.9558,N/A,24.226,7.4572,N/A,0.861,271.66,3.4528,0.7061,N/A,3.9732,N/A,4.2005,8.8755,N/A,N/A,1.296,N/A,7.76,7.4072,39.4734,N/A,2.2473,1.3803,2.3211,1.3616,9.1975,10.9242,12321.23,5.0482,63.2,1565.87,16.8308,4.247,1.8985,60.659,1.7733,42.673,9.6253,
2011-03-04,1.3957,115.63,1.9558,N/A,24.312,7.4569,N/A,0.85805,271.95,3.4528,0.7055,N/A,3.99,N/A,4.206,8.835,N/A,N/A,1.3,N/A,7.78,7.408,39.3927,N/A,2.2303,1.3791,2.3029,1.3575,9.1673,10.8721,12285.63,5.048,62.789,1555.94,16.724,4.2241,1.8965,60.339,1.7688,42.555,9.6543,
2011-03-03,1.385,113.43,1.9558,N/A,24.208,7.4564,N/A,0.8513,270.9,3.4528,0.7045,N/A,3.9826,N/A,4.2045,8.7576,N/A,N/A,1.2844,N/A,7.7145,7.4125,39.0585,N/A,2.2243,1.3609,2.2985,1.3469,9.0995,10.7889,12196.03,5.0002,62.384,1553.71,16.7066,4.1979,1.8581,60.068,1.7578,42.256,9.5409,
2011-03-02,1.3809,113.33,1.9558,N/A,24.289,7.4559,N/A,0.8478,271.28,3.4528,0.705,N/A,3.9845,N/A,4.203,8.733,N/A,N/A,1.2799,N/A,7.702,7.4225,39.319,N/A,2.2353,1.3619,2.2951,1.3454,9.076,10.7585,12171.77,5.0243,62.071,1554.74,16.7422,4.1917,1.8634,60.002,1.7547,42.2,9.5742,
2011-03-01,1.3825,113.39,1.9558,N/A,24.355,7.4559,N/A,0.8494,272.64,3.4528,0.7045,N/A,3.9725,N/A,4.212,8.709,N/A,N/A,1.2849,N/A,7.712,7.4222,39.675,N/A,2.2214,1.3572,2.2991,1.3408,9.0816,10.7668,12163.51,5.0152,62.143,1550.25,16.7175,4.1897,1.8397,60.026,1.7562,42.235,9.6111,
2011-02-28,1.3834,113.26,1.9558,N/A,24.353,7.4564,N/A,0.8528,270.72,3.4528,0.7045,N/A,3.9548,N/A,4.2057,8.7445,N/A,N/A,1.284,N/A,7.709,7.4279,39.9015,N/A,2.2122,1.3601,2.2932,1.3535,9.0912,10.7771,12196.5,5.0148,62.63,1557.85,16.735,4.2166,1.839,60.228,1.7582,42.304,9.64,
2011-02-25,1.3762,112.52,1.9558,N/A,24.479,7.4553,N/A,0.8553,272.81,3.4528,0.7048,N/A,3.9709,N/A,4.2125,8.832,N/A,N/A,1.2799,N/A,7.764,7.425,39.823,N/A,2.1975,1.3577,2.2853,1.3487,9.0513,10.7253,12162.05,5.0157,62.376,1549.41,16.6656,4.1964,1.8337,60.191,1.754,42.153,9.615,
2011-02-24,1.3773,112.69,1.9558,N/A,24.529,7.4547,N/A,0.8513,273.4,3.4528,0.7037,N/A,3.9975,N/A,4.232,8.7985,N/A,N/A,1.2748,N/A,7.719,7.4225,40.0115,N/A,2.2132,1.3682,2.2979,1.355,9.0551,10.737,12219.39,5.0388,62.623,1563.18,16.7989,4.2152,1.845,60.318,1.7606,42.159,9.7389,
2011-02-23,1.3731,113.69,1.9558,N/A,24.527,7.4551,N/A,0.8459,272.65,3.4528,0.7045,N/A,3.9583,N/A,4.2253,8.7935,N/A,N/A,1.2853,N/A,7.739,7.4105,40.192,N/A,2.1878,1.3691,2.291,1.3629,9.0272,10.7008,12156.39,4.9872,61.971,1543.26,16.626,4.1838,1.8394,59.849,1.7518,42.044,9.7189,
2011-02-22,1.3667,113.63,1.9558,N/A,24.495,7.4554,N/A,0.84584,272.73,3.4528,0.7045,N/A,3.9655,N/A,4.229,8.787,N/A,N/A,1.2844,N/A,7.7515,7.4085,39.9817,N/A,2.1824,1.3635,2.2807,1.3491,8.9929,10.6469,12131.37,4.9712,61.864,1542.1,16.5583,4.1691,1.8243,59.704,1.749,41.862,9.764,
2011-02-21,1.3668,113.68,1.9558,N/A,24.458,7.4553,N/A,0.8425,271.01,3.4528,0.7041,N/A,3.9277,N/A,4.2328,8.762,N/A,N/A,1.296,N/A,7.769,7.4085,39.862,N/A,2.1609,1.3521,2.2751,1.3444,8.976,10.6389,12095.94,4.921,61.489,1531.28,16.4539,4.151,1.7899,59.328,1.7436,41.728,9.7702,
2011-02-18,1.3627,113.62,1.9558,N/A,24.375,7.4546,N/A,0.8395,270.05,3.4528,0.7045,N/A,3.9145,N/A,4.242,8.7328,N/A,N/A,1.2973,N/A,7.7555,7.408,39.789,N/A,2.1509,1.3479,2.2715,1.3398,8.9529,10.6081,12065.48,4.9469,61.594,1514.95,16.3544,4.1238,1.7891,58.974,1.7358,41.671,9.7676,
2011-02-17,1.356,113.39,1.9558,N/A,24.325,7.4555,N/A,0.8409,269.25,3.4528,0.7044,N/A,3.9075,N/A,4.248,8.743,N/A,N/A,1.2973,N/A,7.8075,7.408,39.705,N/A,2.139,1.3498,2.2673,1.3327,8.9225,10.5616,12035.99,4.9107,61.488,1514.32,16.3585,4.125,1.7951,58.783,1.7332,41.521,9.8149,
2011-02-16,1.351,113.12,1.9558,N/A,24.325,7.4563,N/A,0.8419,270.77,3.4528,0.7053,N/A,3.9093,N/A,4.2492,8.7325,N/A,N/A,1.3073,N/A,7.8275,7.408,39.608,N/A,2.1425,1.3507,2.2542,1.3328,8.8963,10.5248,12008.79,4.88,61.498,1513,16.3809,4.1158,1.7931,58.818,1.7293,41.395,9.8147,
2011-02-15,1.351,113.21,1.9558,N/A,24.293,7.4567,N/A,0.8375,271.06,3.4528,0.7059,N/A,3.9287,N/A,4.2518,8.7255,N/A,N/A,1.3124,N/A,7.8335,7.4068,39.577,N/A,2.1504,1.3503,2.2525,1.3317,8.902,10.5282,12015.55,4.9259,61.498,1514.24,16.262,4.1185,1.7925,58.919,1.729,41.489,9.8511,
2011-02-14,1.344,112.15,1.9558,N/A,24.235,7.4568,N/A,0.84,272.35,3.4528,0.7058,N/A,3.9436,N/A,4.249,8.7562,N/A,N/A,1.3065,N/A,7.877,7.412,39.3787,N/A,2.146,1.343,2.2438,1.328,8.8662,10.4735,11978.93,4.9347,61.152,1511.82,16.1932,4.1026,1.7797,58.667,1.7233,41.368,9.8273,
2011-02-11,1.3524,113.01,1.9558,N/A,24.25,7.4566,N/A,0.8457,271.67,3.4528,0.704,N/A,3.9193,N/A,4.2583,8.8022,N/A,N/A,1.3163,N/A,7.93,7.411,39.688,N/A,2.1575,1.3544,2.2586,1.3464,8.9164,10.5411,12107.49,4.9867,61.788,1525.88,16.3513,4.1413,1.7869,59.354,1.7358,41.722,9.8878,
2011-02-10,1.3604,112.71,1.9558,N/A,24.246,7.4559,N/A,0.8478,273.28,3.4528,0.7043,N/A,3.9337,N/A,4.2645,8.8234,N/A,N/A,1.3105,N/A,7.932,7.414,39.883,N/A,2.177,1.3559,2.273,1.3572,8.9605,10.5947,12165.92,5.0257,62.208,1525.19,16.5127,4.1472,1.7737,59.466,1.7402,41.914,9.91,
2011-02-09,1.3647,112.65,1.9558,N/A,24.212,7.456,N/A,0.85,271.61,3.4528,0.7035,N/A,3.8943,N/A,4.2565,8.7885,N/A,N/A,1.3152,N/A,7.8685,7.4158,40.0022,N/A,2.165,1.351,2.2768,1.3573,8.993,10.6275,12180.12,5.0013,62.05,1515.22,16.4647,4.1473,1.7687,59.383,1.7399,41.937,9.8339,
2011-02-08,1.3635,112.09,1.9558,N/A,24.018,7.4546,N/A,0.8486,269.23,3.4528,0.7022,N/A,3.8856,N/A,4.255,8.7715,N/A,N/A,1.303,N/A,7.859,7.4148,39.9615,N/A,2.1509,1.3457,2.285,1.3502,8.9786,10.6097,12155.4,5.0146,61.763,1504.34,16.3859,4.1335,1.7587,59.052,1.7349,41.887,9.8957,
2011-02-07,1.3553,111.52,1.9558,N/A,24.07,7.4546,N/A,0.8402,269.17,3.4528,0.7015,N/A,3.874,N/A,4.259,8.805,N/A,N/A,1.2953,N/A,7.8385,7.4143,39.81,N/A,2.1387,1.3355,2.2702,1.338,8.9247,10.5511,12114.61,4.9969,61.625,1497.5,16.2228,4.1089,1.7582,58.855,1.7284,41.662,9.8535,
2011-02-04,1.3631,111.42,1.9558,N/A,24.018,7.4544,N/A,0.8472,270.35,3.4528,0.7015,N/A,3.9008,N/A,4.264,8.8185,N/A,N/A,1.2954,N/A,7.8075,7.422,40.0029,N/A,2.1736,1.3406,2.2718,1.3448,8.976,10.6124,12210.64,5.0716,62.154,1505.75,16.3538,4.1302,1.7685,59.575,1.7362,41.997,9.9353,
2011-02-03,1.3745,112.46,1.9558,N/A,24.088,7.4557,N/A,0.84865,269.75,3.4528,0.7015,N/A,3.9147,N/A,4.263,8.88,N/A,N/A,1.2987,N/A,7.8585,7.4207,40.363,N/A,2.1885,1.3582,2.2917,1.3596,9.0511,10.699,12436.82,5.071,62.67,1518.9,16.5427,4.1634,1.7821,60.383,1.7493,42.431,9.8951,
2011-02-02,1.3803,112.35,1.9558,N/A,24.124,7.4549,N/A,0.8519,269.59,3.4528,0.7015,N/A,3.9128,N/A,4.258,8.8615,N/A,N/A,1.2922,N/A,7.884,7.4207,40.65,N/A,2.1824,1.3676,2.2984,1.3649,9.089,10.749,12462.41,5.0803,62.8865,1521.85,16.5974,4.1945,1.7657,60.583,1.756,42.589,9.8704,
2011-02-01,1.3755,112.19,1.9558,N/A,24.111,7.4548,N/A,0.8536,271.6,3.4528,0.7023,N/A,3.9138,N/A,4.258,8.805,N/A,N/A,1.2954,N/A,7.882,7.418,40.747,N/A,2.1873,1.3647,2.2914,1.3717,9.0604,10.718,12418.7,5.082,62.957,1529.77,16.6367,4.198,1.7671,60.722,1.7539,42.517,9.848,
2011-01-31,1.3692,112.49,1.9558,N/A,24.223,7.4544,N/A,0.8609,273.85,3.4528,0.703,N/A,3.9362,N/A,4.259,8.867,N/A,N/A,1.2891,N/A,7.927,7.4171,40.795,N/A,2.1972,1.3763,2.2962,1.3679,9.0299,10.6762,12401.38,5.084,62.857,1534.05,16.6417,4.1891,1.7763,60.7,1.7534,42.295,9.8458,
2011-01-28,1.371,112.76,1.9558,N/A,24.248,7.454,N/A,0.8609,271.7,3.4528,0.7049,N/A,3.9161,N/A,4.2574,8.853,N/A,N/A,1.2942,N/A,7.933,7.423,40.713,N/A,2.1859,1.3751,2.2982,1.3644,9.0431,10.6776,12379.37,5.0348,62.744,1527.75,16.5103,4.1877,1.7643,60.457,1.7542,42.515,9.7381,
2011-01-27,1.3716,113.9,1.9558,N/A,24.24,7.4538,N/A,0.85955,272.9,3.4528,0.7055,N/A,3.8985,N/A,4.267,8.8452,N/A,N/A,1.294,N/A,7.923,7.412,40.6428,N/A,2.166,1.3845,2.2892,1.3651,9.0279,10.685,12391.33,5.004,62.553,1525.37,16.4574,4.1847,1.7738,60.499,1.755,42.266,9.7097,
2011-01-26,1.3681,112.47,1.9558,N/A,24.219,7.4523,N/A,0.86325,274.23,3.4528,0.704,N/A,3.873,N/A,4.27,8.8585,N/A,N/A,1.2922,N/A,7.8665,7.4115,40.7,N/A,2.1589,1.3725,2.2821,1.363,9.0062,10.6511,12365.11,4.9341,62.5308,1528.28,16.4896,4.1748,1.7834,60.606,1.7523,42.146,9.7168,
2011-01-25,1.3596,112.08,1.9558,N/A,24.222,7.4539,N/A,0.862,275.22,3.4528,0.7028,N/A,3.8755,N/A,4.2605,8.9074,N/A,N/A,1.2871,N/A,7.848,7.4093,40.52,N/A,2.1294,1.3724,2.2734,1.3595,8.9498,10.5967,12305.86,4.9189,62.3037,1524.95,16.4593,4.1536,1.781,60.624,1.7442,42.1,9.6065,
2011-01-24,1.3571,112.46,1.9558,N/A,24.219,7.453,N/A,0.8516,274.02,3.4528,0.703,N/A,3.877,N/A,4.2665,8.953,N/A,N/A,1.2989,N/A,7.883,7.395,40.52,N/A,2.1262,1.369,2.2697,1.3498,8.9315,10.581,12319.03,4.9168,61.92,1523.05,16.3505,4.1513,1.7871,60.531,1.7417,42.019,9.5862,
2011-01-21,1.3521,111.87,1.9558,N/A,24.285,7.4533,N/A,0.84825,274.24,3.4528,0.7035,N/A,3.8748,N/A,4.2628,8.959,N/A,N/A,1.3013,N/A,7.892,7.3945,40.5013,N/A,2.1309,1.3666,2.2605,1.3475,8.9013,10.5301,12251.25,4.9117,61.682,1515.18,16.3146,4.1374,1.7844,60.127,1.7363,41.506,9.652,
2011-01-20,1.3472,110.93,1.9558,N/A,24.42,7.4518,N/A,0.8436,275,3.4528,0.7029,N/A,3.9132,N/A,4.2681,8.949,N/A,N/A,1.2873,N/A,7.8745,7.3935,40.4225,N/A,2.1278,1.3583,2.2511,1.3463,8.8719,10.485,12209.23,4.8753,61.48,1513.54,16.3188,4.1231,1.7684,60.043,1.7338,41.164,9.5302,
2011-01-19,1.3506,110.85,1.9558,N/A,24.258,7.4513,N/A,0.8433,272.4,3.4528,0.7029,N/A,3.8658,N/A,4.2595,8.9325,N/A,N/A,1.2964,N/A,7.826,7.3915,40.2625,N/A,2.0792,1.3425,2.2543,1.3388,8.8902,10.5045,12228.87,4.7737,61.3172,1500.81,16.2268,4.1227,1.7377,59.736,1.7293,41.133,9.4201,
2011-01-18,1.3371,110.29,1.9558,N/A,24.285,7.4509,N/A,0.83565,272.6,3.4528,0.702,N/A,3.8707,N/A,4.258,8.9203,N/A,N/A,1.2812,N/A,7.82,7.3925,39.995,N/A,2.0545,1.3416,2.2391,1.3182,8.802,10.398,12103.98,4.725,60.805,1487.21,16.0036,4.0882,1.7326,59.527,1.7162,40.768,9.2165,
2011-01-17,1.3311,109.91,1.9558,N/A,24.335,7.45,N/A,0.8361,274.74,3.4528,0.7019,N/A,3.873,N/A,4.2588,8.916,N/A,N/A,1.2854,N/A,7.786,7.3955,39.8748,N/A,2.0554,1.3371,2.2369,1.3139,8.7759,10.3517,12085.48,4.7242,60.625,1484.14,16.0125,4.0672,1.7189,59.227,1.7136,40.685,9.2223,
2011-01-14,1.3349,110.71,1.9558,N/A,24.384,7.4498,N/A,0.8422,276.6,3.4528,0.7019,N/A,3.88,N/A,4.2652,8.9765,N/A,N/A,1.2915,N/A,7.85,7.3985,40.1143,N/A,2.073,1.3528,2.2524,1.33,8.797,10.3796,12030.62,4.745,60.6595,1493.78,16.25,4.0886,1.7396,59.202,1.7222,40.687,9.2959,
2011-01-13,1.3199,109.5,1.9558,N/A,24.37,7.45,N/A,0.83575,274.61,3.4528,0.7012,N/A,3.8656,N/A,4.2583,8.9005,N/A,N/A,1.2823,N/A,7.797,7.3985,39.68,N/A,2.0455,1.3203,2.2054,1.3052,8.7174,10.2613,11967.43,4.7036,59.611,1469.15,15.9292,4.033,1.7153,58.275,1.6986,40.164,9.0312,
2011-01-12,1.2973,108.17,1.9558,N/A,24.39,7.4496,N/A,0.83155,275.57,3.4528,0.7009,N/A,3.8425,N/A,4.2525,8.8435,N/A,N/A,1.2622,N/A,7.706,7.4015,39.3615,N/A,2.0377,1.3098,2.1812,1.2784,8.5671,10.0858,11715.84,4.5968,58.505,1445.89,15.6831,3.9734,1.7113,57.017,1.6754,39.4,8.8815,
2011-01-11,1.2948,107.61,1.9558,N/A,24.553,7.45,N/A,0.8319,279.24,3.4528,0.7011,N/A,3.8882,N/A,4.258,8.874,N/A,N/A,1.2538,N/A,7.726,7.4055,39.5927,N/A,2.0465,1.3134,2.1866,1.2839,8.5716,10.0702,11756.42,4.5914,58.48,1455.86,15.8001,3.9744,1.7064,57.19,1.6768,39.504,8.8723,
2011-01-10,1.2903,107.17,1.9558,N/A,24.648,7.4494,N/A,0.8318,280.42,3.4528,0.7006,N/A,3.9047,N/A,4.2638,8.9205,N/A,N/A,1.2459,N/A,7.7085,7.4023,39.675,N/A,2.0524,1.3037,2.1818,1.285,8.5646,10.034,11738.82,4.6192,58.754,1459.3,15.8223,3.9748,1.7011,57.308,1.6802,39.65,8.8717,
2011-01-07,1.2961,108.29,1.9558,N/A,24.565,7.4503,N/A,0.8383,277.27,3.4528,0.7009,N/A,3.8768,N/A,4.2583,8.9378,N/A,N/A,1.2512,N/A,7.726,7.4035,39.8538,N/A,2.0344,1.306,2.1917,1.2867,8.5906,10.0738,11703.25,4.648,58.92,1458.71,15.8369,3.9784,1.7112,57.455,1.6824,39.423,8.8673,
2011-01-06,1.3091,108.92,1.9558,N/A,24.71,7.4517,N/A,0.8445,275.95,3.4528,0.7015,N/A,3.8553,N/A,4.2575,8.921,N/A,N/A,1.2677,N/A,7.7475,7.3995,40.033,N/A,2.0251,1.3138,2.2042,1.3011,8.6748,10.1777,11778.06,4.6635,59.2825,1466.14,15.9448,4.017,1.7269,57.496,1.6939,39.568,8.8589,
2011-01-05,1.3213,108.72,1.9558,N/A,24.875,7.4527,N/A,0.8483,277.05,3.4528,0.7063,N/A,3.8973,N/A,4.27,8.9295,N/A,N/A,1.2617,N/A,7.7895,7.398,40.4227,N/A,2.049,1.3215,2.2,1.3218,8.7457,10.2692,11862.2,4.6814,59.98,1489.33,16.1978,4.0565,1.7281,57.896,1.7066,39.877,8.9071,
2011-01-04,1.3421,110.2,1.9558,N/A,24.888,7.4533,N/A,0.85875,275.85,3.4528,0.7098,N/A,3.9403,N/A,4.2676,8.9545,N/A,N/A,1.2669,N/A,7.809,7.3895,40.9015,N/A,2.0744,1.3298,2.2192,1.333,8.8697,10.4253,12053.57,4.7301,60.4481,1502.39,16.3642,4.1129,1.7483,58.516,1.7244,40.337,8.9185,
2011-01-03,1.3348,108.7,1.9558,N/A,25.088,7.4531,N/A,0.86131,278.39,3.4528,0.7098,N/A,3.9578,N/A,4.2725,8.937,N/A,N/A,1.2465,N/A,7.78,7.3845,40.7891,N/A,2.0807,1.3085,2.2068,1.3232,8.7959,10.3712,11979.69,4.7278,59.58,1500.68,16.4314,4.0905,1.7183,58.436,1.7148,40.151,8.8196,
2010-12-31,1.3362,108.65,1.9558,N/A,25.061,7.4535,15.6466,0.86075,277.95,3.4528,0.7094,N/A,3.975,N/A,4.262,8.9655,N/A,N/A,1.2504,N/A,7.8,7.383,40.82,N/A,2.0694,1.3136,2.2177,1.3322,8.822,10.3856,12002.14,N/A,59.758,1499.06,16.5475,4.095,1.72,58.3,1.7136,40.17,8.8625,
2010-12-30,1.328,108.24,1.9558,N/A,25.24,7.4544,15.6466,0.8602,279,3.4528,0.7098,N/A,3.965,N/A,4.2873,9.0133,N/A,N/A,1.2475,N/A,7.819,7.3855,40.5432,N/A,2.0636,1.3079,2.2182,1.3275,8.7659,10.335,11933.16,N/A,59.65,1504.06,16.4473,4.09,1.7207,58.108,1.7132,40.046,8.803,
2010-12-29,1.3136,107.99,1.9558,N/A,25.263,7.4528,15.6466,0.8539,279.4,3.4528,0.7097,N/A,3.9667,N/A,4.2986,8.9885,N/A,N/A,1.2483,N/A,7.809,7.3848,39.9949,N/A,2.0545,1.2975,2.2127,1.3155,8.6976,10.2225,11822.75,N/A,59.155,1500.57,16.2676,4.0518,1.7272,57.601,1.7042,39.628,8.7855,
2010-12-28,1.3195,108.2,1.9558,N/A,25.355,7.4544,15.6466,0.85345,279.15,3.4528,0.7098,N/A,3.9823,N/A,4.289,8.9968,N/A,N/A,1.2513,N/A,7.8255,7.3879,39.935,N/A,2.0564,1.3038,2.2222,1.3221,8.7414,10.2666,11898.93,N/A,59.465,1512,16.2668,4.0832,1.745,57.93,1.7091,39.829,8.8242,
2010-12-27,1.3136,108.89,1.9558,N/A,25.35,7.4532,15.6466,0.8523,278.83,3.4528,0.7092,N/A,3.9763,N/A,4.2884,8.9771,N/A,N/A,1.2626,N/A,7.835,7.3878,39.9191,N/A,2.0356,1.3113,2.2194,1.324,8.7102,10.2211,11866.25,N/A,59.425,1511.06,16.2203,4.0656,1.7569,57.882,1.7095,39.651,8.829,
2010-12-24,1.3099,108.63,1.9558,N/A,25.328,7.4527,15.6466,0.8496,279.2,3.4528,0.7094,N/A,3.9655,N/A,4.2878,8.9885,N/A,N/A,1.2618,N/A,7.826,7.387,39.9415,N/A,2.0289,1.3052,2.2155,1.3236,8.6807,10.1913,11842.02,N/A,59.0952,1507.2,16.1904,4.0548,1.7508,57.713,1.7025,39.57,8.8353,
2010-12-23,1.3064,108.95,1.9558,N/A,25.305,7.453,15.6466,0.8482,278.43,3.4528,0.7094,N/A,3.9798,N/A,4.2888,8.963,N/A,N/A,1.2553,N/A,7.837,7.39,40.0035,N/A,2.0302,1.3049,2.2226,1.3273,8.6785,10.1629,11824.28,N/A,58.97,1510.51,16.1027,4.0675,1.7531,57.703,1.7069,39.401,8.8216,
2010-12-22,1.3112,109.68,1.9558,N/A,25.28,7.4521,15.6466,0.8492,276.2,3.4528,0.7098,N/A,3.9928,N/A,4.2853,8.9812,N/A,N/A,1.2502,N/A,7.8715,7.3914,40.2825,N/A,2.0355,1.3143,2.2246,1.3322,8.7144,10.198,11856.37,N/A,59.1315,1510.27,16.1933,4.0985,1.765,57.958,1.7168,39.552,8.9211,
2010-12-21,1.3155,110,1.9558,N/A,25.258,7.4507,15.6466,0.8503,275.6,3.4528,0.7093,N/A,3.994,N/A,4.2888,8.9795,N/A,N/A,1.2613,N/A,7.862,7.3864,40.4468,N/A,2.0479,1.3183,2.2349,1.341,8.7598,10.2264,11894.14,N/A,59.5,1516.74,16.3017,4.1173,1.7666,58.342,1.7277,39.675,8.9584,
2010-12-20,1.3147,110.1,1.9558,N/A,25.265,7.4499,15.6466,0.8462,274.83,3.4528,0.7094,N/A,3.9966,N/A,4.2915,8.986,N/A,N/A,1.2698,N/A,7.8605,7.3843,40.455,N/A,2.047,1.3232,2.2466,1.3316,8.775,10.2258,11886,N/A,59.714,1517.48,16.3115,4.1372,1.7718,58.467,1.7315,39.681,8.9648,
2010-12-17,1.326,111.26,1.9558,N/A,25.218,7.4498,15.6466,0.85185,272.75,3.4528,0.7098,N/A,3.9798,N/A,4.2935,9.0223,N/A,N/A,1.2738,N/A,7.8925,7.3878,40.7185,N/A,2.0371,1.3428,2.264,1.3358,8.8252,10.3124,11976.33,N/A,60.1236,1533.35,16.4795,4.1524,1.7976,58.737,1.7427,39.982,9.0581,
2010-12-16,1.3238,111.28,1.9558,N/A,25.155,7.4503,15.6466,0.84795,273.7,3.4528,0.7098,N/A,3.979,N/A,4.293,9.0381,N/A,N/A,1.2849,N/A,7.895,7.3905,40.674,N/A,2.0223,1.3373,2.2548,1.3297,8.8209,10.2939,11964.29,N/A,60.077,1529.58,16.4469,4.154,1.7921,58.473,1.7406,39.863,9.0519,
2010-12-15,1.336,111.88,1.9558,N/A,25.155,7.4516,15.6466,0.8529,274.63,3.4528,0.7097,N/A,3.9783,N/A,4.2885,9.0798,N/A,N/A,1.2826,N/A,7.866,7.3898,40.9375,N/A,2.0277,1.3436,2.2694,1.344,8.8917,10.3878,12061.15,N/A,60.564,1541.53,16.5766,4.199,1.7861,58.706,1.7502,40.194,9.0686,
2010-12-14,1.3435,111.63,1.9558,N/A,25.162,7.4536,15.6466,0.84865,277.33,3.4528,0.7097,N/A,3.99,N/A,4.2915,9.1284,N/A,N/A,1.2916,N/A,7.896,7.404,41.245,N/A,2.0196,1.3433,2.2802,1.3531,8.9411,10.4441,12104.46,N/A,60.306,1531.16,16.6511,4.2,1.7788,58.698,1.7457,40.312,9.1663,
2010-12-13,1.3267,111.55,1.9558,N/A,25.168,7.4545,15.6466,0.84375,278.34,3.4528,0.7095,N/A,4.0156,N/A,4.2925,9.1464,N/A,N/A,1.2987,N/A,7.9265,7.4175,40.9723,N/A,1.997,1.339,2.2648,1.3359,8.8451,10.3175,11961.04,N/A,59.912,1518.96,16.4982,4.1658,1.763,58.247,1.7353,39.889,9.09,
2010-12-10,1.3244,110.8,1.9558,N/A,25.173,7.4548,15.6466,0.83715,278.2,3.4528,0.7097,N/A,4.0296,N/A,4.295,9.1077,N/A,N/A,1.2998,N/A,7.9375,7.39,40.9198,N/A,1.9847,1.3399,2.2573,1.3371,8.8147,10.2965,11947.46,N/A,59.627,1509.62,16.4947,4.1518,1.7628,57.85,1.7319,39.818,9.0684,
2010-12-09,1.3214,111.02,1.9558,N/A,25.073,7.4555,15.6466,0.8382,277.39,3.4528,0.7097,N/A,4.0305,N/A,4.3007,9.131,N/A,N/A,1.306,N/A,7.955,7.386,40.9135,N/A,1.9883,1.3432,2.2408,1.3354,8.7939,10.2665,11919.04,N/A,59.784,1507.61,16.413,4.1591,1.771,57.748,1.7346,39.728,9.1401,
2010-12-08,1.32,111.08,1.9558,N/A,25.09,7.4545,15.6466,0.8367,278.85,3.4528,0.7097,N/A,4.0633,N/A,4.3005,9.1484,N/A,N/A,1.306,N/A,7.9625,7.3836,41.24,N/A,1.9735,1.348,2.2222,1.3361,8.7934,10.2555,11911.96,N/A,59.5283,1512.39,16.5427,4.1514,1.763,57.641,1.7388,39.791,9.1717,
2010-12-07,1.3363,110.43,1.9558,N/A,25.069,7.4527,15.6466,0.8467,278,3.4528,0.7098,N/A,4.0117,N/A,4.3005,9.098,N/A,N/A,1.3062,N/A,7.966,7.3832,41.4672,N/A,1.9714,1.3419,2.2338,1.3386,8.8792,10.374,12030.63,N/A,59.642,1510.35,16.4747,4.2027,1.745,58.239,1.7405,40.089,9.1887,
2010-12-06,1.328,110.06,1.9558,N/A,25.043,7.4525,15.6466,0.8472,280.15,3.4528,0.7098,N/A,4.019,N/A,4.306,9.1115,N/A,N/A,1.3084,N/A,7.9785,7.3753,41.5395,N/A,1.9722,1.3454,2.2405,1.3366,8.8291,10.3113,11983.86,N/A,59.67,1507.76,16.446,4.179,1.7469,58.097,1.7345,39.86,9.1756,
2010-12-03,1.3246,110.86,1.9558,N/A,25.018,7.4529,15.6466,0.848,278.03,3.4528,0.7097,N/A,3.9952,N/A,4.3073,9.1265,N/A,N/A,1.3143,N/A,8.005,7.3775,41.4745,N/A,1.9813,1.3508,2.253,1.3269,8.8262,10.2846,11924.57,N/A,59.736,1503.92,16.3389,4.1698,1.7519,58.062,1.7315,39.811,9.1605,
2010-12-02,1.3155,110.97,1.9558,N/A,25.01,7.4521,15.6466,0.8445,278.75,3.4528,0.7097,N/A,4.0055,N/A,4.3036,9.1531,N/A,N/A,1.316,N/A,8.06,7.4225,41.2985,N/A,1.96,1.3614,2.2405,1.3291,8.7629,10.2194,11857.07,N/A,59.585,1512.04,16.3014,4.14,1.7553,57.464,1.7248,39.524,9.1788,
2010-12-01,1.3115,110.37,1.9558,N/A,24.961,7.4528,15.6466,0.8393,280.45,3.4528,0.7097,N/A,4.0202,N/A,4.2973,9.154,N/A,N/A,1.3178,N/A,8.06,7.4243,41.2445,N/A,1.961,1.3615,2.2349,1.336,8.739,10.1864,11812.03,N/A,59.4664,1508.78,16.2214,4.1338,1.7589,57.184,1.7176,39.443,9.2045,
2010-11-30,1.2998,109,1.9558,N/A,24.915,7.4529,15.6466,0.83765,284.18,3.4528,0.7093,N/A,4.0692,N/A,4.2925,9.1715,N/A,N/A,1.299,N/A,8.091,7.426,40.9545,N/A,1.9645,1.3595,2.2373,1.3306,8.6658,10.0979,11765.09,N/A,59.74,1510.51,16.319,4.1171,1.7557,57.361,1.7219,39.254,9.2714,
2010-11-29,1.3146,110.73,1.9558,N/A,24.758,7.4543,15.6466,0.844,280.58,3.4528,0.7096,N/A,4.0476,N/A,4.2943,9.2205,N/A,N/A,1.3186,N/A,8.1285,7.4275,41.1575,N/A,1.9745,1.3662,2.2739,1.3429,8.756,10.2056,11867.78,N/A,60.395,1523.23,16.4621,4.1535,1.764,58.31,1.735,39.694,9.3852,
2010-11-26,1.3225,110.92,1.9558,N/A,24.725,7.454,15.6466,0.8447,279.9,3.4528,0.7096,N/A,4.0275,N/A,4.3125,9.307,N/A,N/A,1.3252,N/A,8.177,7.4218,41.539,N/A,1.9707,1.3715,2.2862,1.3523,8.8178,10.2671,11919.98,N/A,60.643,1539.23,16.5244,4.183,1.7653,58.626,1.7455,40.065,9.429,
2010-11-25,1.3321,111.35,1.9558,N/A,24.72,7.4558,15.6466,0.84645,277.35,3.4528,0.7093,N/A,3.9789,N/A,4.2995,9.2705,N/A,N/A,1.3326,N/A,8.1275,7.415,41.651,N/A,1.966,1.3595,2.2902,1.3454,8.8595,10.3369,11944.66,N/A,60.7,1524.67,16.4481,4.18,1.7547,58.708,1.7428,40.036,9.3897,
2010-11-24,1.3339,111.28,1.9558,N/A,24.688,7.4548,15.6466,0.8438,275.58,3.4528,0.7094,N/A,3.9743,N/A,4.306,9.2923,N/A,N/A,1.3276,N/A,8.1445,7.411,41.813,N/A,1.9755,1.3632,2.307,1.3556,8.8762,10.3485,11959.96,N/A,60.97,1532.62,16.5844,4.1881,1.7546,58.8,1.7476,40.076,9.4755,
2010-11-23,1.3496,112.5,1.9558,N/A,24.68,7.4553,15.6466,0.84795,275.3,3.4528,0.7096,N/A,3.9543,N/A,4.3113,9.3865,N/A,N/A,1.3338,N/A,8.207,7.397,42.304,N/A,1.992,1.3789,2.3388,1.3799,8.968,10.4711,12129.3,N/A,61.52,1576.84,16.7259,4.2365,1.7626,59.848,1.7713,40.576,9.5464,
2010-11-22,1.3647,113.97,1.9558,N/A,24.685,7.4561,15.6466,0.8549,273.11,3.4528,0.7093,N/A,3.934,N/A,4.2973,9.3855,N/A,N/A,1.3505,N/A,8.207,7.396,42.4125,N/A,1.9718,1.3817,2.3452,1.3865,9.0638,10.5837,12192.05,N/A,62.005,1542.35,16.7585,4.2333,1.7669,60.097,1.7719,40.886,9.5498,
2010-11-19,1.3674,114.09,1.9558,N/A,24.719,7.4554,15.6466,0.8552,274.25,3.4528,0.7093,N/A,3.9345,N/A,4.298,9.3945,N/A,N/A,1.3607,N/A,8.2,7.3953,42.463,N/A,1.9785,1.3903,2.3461,1.3957,9.0789,10.6031,12255.28,N/A,61.9855,1546.7,16.8213,4.266,1.762,59.848,1.7744,40.94,9.5667,
2010-11-18,1.3647,113.72,1.9558,N/A,24.648,7.4549,15.6466,0.8522,275.09,3.4528,0.7093,N/A,3.9375,N/A,4.298,9.3573,N/A,N/A,1.3475,N/A,8.162,7.3945,42.391,N/A,1.9747,1.3812,2.3385,1.3895,9.0529,10.5816,12203.7,N/A,61.725,1542.77,16.7858,4.2612,1.7577,59.35,1.7672,40.859,9.5363,
2010-11-17,1.3481,112.5,1.9558,N/A,24.595,7.455,15.6466,0.84895,278.11,3.4528,0.7095,N/A,3.964,N/A,4.2965,9.398,N/A,N/A,1.3426,N/A,8.185,7.3926,42.3173,N/A,1.9691,1.3801,2.342,1.3778,8.9548,10.4566,12140.18,N/A,61.1678,1545.54,16.7125,4.2595,1.7569,59.299,1.7609,40.49,9.5263,
2010-11-16,1.3612,113.21,1.9558,N/A,24.607,7.4547,15.6466,0.851,276.95,3.4528,0.7092,N/A,3.9372,N/A,4.2925,9.3753,N/A,N/A,1.3408,N/A,8.167,7.3941,42.3215,N/A,1.9801,1.3874,2.3504,1.3817,9.0355,10.5546,12197.34,N/A,61.68,1539.11,16.737,4.2612,1.7655,59.566,1.7682,40.652,9.5426,
2010-11-15,1.3626,113.31,1.9558,N/A,24.627,7.4541,15.6466,0.8479,276.48,3.4528,0.7092,N/A,3.93,N/A,4.294,9.369,N/A,N/A,1.3428,N/A,8.1355,7.396,42.1962,N/A,1.9726,1.3822,2.3466,1.3749,9.053,10.5636,12212.3,N/A,61.542,1547.22,16.7797,4.2779,1.7601,59.565,1.7753,40.803,9.5393,
2010-11-12,1.3711,112.59,1.9558,N/A,24.63,7.4542,15.6466,0.8507,276.01,3.4528,0.7092,N/A,3.9289,N/A,4.295,9.3582,N/A,N/A,1.3357,N/A,8.133,7.3805,42.17,N/A,1.962,1.3835,2.356,1.3851,9.1,10.6279,12235.68,N/A,61.18,1545.35,16.7919,4.2652,1.7653,59.976,1.7746,40.859,9.526,
2010-11-11,1.37,112.78,1.9558,N/A,24.634,7.4538,15.6466,0.8491,276.54,3.4528,0.7093,N/A,3.9329,N/A,4.2865,9.3102,N/A,N/A,1.3282,N/A,8.091,7.3727,41.922,N/A,1.954,1.3682,2.3491,1.3742,9.0772,10.6198,12206.66,N/A,60.931,1520.57,16.7769,4.2442,1.7495,60.089,1.7646,40.71,9.4674,
2010-11-10,1.377,113.48,1.9558,N/A,24.618,7.4534,15.6466,0.85685,273.4,3.4528,0.7093,N/A,3.8843,N/A,4.2777,9.2975,N/A,N/A,1.3402,N/A,8.076,7.3655,42.28,N/A,1.9488,1.3766,2.3446,1.3832,9.1346,10.674,12243.64,N/A,61.008,1530.02,16.9259,4.2566,1.768,59.62,1.7738,40.752,9.4791,
2010-11-09,1.3945,112.44,1.9558,N/A,24.583,7.4544,15.6466,0.86235,274.15,3.4528,0.7092,N/A,3.9219,N/A,4.285,9.3083,N/A,N/A,1.342,N/A,8.077,7.3558,42.7017,N/A,1.9623,1.3726,2.3638,1.3931,9.2651,10.8093,12421.33,N/A,61.8555,1551.58,16.9759,4.3177,1.7681,60.236,1.7905,41.149,9.4949,
2010-11-08,1.3917,112.88,1.9558,N/A,24.575,7.4535,15.6466,0.8627,274.6,3.4528,0.7093,N/A,3.9193,N/A,4.2875,9.294,N/A,N/A,1.3435,N/A,8.085,7.3495,42.815,N/A,1.9621,1.377,2.3607,1.396,9.2939,10.788,12396.12,N/A,61.82,1549.24,17.0462,4.3038,1.768,60.058,1.7922,41.267,9.556,
2010-11-05,1.4084,114.41,1.9558,N/A,24.585,7.4536,15.6466,0.8679,273.71,3.4528,0.7097,N/A,3.915,N/A,4.291,9.291,N/A,N/A,1.3546,N/A,8.119,7.356,43.31,N/A,1.9674,1.3865,2.361,1.41,9.3752,10.917,12541.46,N/A,62,1561,17.2163,4.3422,1.7747,60.043,1.8106,41.741,9.5882,
2010-11-04,1.4244,115.15,1.9558,N/A,24.408,7.4547,15.6466,0.87585,272.4,3.4528,0.7097,N/A,3.8958,N/A,4.2848,9.255,N/A,N/A,1.3782,N/A,8.148,7.3445,43.43,N/A,1.983,1.4056,2.396,1.4269,9.4915,11.0404,12661.75,N/A,62.937,1571.18,17.4046,4.3916,1.7889,60.217,1.828,42.298,9.66,
2010-11-03,1.4014,113.67,1.9558,N/A,24.497,7.4553,15.6466,0.8703,272,3.4528,0.7097,N/A,3.9327,N/A,4.2978,9.324,N/A,N/A,1.3761,N/A,8.208,7.3432,43.1885,N/A,1.9768,1.4058,2.3706,1.4136,9.3559,10.8624,12497.56,N/A,62.124,1555.48,17.2162,4.3233,1.8093,59.472,1.8049,41.694,9.6805,
2010-11-02,1.4018,113.18,1.9558,N/A,24.5,7.4564,15.6466,0.8749,270.75,3.4528,0.7097,N/A,3.9548,N/A,4.288,9.323,N/A,N/A,1.3766,N/A,8.203,7.344,43.1555,N/A,1.983,1.4021,2.3874,1.4168,9.3608,10.866,12511.26,N/A,62.17,1559.75,17.2419,4.326,1.8154,59.847,1.8057,41.774,9.744,
2010-11-01,1.3926,111.94,1.9558,N/A,24.533,7.4569,15.6466,0.86675,270.75,3.4528,0.7097,N/A,3.9701,N/A,4.2825,9.2765,N/A,N/A,1.3756,N/A,8.1455,7.3469,42.8993,N/A,1.9872,1.4094,2.3691,1.416,9.3325,10.7957,12424.86,N/A,61.8871,1556.66,17.1951,4.3066,1.813,59.739,1.7989,41.59,9.7495,
2010-10-29,1.3857,111.87,1.9558,N/A,24.598,7.4562,15.6466,0.8686,271.76,3.4528,0.7097,N/A,3.982,N/A,4.2663,9.361,N/A,N/A,1.3708,N/A,8.192,7.347,42.7523,N/A,1.9887,1.4216,2.3638,1.415,9.2437,10.7467,12383.89,N/A,61.52,1557.9,17.1544,4.309,1.828,59.741,1.7968,41.509,9.6827,
2010-10-28,1.3857,112.57,1.9558,N/A,24.63,7.4584,15.6466,0.8704,273.25,3.4528,0.7098,N/A,3.9646,N/A,4.2698,9.3164,N/A,N/A,1.3668,N/A,8.15,7.3422,42.55,N/A,1.9869,1.4158,2.3742,1.4195,9.2667,10.7501,12382.71,N/A,61.67,1557.32,17.1935,4.3088,1.8459,59.726,1.7994,41.516,9.7451,
2010-10-27,1.3803,112.78,1.9558,N/A,24.663,7.4585,15.6466,0.87235,275.04,3.4528,0.7093,N/A,3.9501,N/A,4.2762,9.3317,N/A,N/A,1.3639,N/A,8.145,7.3452,42.3172,N/A,1.9834,1.4194,2.3546,1.421,9.2212,10.7096,12340.46,N/A,61.472,1561.75,17.1847,4.296,1.85,59.646,1.7974,41.402,9.712,
2010-10-26,1.3912,113.11,1.9558,N/A,24.618,7.4577,15.6466,0.87685,274.6,3.4528,0.7097,N/A,3.9352,N/A,4.275,9.3028,N/A,N/A,1.3558,N/A,8.12,7.3423,42.2875,N/A,1.9785,1.4108,2.3674,1.4245,9.2691,10.7925,12410.75,N/A,61.985,1558.32,17.2473,4.3079,1.8549,60.064,1.8053,41.611,9.634,
2010-10-25,1.4031,113.21,1.9558,N/A,24.51,7.4579,15.6466,0.89255,273.53,3.4528,0.7095,N/A,3.9316,N/A,4.268,9.199,N/A,N/A,1.3618,N/A,8.0935,7.3413,42.4705,N/A,1.9845,1.4107,2.3889,1.4291,9.342,10.8887,12485.42,N/A,62.24,1565.89,17.2332,4.3405,1.8623,60.347,1.812,41.883,9.6931,
2010-10-22,1.3934,113.18,1.9558,N/A,24.626,7.4577,15.6466,0.8873,275.35,3.4528,0.7097,N/A,3.9701,N/A,4.3013,9.2565,N/A,N/A,1.3533,N/A,8.143,7.3365,42.4507,N/A,1.9896,1.4198,2.3594,1.4299,9.2787,10.8203,12457.54,N/A,62.103,1571.8,17.242,4.339,1.8636,60.375,1.8137,41.722,9.6876,
2010-10-21,1.4016,113.65,1.9558,N/A,24.54,7.4584,15.6466,0.8902,274.5,3.4528,0.7098,N/A,3.9516,N/A,4.3152,9.2675,N/A,N/A,1.3493,N/A,8.1385,7.3405,43.0028,N/A,1.9907,1.4208,2.3517,1.43,9.3212,10.8813,12520.42,N/A,62.084,1576.39,17.3126,4.3534,1.8637,60.552,1.8192,41.859,9.6623,
2010-10-20,1.3861,112.59,1.9558,N/A,24.503,7.4581,15.6466,0.882,275.58,3.4528,0.7095,N/A,3.9593,N/A,4.3068,9.3115,N/A,N/A,1.3355,N/A,8.1585,7.332,42.695,N/A,1.9811,1.4151,2.32,1.426,9.2202,10.7604,12389.96,N/A,61.501,1566.02,17.2757,4.3267,1.8489,60.149,1.8116,41.486,9.628,
2010-10-19,1.3859,113.16,1.9558,N/A,24.52,7.4574,15.6466,0.8806,276.89,3.4528,0.7099,N/A,3.9363,N/A,4.298,9.335,N/A,N/A,1.3405,N/A,8.169,7.3295,42.29,N/A,1.9775,1.4159,2.3387,1.4217,9.2089,10.7531,12386.04,N/A,61.543,1561.31,17.2607,4.3081,1.8491,60.121,1.8126,41.452,9.6507,
2010-10-18,1.3896,113,1.9558,N/A,24.536,7.4575,15.6466,0.8747,276.63,3.4528,0.7092,N/A,3.9226,N/A,4.2815,9.2871,N/A,N/A,1.3359,N/A,8.15,7.337,42.3575,N/A,1.9748,1.4087,2.3271,1.4192,9.2326,10.7812,12412.48,N/A,61.675,1553.51,17.3713,4.3036,1.8442,60.142,1.8091,41.546,9.57,
2010-10-15,1.4089,114.28,1.9558,N/A,24.515,7.4564,15.6466,0.8775,274.18,3.4528,0.7097,N/A,3.905,N/A,4.2765,9.223,N/A,N/A,1.3423,N/A,8.0925,7.3355,42.565,N/A,1.9808,1.4142,2.3369,1.4165,9.3568,10.93,12530.82,N/A,62.132,1564.64,17.458,4.3443,1.8565,60.847,1.8244,42.015,9.5833,
2010-10-14,1.4101,114.43,1.9558,N/A,24.44,7.4571,15.6466,0.8792,273.63,3.4528,0.7095,N/A,3.9077,N/A,4.2799,9.234,N/A,N/A,1.3386,N/A,8.0695,7.3275,42.3188,N/A,1.9762,1.4145,2.3213,1.4088,9.3783,10.9419,12574.79,N/A,62.214,1564.26,17.4022,4.3473,1.8538,60.944,1.8248,42.014,9.5642,
2010-10-13,1.3958,114.23,1.9558,N/A,24.47,7.4565,15.6466,0.8812,273.45,3.4528,0.7095,N/A,3.9545,N/A,4.2773,9.2662,N/A,N/A,1.3352,N/A,8.135,7.3308,42.0055,N/A,1.9723,1.4128,2.324,1.3999,9.3018,10.8317,12461.72,N/A,62.08,1564.83,17.29,4.3172,1.8407,60.733,1.8181,41.79,9.5766,
2010-10-12,1.3833,113.35,1.9558,N/A,24.524,7.4569,15.6466,0.8736,273.85,3.4528,0.7091,N/A,3.964,N/A,4.2743,9.246,N/A,N/A,1.3298,N/A,8.124,7.3247,41.68,N/A,1.9659,1.4076,2.3106,1.4023,9.2313,10.735,12365.2,N/A,61.7846,1561.58,17.2359,4.3,1.8334,60.477,1.8083,41.437,9.5572,
2010-10-11,1.3936,114.24,1.9558,N/A,24.542,7.4577,15.6466,0.8746,274.03,3.4528,0.709,N/A,3.9605,N/A,4.2668,9.2715,N/A,N/A,1.3412,N/A,8.1235,7.3203,41.575,N/A,1.968,1.4153,2.3198,1.41,9.2922,10.8131,12439.09,N/A,61.932,1560.69,17.2861,4.3223,1.8523,60.605,1.8197,41.857,9.6019,
2010-10-08,1.3874,114.21,1.9558,N/A,24.49,7.4562,15.6466,0.8751,275.55,3.4528,0.7091,N/A,3.9765,N/A,4.2643,9.317,N/A,N/A,1.342,N/A,8.1,7.3173,41.593,N/A,1.9782,1.4252,2.3394,1.4168,9.2548,10.7641,12393.04,N/A,61.635,1565.97,17.4337,4.322,1.8598,60.328,1.8198,41.709,9.5991,
2010-10-07,1.397,115.1,1.9558,N/A,24.518,7.4561,15.6466,0.87465,273.33,3.4528,0.709,N/A,3.9655,N/A,4.2648,9.3208,N/A,N/A,1.3415,N/A,8.083,7.3188,41.5745,N/A,1.9823,1.4132,2.339,1.412,9.3298,10.8333,12467.7,N/A,61.7684,1558.32,17.4122,4.3195,1.8445,60.67,1.8246,41.714,9.6183,
2010-10-06,1.3856,114.98,1.9558,N/A,24.53,7.4547,15.6466,0.8726,270.33,3.4528,0.7091,N/A,3.949,N/A,4.272,9.2993,N/A,N/A,1.3361,N/A,8.034,7.3145,41.36,N/A,1.965,1.4221,2.3113,1.4018,9.2713,10.7471,12357.62,N/A,61.5,1550.99,17.2854,4.287,1.8423,60.275,1.8155,41.492,9.5445,
2010-10-05,1.378,114.8,1.9558,N/A,24.498,7.4549,15.6466,0.8667,272.73,3.4528,0.7092,N/A,3.9708,N/A,4.278,9.2626,N/A,N/A,1.3348,N/A,8.041,7.3048,41.64,N/A,1.9889,1.4338,2.334,1.407,9.2205,10.6886,12310.68,N/A,61.555,1557.45,17.2951,4.267,1.8515,60.27,1.8083,41.533,9.5759,
2010-10-04,1.3705,114.1,1.9558,N/A,24.469,7.4541,15.6466,0.8656,272.22,3.4528,0.7092,N/A,3.9483,N/A,4.2759,9.2398,N/A,N/A,1.3327,N/A,8.03,7.292,41.8045,N/A,1.9817,1.4153,2.3078,1.3998,9.1703,10.6334,12248.04,N/A,61.063,1541.35,17.2053,4.2376,1.8456,59.916,1.8005,41.341,9.548,
2010-10-01,1.3726,114.26,1.9558,N/A,24.42,7.4523,15.6466,0.8676,273.85,3.4528,0.7092,N/A,3.937,N/A,4.2655,9.2183,N/A,N/A,1.3423,N/A,8.04,7.3018,41.8,N/A,1.9856,1.4114,2.3036,1.4085,9.1843,10.6511,12232,N/A,61.081,1546.1,17.1947,4.2352,1.855,60.066,1.8016,41.463,9.5121,
2010-09-30,1.3648,113.68,1.9558,N/A,24.6,7.4519,15.6466,0.85995,275.75,3.4528,0.7094,N/A,3.9847,N/A,4.2718,9.1421,N/A,N/A,1.3287,N/A,7.968,7.3058,41.6923,N/A,1.9806,1.407,2.3201,1.4073,9.1321,10.5918,12173.44,N/A,61.247,1550.65,17.1258,4.2101,1.8436,59.869,1.7942,41.442,9.5438,
2010-09-29,1.3611,113.85,1.9558,N/A,24.57,7.4517,15.6466,0.8618,276.15,3.4528,0.7092,N/A,3.9743,N/A,4.275,9.1545,N/A,N/A,1.3295,N/A,7.967,7.2965,41.3725,N/A,1.9817,1.3999,2.3247,1.3978,9.1014,10.5607,12151.22,N/A,61.15,1551.99,16.945,4.199,1.8388,59.752,1.7914,41.459,9.4699,
2010-09-28,1.346,113.22,1.9558,N/A,24.618,7.4515,15.6466,0.84985,277.95,3.4528,0.7098,N/A,3.9761,N/A,4.2685,9.224,N/A,N/A,1.3272,N/A,7.967,7.2953,41.15,N/A,1.983,1.4012,2.3049,1.3897,9.0055,10.443,12054.77,N/A,60.785,1545,16.8842,4.157,1.8337,59.26,1.7778,41.162,9.4482,
2010-09-27,1.3477,113.52,1.9558,N/A,24.57,7.4503,15.6466,0.8504,276.69,3.4528,0.7096,N/A,3.9497,N/A,4.243,9.171,N/A,N/A,1.3257,N/A,7.9145,7.2928,41.2235,N/A,1.9876,1.4026,2.3019,1.3795,9.0192,10.4549,12058.01,N/A,60.673,1545.27,16.8463,4.1658,1.8344,59.158,1.7806,41.192,9.439,
2010-09-24,1.3412,113.2,1.9558,N/A,24.633,7.4505,15.6466,0.85345,278.75,3.4528,0.7095,N/A,3.9763,N/A,4.2418,9.207,N/A,N/A,1.3163,N/A,7.9475,7.294,41.374,N/A,1.99,1.4047,2.3026,1.3801,8.9966,10.4043,12010.22,N/A,60.698,1540.6,16.8626,4.1483,1.8351,58.853,1.7758,41.155,9.445,
2010-09-23,1.3323,112.49,1.9558,N/A,24.624,7.4496,15.6466,0.8505,280.85,3.4528,0.7093,N/A,3.9764,N/A,4.267,9.2054,N/A,N/A,1.3138,N/A,7.9195,7.289,41.3557,N/A,1.9861,1.4058,2.2971,1.3795,8.9369,10.3376,11940.92,N/A,60.7355,1537.65,16.8776,4.1241,1.8313,58.779,1.7704,40.922,9.435,
2010-09-22,1.3364,113.14,1.9558,N/A,24.578,7.4499,15.6466,0.8553,279.65,3.4528,0.7095,N/A,3.9415,N/A,4.259,9.1276,N/A,N/A,1.3217,N/A,7.8965,7.284,41.456,N/A,1.9849,1.3983,2.2798,1.3678,8.9644,10.3714,11956.81,N/A,60.933,1537.58,16.9589,4.1308,1.8122,58.611,1.7717,40.955,9.3793,
2010-09-21,1.312,112.05,1.9558,N/A,24.655,7.4489,15.6466,0.84545,279.88,3.4528,0.7093,N/A,3.945,N/A,4.2668,9.1459,N/A,N/A,1.3156,N/A,7.9295,7.284,40.7955,N/A,1.9595,1.3852,2.271,1.3536,8.8008,10.184,11760.82,N/A,59.916,1521.07,16.7411,4.0685,1.7985,57.613,1.7475,40.337,9.3273,
2010-09-20,1.3074,112.07,1.9558,N/A,24.675,7.4474,15.6466,0.8383,281.25,3.4528,0.7091,N/A,3.9483,N/A,4.264,9.178,N/A,N/A,1.316,N/A,7.954,7.2843,40.55,N/A,1.9562,1.3826,2.2406,1.3487,8.7783,10.1527,11737.59,N/A,59.765,1518.87,16.702,4.0569,1.7937,57.576,1.7434,40.203,9.33,
2010-09-17,1.306,111.98,1.9558,N/A,24.68,7.4468,15.6466,0.83575,282.82,3.4528,0.7087,N/A,3.9622,N/A,4.258,9.2295,N/A,N/A,1.321,N/A,7.965,7.2845,40.485,N/A,1.9606,1.3886,2.2419,1.341,8.7809,10.1425,11713.52,N/A,59.853,1515.9,16.7075,4.0512,1.794,57.7,1.7442,40.153,9.3307,
2010-09-16,1.3078,111.93,1.9558,N/A,24.616,7.4463,15.6466,0.8372,281.62,3.4528,0.7086,N/A,3.9403,N/A,4.2458,9.218,N/A,N/A,1.3225,N/A,7.9555,7.2829,40.5875,N/A,1.9549,1.3958,2.2513,1.3423,8.7947,10.1585,11719.23,N/A,60.303,1520.06,16.7258,4.063,1.8057,57.87,1.7474,40.274,9.3082,
2010-09-15,1.2989,111.04,1.9558,N/A,24.615,7.4471,15.6466,0.8355,281.82,3.4528,0.709,N/A,3.9357,N/A,4.2475,9.195,N/A,N/A,1.3019,N/A,7.897,7.282,40.1,N/A,1.9398,1.3863,2.2215,1.3335,8.7574,10.0888,11654.04,N/A,60.205,1506,16.6603,4.0493,1.7753,57.51,1.7375,40.071,9.2089,
2010-09-14,1.285,107.04,1.9558,N/A,24.563,7.4461,15.6466,0.8343,283.76,3.4528,0.7088,N/A,3.9439,N/A,4.2355,9.226,N/A,N/A,1.2911,N/A,7.878,7.283,39.557,N/A,1.9294,1.3758,2.2008,1.3199,8.669,9.981,11519.41,N/A,59.65,1495.24,16.5471,3.9935,1.7615,57.051,1.7195,39.591,9.1879,
2010-09-13,1.2801,107.69,1.9558,N/A,24.672,7.4466,15.6466,0.8312,283.76,3.4528,0.7088,N/A,3.9383,N/A,4.2608,9.184,N/A,N/A,1.2991,N/A,7.852,7.285,39.3325,N/A,1.9164,1.3732,2.1971,1.3185,8.6558,9.9432,11435.39,N/A,59.395,1486.28,16.4646,3.9709,1.749,56.512,1.7138,39.357,9.1491,
2010-09-10,1.2725,106.84,1.9558,N/A,24.681,7.4452,15.6466,0.8234,283.85,3.4528,0.7088,N/A,3.9338,N/A,4.274,9.2019,N/A,N/A,1.302,N/A,7.876,7.2843,39.282,N/A,1.9164,1.3739,2.1867,1.3118,8.6138,9.8844,11383.9,N/A,58.84,1484.75,16.4903,3.9538,1.7446,55.95,1.7054,39.165,9.1384,
2010-09-09,1.2715,106.46,1.9558,N/A,24.683,7.4461,15.6466,0.8258,285.76,3.4528,0.7088,N/A,3.938,N/A,4.282,9.2488,N/A,N/A,1.2859,N/A,7.8725,7.2863,39.2763,N/A,1.923,1.375,2.1914,1.3131,8.6248,9.8789,11390,N/A,59.0894,1484.64,16.5217,3.955,1.7516,56.095,1.706,39.24,9.1964,
2010-09-08,1.2697,106.41,1.9558,N/A,24.718,7.4457,15.6466,0.82205,288.95,3.4528,0.709,N/A,3.9518,N/A,4.2875,9.271,N/A,N/A,1.2837,N/A,7.881,7.2825,39.2301,N/A,1.9286,1.3845,2.1939,1.331,8.6267,9.8677,11419.08,N/A,59.2399,1489.21,16.5444,3.9489,1.7626,56.299,1.7075,39.405,9.2255,
2010-09-07,1.2744,106.86,1.9558,N/A,24.726,7.4449,15.6466,0.8316,286.45,3.4528,0.7092,N/A,3.9371,N/A,4.2919,9.3185,N/A,N/A,1.2903,N/A,7.891,7.282,39.2537,N/A,1.9267,1.3982,2.2011,1.3286,8.655,9.8992,11493.73,N/A,59.668,1500.26,16.6156,3.985,1.7663,56.789,1.7179,39.74,9.2722,
2010-09-06,1.2874,108.42,1.9558,N/A,24.703,7.4459,15.6466,0.83825,284.7,3.4528,0.7093,N/A,3.9333,N/A,4.2868,9.3013,N/A,N/A,1.307,N/A,7.88,7.3,39.4398,N/A,1.9345,1.4032,2.2352,1.332,8.7381,9.9997,11572.66,N/A,59.916,1506.83,16.6642,4.0097,1.7783,57.138,1.732,40.103,9.2912,
2010-09-03,1.2834,108.38,1.9558,N/A,24.698,7.4449,15.6466,0.8332,284.5,3.4528,0.7085,N/A,3.952,N/A,4.2795,9.3131,N/A,N/A,1.3043,N/A,7.889,7.285,39.382,N/A,1.933,1.4094,2.2124,1.3561,8.732,9.9745,11553.45,N/A,59.819,1508.06,16.7443,4.0035,1.79,57.29,1.7272,40.022,9.2645,
2010-09-02,1.2818,107.81,1.9558,N/A,24.71,7.4447,15.6466,0.83275,285.03,3.4528,0.7087,N/A,3.9767,N/A,4.2698,9.3185,N/A,N/A,1.2953,N/A,7.901,7.2815,39.388,N/A,1.9402,1.4099,2.234,1.3451,8.727,9.9619,11545.73,N/A,59.892,1513.56,16.753,4.006,1.7898,57.558,1.7262,39.947,9.309,
2010-09-01,1.28,107.54,1.9558,N/A,24.735,7.4446,15.6466,0.83105,286.3,3.4528,0.7091,N/A,3.9896,N/A,4.2648,9.349,N/A,N/A,1.2967,N/A,7.9425,7.2774,39.3572,N/A,1.9485,1.4141,2.2369,1.356,8.7187,9.9542,11511.57,N/A,59.923,1516.73,16.8128,4.0047,1.8112,57.74,1.7277,39.903,9.4195,
2010-08-31,1.268,107.07,1.9558,N/A,24.85,7.4448,15.6466,0.8248,287.68,3.4528,0.7093,N/A,4.0135,N/A,4.2568,9.389,N/A,N/A,1.2935,N/A,8.0245,7.2725,39.1038,N/A,1.9373,1.4304,2.2347,1.3489,8.6318,9.8653,11471.82,N/A,59.675,1520.05,16.782,3.9936,1.8187,57.456,1.7193,39.67,9.4044,
2010-08-30,1.27,107.54,1.9558,N/A,24.808,7.4468,15.6466,0.8165,283.49,3.4528,0.7087,N/A,3.9806,N/A,4.2344,9.3872,N/A,N/A,1.3055,N/A,7.965,7.274,39.0046,N/A,1.9297,1.4161,2.2241,1.3333,8.6398,9.8806,11452.86,N/A,59.582,1514.22,16.579,3.985,1.7903,57.282,1.719,39.719,9.2997,
2010-08-27,1.2713,107.74,1.9558,N/A,24.755,7.4481,15.6466,0.8206,284.68,3.4528,0.7088,N/A,3.9886,N/A,4.2435,9.3745,N/A,N/A,1.3004,N/A,7.9785,7.2786,39.07,N/A,1.9383,1.4322,2.238,1.3487,8.6426,9.8901,11501.8,N/A,59.618,1521.52,16.6474,3.9997,1.802,57.47,1.7255,39.84,9.3771,
2010-08-26,1.2693,107.15,1.9558,N/A,24.858,7.4469,15.6466,0.81745,283.63,3.4528,0.7085,N/A,3.9907,N/A,4.252,9.4297,N/A,N/A,1.3027,N/A,8.004,7.2755,39.089,N/A,1.9345,1.4318,2.234,1.3425,8.631,9.8722,11402.04,N/A,59.4652,1510.8,16.4679,3.988,1.806,57.33,1.7223,39.796,9.2917,
2010-08-25,1.2613,106.49,1.9558,N/A,24.92,7.4475,15.6466,0.8185,284.35,3.4528,0.7084,N/A,4.007,N/A,4.2405,9.471,N/A,N/A,1.2994,N/A,8.0165,7.277,39.029,N/A,1.9318,1.4349,2.2324,1.3449,8.5751,9.8098,11329.59,N/A,59.15,1509.33,16.45,3.965,1.8101,57.105,1.7169,39.715,9.3234,
2010-08-24,1.2611,106.19,1.9558,N/A,24.888,7.4487,15.6466,0.8193,285.4,3.4528,0.708,N/A,4.022,N/A,4.2418,9.4165,N/A,N/A,1.3156,N/A,7.941,7.2785,38.9655,N/A,1.9335,1.4301,2.2433,1.3409,8.5719,9.8066,11331.57,N/A,59.152,1502.99,16.383,3.9689,1.7982,57.411,1.7192,39.769,9.3401,
2010-08-23,1.2704,108.23,1.9558,N/A,24.805,7.4494,15.6466,0.8169,280.71,3.4528,0.7085,N/A,3.9904,N/A,4.2238,9.394,N/A,N/A,1.316,N/A,7.903,7.277,38.913,N/A,1.9336,1.4181,2.228,1.3292,8.6391,9.8768,11405.42,N/A,59.29,1501.61,16.1951,3.9753,1.7897,57.226,1.7218,39.986,9.306,
2010-08-20,1.2711,108.54,1.9558,N/A,24.803,7.4506,15.6466,0.8191,279.4,3.4528,0.7083,N/A,3.981,N/A,4.227,9.4761,N/A,N/A,1.3151,N/A,7.964,7.2873,38.9199,N/A,1.9282,1.4314,2.2386,1.3326,8.631,9.8823,11400.52,N/A,59.3,1504.63,16.218,3.9939,1.8076,57.288,1.7274,40.069,9.3524,
2010-08-19,1.2836,109.82,1.9558,N/A,24.793,7.4506,15.6466,0.82055,276.89,3.4528,0.7083,N/A,3.9283,N/A,4.226,9.4389,N/A,N/A,1.3331,N/A,7.8945,7.2908,39.0908,N/A,1.9275,1.4258,2.2519,1.318,8.7159,9.9748,11511.58,N/A,59.52,1505.11,16.1753,4.0107,1.8047,57.676,1.7343,40.504,9.3239,
2010-08-18,1.288,109.93,1.9558,N/A,24.816,7.4497,15.6466,0.8233,278.37,3.4528,0.7084,N/A,3.9414,N/A,4.2385,9.4453,N/A,N/A,1.3423,N/A,7.93,7.2735,39.1614,N/A,1.9285,1.4271,2.2554,1.3236,8.7477,10.0087,11547.73,N/A,59.88,1512.47,16.1869,4.0514,1.794,58.068,1.7369,40.72,9.3375,
2010-08-17,1.286,109.66,1.9558,N/A,24.805,7.4492,15.6466,0.823,279.5,3.4528,0.7085,N/A,3.9709,N/A,4.2383,9.433,N/A,N/A,1.3411,N/A,7.9065,7.2525,39.1144,N/A,1.9285,1.4251,2.2499,1.3341,8.7346,9.9919,11526.27,N/A,59.95,1512.72,16.226,4.0625,1.8122,58.055,1.7424,40.796,9.3355,
2010-08-16,1.282,109.49,1.9558,N/A,24.853,7.4498,15.6466,0.8211,280.2,3.4528,0.7085,N/A,3.9929,N/A,4.2313,9.4943,N/A,N/A,1.335,N/A,7.954,7.235,39.1325,N/A,1.9382,1.4379,2.2682,1.3366,8.7281,9.9642,11513.77,N/A,60.004,1521.95,16.297,4.0787,1.8235,58.272,1.7464,40.787,9.3551,
2010-08-13,1.2799,109.78,1.9558,N/A,24.885,7.4504,15.6466,0.8212,281.08,3.4528,0.7088,N/A,4.016,N/A,4.2303,9.5021,N/A,N/A,1.3488,N/A,7.926,7.2311,39.1183,N/A,1.9391,1.428,2.2694,1.3329,8.6978,9.9468,11492.1,N/A,59.84,1527.1,16.3059,4.0554,1.805,58.09,1.7435,40.81,9.342,
2010-08-12,1.279,109.5,1.9558,N/A,24.89,7.4507,15.6466,0.8206,282.43,3.4528,0.7084,N/A,4.0243,N/A,4.2375,9.478,N/A,N/A,1.3492,N/A,7.9645,7.2313,39.1906,N/A,1.9504,1.4321,2.2744,1.3398,8.6781,9.9344,11534.29,N/A,59.825,1523,16.3596,4.0736,1.806,58.15,1.7431,40.864,9.3832,
2010-08-11,1.3016,110.56,1.9558,N/A,24.82,7.4504,15.6466,0.8278,282.12,3.4528,0.7083,N/A,4.0055,N/A,4.238,9.479,N/A,N/A,1.3695,N/A,7.9665,7.22,39.3685,N/A,1.9688,1.4401,2.298,1.3504,8.8183,10.1076,11693.98,N/A,60.791,1538.89,16.536,4.1287,1.8074,58.856,1.7701,41.554,9.4753,
2010-08-10,1.3133,113.23,1.9558,N/A,24.775,7.4501,15.6466,0.8352,279.05,3.4528,0.7081,N/A,3.9841,N/A,4.2365,9.4029,N/A,N/A,1.3895,N/A,7.898,7.2205,39.4723,N/A,1.9696,1.4468,2.3077,1.3595,8.8937,10.196,11765.68,N/A,60.94,1534.88,16.664,4.1382,1.8288,58.987,1.7806,41.98,9.5455,
2010-08-09,1.3253,113.48,1.9558,N/A,24.768,7.4509,15.6466,0.8304,279.28,3.4528,0.7089,N/A,3.9814,N/A,4.2328,9.394,N/A,N/A,1.3771,N/A,7.8975,7.226,39.64,N/A,1.9772,1.4423,2.3261,1.3633,8.9684,10.2876,11838.69,N/A,61.129,1537.43,16.809,4.1654,1.817,59.544,1.7854,42.37,9.5601,
2010-08-06,1.3176,113.14,1.9558,N/A,24.755,7.4515,15.6466,0.8301,278.65,3.4528,0.7083,N/A,3.987,N/A,4.246,9.38,N/A,N/A,1.383,N/A,7.8775,7.2255,39.35,N/A,1.9734,1.4356,2.3123,1.3467,8.9179,10.2277,11783.16,N/A,60.82,1531.02,16.5854,4.1465,1.8031,59.151,1.7803,42.259,9.5765,
2010-08-05,1.3184,113.66,1.9558,N/A,24.75,7.4513,15.6466,0.8293,279.68,3.4528,0.7083,N/A,3.9831,N/A,4.2538,9.3823,N/A,N/A,1.382,N/A,7.8765,7.226,39.301,N/A,1.9791,1.4429,2.3091,1.3358,8.9281,10.236,11776.61,N/A,60.897,1537.94,16.4735,4.1628,1.8149,59.361,1.7829,42.314,9.5316,
2010-08-04,1.3206,112.92,1.9558,N/A,24.735,7.4513,15.6466,0.8284,281.89,3.4528,0.7086,N/A,4.0036,N/A,4.2562,9.3843,N/A,N/A,1.373,N/A,7.887,7.2317,39.3261,N/A,1.9819,1.4464,2.3218,1.3508,8.9434,10.2526,11828.98,N/A,60.965,1543.27,16.6274,4.1856,1.8025,59.742,1.786,42.455,9.6275,
2010-08-03,1.3221,113.51,1.9558,N/A,24.714,7.4501,15.6466,0.8298,281.81,3.4528,0.7084,N/A,3.9964,N/A,4.241,9.365,N/A,N/A,1.3712,N/A,7.8815,7.2332,39.384,N/A,1.9762,1.4509,2.318,1.3543,8.9546,10.2627,11815.96,N/A,61.035,1548.94,16.6452,4.1772,1.803,59.654,1.7861,42.529,9.6314,
2010-08-02,1.3073,113.27,1.9558,N/A,24.68,7.4507,15.6466,0.826,281.65,3.4528,0.7085,N/A,3.989,N/A,4.2448,9.357,N/A,N/A,1.366,N/A,7.8595,7.2367,39.4305,N/A,1.96,1.4348,2.2843,1.3372,8.8559,10.1499,11687.4,N/A,60.456,1532.8,16.4432,4.133,1.784,59.214,1.7704,42.115,9.5021,
2010-07-30,1.3028,112.62,1.9558,N/A,24.777,7.451,15.6466,0.8349,285.62,3.4528,0.7088,N/A,4.0085,N/A,4.2508,9.4333,N/A,N/A,1.3541,N/A,7.9405,7.2361,39.4173,N/A,1.9703,1.4466,2.2924,1.3454,8.8265,10.118,11647.09,N/A,60.45,1543.03,16.574,4.1442,1.8013,59.343,1.7733,42.048,9.5616,
2010-07-29,1.3069,113.64,1.9558,N/A,24.763,7.4501,15.6466,0.8367,283.81,3.4528,0.7093,N/A,4.004,N/A,4.2654,9.4705,N/A,N/A,1.366,N/A,7.9705,7.2447,39.4514,N/A,1.9768,1.45,2.3042,1.3504,8.8557,10.1498,11720.52,N/A,60.817,1550.64,16.5578,4.1703,1.7996,59.729,1.78,42.144,9.565,
2010-07-28,1.2992,114.01,1.9558,N/A,24.985,7.452,15.6466,0.83395,282.24,3.4528,0.7091,N/A,4.007,N/A,4.2545,9.4795,N/A,N/A,1.376,N/A,7.981,7.2447,39.297,N/A,1.9646,1.4518,2.2957,1.3391,8.806,10.0901,11694.93,N/A,60.751,1538.5,16.4628,4.1464,1.7801,59.526,1.774,41.906,9.5517,
2010-07-27,1.3033,113.79,1.9558,N/A,25.09,7.453,15.6466,0.8382,283.74,3.4528,0.7092,N/A,4.0045,N/A,4.2478,9.4615,N/A,N/A,1.3775,N/A,7.9995,7.247,39.355,N/A,1.9701,1.4402,2.2928,1.3382,8.8345,10.1214,11750.25,N/A,60.809,1539.82,16.4437,4.1504,1.7662,59.676,1.7731,41.966,9.518,
2010-07-26,1.2931,112.31,1.9558,N/A,25.125,7.4526,15.6466,0.83425,287.37,3.4528,0.7088,N/A,4.0353,N/A,4.2563,9.4862,N/A,N/A,1.3574,N/A,8.002,7.243,39.185,N/A,1.9652,1.4425,2.2881,1.3395,8.7666,10.0453,11679.47,N/A,60.847,1540.49,16.4516,4.1347,1.7756,59.667,1.766,41.657,9.532,
2010-07-23,1.2897,112.48,1.9558,N/A,25.18,7.452,15.6466,0.8372,287.17,3.4528,0.7091,N/A,4.07,N/A,4.2648,9.441,N/A,N/A,1.3488,N/A,7.966,7.245,39.143,N/A,1.9577,1.4427,2.2686,1.3386,8.7446,10.02,11668.2,N/A,60.532,1546.15,16.4346,4.1238,1.7741,59.715,1.7682,41.577,9.5756,
2010-07-22,1.285,111.57,1.9558,N/A,25.179,7.4519,15.6466,0.8428,283.25,3.4528,0.7089,N/A,4.0974,N/A,4.267,9.4495,N/A,N/A,1.3418,N/A,7.975,7.2485,39.1355,N/A,1.9591,1.4476,2.2765,1.3388,8.7123,9.9889,11634.64,N/A,60.57,1547.45,16.4462,4.1204,1.7835,59.756,1.7648,41.486,9.6863,
2010-07-21,1.2817,111.52,1.9558,N/A,25.346,7.4519,15.6466,0.83945,284.9,3.4528,0.7088,N/A,4.0986,N/A,4.261,9.4595,N/A,N/A,1.344,N/A,8.0135,7.238,39.0437,N/A,1.9586,1.4487,2.2691,1.3284,8.686,9.9646,11613.14,N/A,60.451,1543.65,16.3218,4.1225,1.7831,59.557,1.7607,41.387,9.6572,
2010-07-20,1.2844,111.5,1.9558,N/A,25.35,7.452,15.6466,0.84745,290.57,3.4528,0.7089,N/A,4.1354,N/A,4.277,9.5007,N/A,N/A,1.3537,N/A,8.129,7.2365,39.2795,N/A,1.9802,1.4718,2.3122,1.3583,8.7058,9.9873,11666.48,N/A,60.813,1550.03,16.6346,4.1261,1.8122,59.657,1.768,41.489,9.822,
2010-07-19,1.2957,112.84,1.9558,N/A,25.429,7.4529,15.6466,0.8483,289.18,3.4528,0.7088,N/A,4.1292,N/A,4.273,9.5312,N/A,N/A,1.364,N/A,8.142,7.2225,39.5095,N/A,1.9944,1.4943,2.3043,1.3667,8.7823,10.0762,11740.88,N/A,61.047,1575.38,16.7113,4.1786,1.8358,60.15,1.7861,41.832,9.8903,
2010-07-16,1.3,112.54,1.9558,N/A,25.428,7.4512,15.6466,0.84535,280.85,3.4528,0.7091,N/A,4.0914,N/A,4.2658,9.481,N/A,N/A,1.3543,N/A,8.053,7.2276,39.4907,N/A,1.9907,1.4812,2.2978,1.3586,8.8075,10.1061,11757.68,N/A,60.814,1563.65,16.6634,4.1672,1.8146,60.177,1.7893,41.893,9.8064,
2010-07-15,1.2828,113.11,1.9558,N/A,25.464,7.4503,15.6466,0.83565,278.93,3.4528,0.7089,N/A,4.0608,N/A,4.2585,9.4162,N/A,N/A,1.342,N/A,7.9265,7.2153,39.1644,N/A,1.9695,1.4504,2.2524,1.3201,8.6955,9.9669,11591.5,N/A,59.796,1543.14,16.2402,4.1075,1.7703,59.405,1.7625,41.377,9.701,
2010-07-14,1.2703,112.49,1.9558,N/A,25.47,7.4502,15.6466,0.8343,278.02,3.4528,0.7087,N/A,4.0662,N/A,4.2578,9.4118,N/A,N/A,1.3428,N/A,7.926,7.2142,38.849,N/A,1.9612,1.4405,2.2331,1.3157,8.6056,9.8744,11489.46,N/A,59.362,1527.61,16.1416,4.0618,1.7697,58.756,1.7478,41.05,9.596,
2010-07-13,1.2569,110.95,1.9558,N/A,25.344,7.4555,15.6466,0.8318,277.8,3.4528,0.7087,N/A,4.0748,N/A,4.2615,9.4033,N/A,N/A,1.3337,N/A,7.957,7.198,38.691,N/A,1.9564,1.4336,2.2099,1.2978,8.5117,9.7715,11382.54,N/A,58.766,1524.23,16.0698,4.0252,1.7641,58.376,1.7357,40.683,9.5199,
2010-07-12,1.2572,111.35,1.9558,N/A,25.325,7.4552,15.6466,0.8363,278.91,3.4528,0.7087,N/A,4.077,N/A,4.246,9.456,N/A,N/A,1.3349,N/A,8.016,7.2158,38.7665,N/A,1.9582,1.4398,2.2142,1.2986,8.5126,9.7748,11382.66,N/A,58.8505,1512.74,16.0557,4.0281,1.7727,58.178,1.738,40.702,9.5799,
2010-07-09,1.2637,111.85,1.9558,N/A,25.36,7.4553,15.6466,0.836,280.24,3.4528,0.7088,N/A,4.0699,N/A,4.2373,9.4767,N/A,N/A,1.3331,N/A,8.042,7.2056,39.0275,N/A,1.9628,1.4452,2.2266,1.3072,8.5597,9.8283,11429.32,N/A,58.971,1513.12,16.1465,4.0382,1.7854,58.359,1.7449,40.868,9.5681,
2010-07-08,1.266,111.49,1.9558,N/A,25.448,7.4543,15.6466,0.8356,281.27,3.4528,0.7092,N/A,4.079,N/A,4.2273,9.5474,N/A,N/A,1.3321,N/A,8.066,7.189,39.14,N/A,1.963,1.4471,2.2297,1.3213,8.5785,9.8599,11474.25,N/A,59.328,1530.78,16.2652,4.0544,1.7893,58.775,1.7491,41.056,9.5877,
2010-07-07,1.2567,109.56,1.9558,N/A,25.548,7.4532,15.6466,0.8319,284.47,3.4528,0.7095,N/A,4.122,N/A,4.2318,9.616,N/A,N/A,1.3312,N/A,8.101,7.1913,39.1503,N/A,1.9632,1.4821,2.2422,1.3311,8.5169,9.7913,11408.78,N/A,59.129,1536.73,16.3773,4.0459,1.816,58.512,1.748,40.818,9.6505,
2010-07-06,1.2579,110.46,1.9558,N/A,25.485,7.4534,15.6466,0.8295,284.85,3.4528,0.7091,N/A,4.1009,N/A,4.2361,9.625,N/A,N/A,1.3373,N/A,8.0685,7.1939,39.1015,N/A,1.9589,1.4788,2.2215,1.3339,8.5287,9.7979,11405.1,N/A,58.9,1537.75,16.3433,4.0322,1.8112,58.363,1.7478,40.787,9.6285,
2010-07-05,1.2531,109.93,1.9558,N/A,25.586,7.4513,15.6466,0.8275,286.2,3.4528,0.7093,N/A,4.1268,N/A,4.2527,9.5995,N/A,N/A,1.3325,N/A,8.059,7.1929,39.0387,N/A,1.962,1.4916,2.2175,1.3343,8.4908,9.7606,11356.67,N/A,58.614,1533.02,16.4492,4.0206,1.8181,58.213,1.7464,40.638,9.6969,
2010-07-02,1.2548,109.88,1.9558,N/A,25.753,7.4497,15.6466,0.8252,285.7,3.4528,0.7097,N/A,4.1545,N/A,4.3013,9.552,N/A,N/A,1.3376,N/A,8.063,7.1935,39.0801,N/A,1.9742,1.4864,2.2377,1.334,8.4964,9.7794,11374.57,N/A,58.72,1542.11,16.3877,4.0467,1.8056,58.385,1.7484,40.671,9.694,
2010-07-01,1.2328,108.14,1.9558,N/A,25.77,7.4487,15.6466,0.82215,287.45,3.4528,0.7093,N/A,4.177,N/A,4.3442,9.6018,N/A,N/A,1.3178,N/A,8.045,7.1925,38.581,N/A,1.9552,1.4753,2.2337,1.3124,8.3596,9.6059,11160.96,N/A,57.482,1514.71,15.9586,3.9869,1.8062,57.301,1.7225,39.967,9.5845,
2010-06-30,1.2271,108.79,1.9558,N/A,25.691,7.4488,15.6466,0.81745,286,3.4528,0.7093,N/A,4.147,N/A,4.37,9.5259,N/A,N/A,1.3283,N/A,7.9725,7.198,38.282,N/A,1.94,1.4403,2.2082,1.289,8.3215,9.5549,11121.85,N/A,56.993,1499.59,15.7363,3.973,1.7761,56.873,1.716,39.767,9.3808,
2010-06-29,1.2198,108.31,1.9558,N/A,25.753,7.4486,15.6466,0.8104,286.76,3.4528,0.7093,N/A,4.1603,N/A,4.3738,9.5241,N/A,N/A,1.3258,N/A,7.9085,7.1973,38.13,N/A,1.9303,1.425,2.1946,1.2812,8.2918,9.4958,11052.67,N/A,56.702,1484.96,15.6591,3.9692,1.7579,56.609,1.7075,39.564,9.318,
2010-06-28,1.2339,110.25,1.9558,N/A,25.745,7.4443,15.6466,0.82,285.02,3.4528,0.7088,N/A,4.1322,N/A,4.3405,9.5584,N/A,N/A,1.3387,N/A,7.937,7.195,38.2615,N/A,1.9403,1.4119,2.1928,1.2757,8.3864,9.6031,11142.6,N/A,57.012,1482.97,15.6027,3.9744,1.7407,57.24,1.7119,39.941,9.3356,
2010-06-25,1.2294,109.99,1.9558,N/A,25.795,7.4434,15.6466,0.8236,285,3.4528,0.7085,N/A,4.1235,N/A,4.286,9.561,N/A,N/A,1.3533,N/A,7.9885,7.1993,38.31,N/A,1.944,1.4219,2.1879,1.2799,8.3476,9.5631,11152.12,N/A,56.903,1494.35,15.6183,3.9943,1.7422,57.11,1.7113,39.839,9.3975,
2010-06-24,1.2262,109.59,1.9558,N/A,25.773,7.4427,15.6466,0.8185,283.78,3.4528,0.7085,N/A,4.1207,N/A,4.2375,9.5741,N/A,N/A,1.3555,N/A,7.978,7.2015,38.235,N/A,1.9435,1.4179,2.2055,1.281,8.3378,9.5388,11111.19,N/A,57,1465,15.5899,3.9674,1.7425,56.843,1.7086,39.759,9.3768,
2010-06-23,1.2271,110.76,1.9558,N/A,25.725,7.4438,15.6466,0.8229,280.38,3.4528,0.7084,N/A,4.0662,N/A,4.2235,9.512,N/A,N/A,1.3611,N/A,7.929,7.195,38.0524,N/A,1.9239,1.4062,2.1975,1.268,8.3595,9.5445,11109.73,N/A,56.674,1457.85,15.4432,3.9709,1.7276,56.506,1.7064,39.73,9.2776,
2010-06-22,1.2258,111.09,1.9558,N/A,25.788,7.4419,15.6466,0.834,280.43,3.4528,0.7084,N/A,4.0601,N/A,4.2315,9.558,N/A,N/A,1.3622,N/A,7.933,7.201,38.0075,N/A,1.9165,1.4012,2.1749,1.2533,8.3521,9.5379,11061.54,N/A,56.744,1449.75,15.396,3.9403,1.7364,55.998,1.6945,39.63,9.2792,
2010-06-21,1.2391,113.1,1.9558,N/A,25.76,7.4402,15.6466,0.8341,278.03,3.4528,0.7083,N/A,4.038,N/A,4.2315,9.5178,N/A,N/A,1.3738,N/A,7.8575,7.201,38.1375,N/A,1.9233,1.4032,2.1772,1.2601,8.4229,9.6296,11163.58,N/A,56.69,1454.28,15.45,3.9484,1.7349,56.35,1.7044,40.011,9.2406,
2010-06-18,1.2372,112.12,1.9558,N/A,25.733,7.4398,15.6466,0.8357,280.05,3.4528,0.7076,N/A,4.0675,N/A,4.24,9.5599,N/A,N/A,1.3745,N/A,7.8615,7.201,38.384,N/A,1.929,1.4249,2.2,1.2723,8.4454,9.6309,11328.86,N/A,57.122,1490.51,15.5454,4.0221,1.7588,56.783,1.717,40.091,9.3263,
2010-06-17,1.2363,112.89,1.9558,N/A,25.731,7.4387,15.6466,0.8349,279.21,3.4528,0.7076,N/A,4.0756,N/A,4.2355,9.574,N/A,N/A,1.3778,N/A,7.8705,7.205,38.214,N/A,1.9308,1.4281,2.2002,1.2668,8.4428,9.6299,11281.05,N/A,57.247,1499.72,15.5187,4.0235,1.7627,57.102,1.7205,40.062,9.3646,
2010-06-16,1.2277,112.15,1.9558,N/A,25.741,7.4382,15.6466,0.83085,281.07,3.4528,0.7073,N/A,4.0925,N/A,4.236,9.6014,N/A,N/A,1.3888,N/A,7.878,7.213,38.35,N/A,1.9291,1.4261,2.2048,1.2631,8.388,9.5658,11254.79,N/A,57.162,1487.22,15.5151,4.0048,1.7651,56.76,1.7141,39.796,9.3836,
2010-06-15,1.2258,111.77,1.9558,N/A,25.663,7.4377,15.6466,0.832,280.1,3.4528,0.7076,N/A,4.0734,N/A,4.2358,9.6215,N/A,N/A,1.3998,N/A,7.8515,7.213,38.48,N/A,1.9316,1.4301,2.2132,1.2629,8.376,9.55,11263.11,N/A,57.031,1505.77,15.5142,4.0036,1.7668,57.053,1.711,39.708,9.4245,
2010-06-14,1.2249,112.43,1.9558,N/A,25.681,7.4375,15.6466,0.8308,279,3.4528,0.7076,N/A,4.077,N/A,4.2275,9.567,N/A,N/A,1.391,N/A,7.8175,7.2215,38.431,N/A,1.9241,1.4219,2.1991,1.2583,8.3689,9.545,11142.46,N/A,56.952,1496.98,15.4013,3.984,1.7588,56.881,1.7095,39.693,9.3566,
2010-06-11,1.2127,111.13,1.9558,N/A,25.695,7.4391,15.6466,0.8293,279.6,3.4528,0.7076,N/A,4.089,N/A,4.2193,9.581,N/A,N/A,1.3893,N/A,7.835,7.2323,38.091,N/A,1.915,1.4301,2.1836,1.2501,8.2855,9.4514,11138.19,N/A,56.809,1510.99,15.3922,3.9819,1.7621,56.556,1.6999,39.37,9.361,
2010-06-10,1.2045,109.84,1.9558,N/A,25.965,7.439,15.6466,0.8252,282.04,3.4528,0.7077,N/A,4.1218,N/A,4.2203,9.5775,N/A,N/A,1.3788,N/A,7.865,7.2335,38.0912,N/A,1.9224,1.431,2.2081,1.2486,8.2277,9.3875,11128.38,N/A,56.503,1506.33,15.4266,3.9732,1.7686,56.241,1.6992,39.17,9.3345,
2010-06-09,1.201,109.99,1.9558,N/A,25.892,7.4388,15.6466,0.8259,281.8,3.4528,0.7075,N/A,4.1124,N/A,4.2157,9.6177,N/A,N/A,1.3762,N/A,7.9535,7.242,38.0615,N/A,1.9184,1.4476,2.2164,1.2529,8.2005,9.3681,11111.88,N/A,56.4723,1499.14,15.4208,3.9855,1.7951,55.947,1.6967,39.129,9.2893,
2010-06-08,1.1942,109.32,1.9558,N/A,25.92,7.4382,15.6466,0.82805,282.2,3.4528,0.7075,N/A,4.133,N/A,4.2165,9.6597,N/A,N/A,1.3793,N/A,7.982,7.245,38.007,N/A,1.914,1.4579,2.2272,1.2576,8.1558,9.3202,11119.4,N/A,56.065,1473.15,15.4171,3.9737,1.8039,55.725,1.6912,38.952,9.2825,
2010-06-07,1.1959,109.86,1.9558,N/A,25.898,7.4377,15.6466,0.8246,285.7,3.4528,0.7083,N/A,4.1503,N/A,4.2359,9.6449,N/A,N/A,1.3911,N/A,7.937,7.2553,37.969,N/A,1.911,1.4607,2.2232,1.2672,8.1706,9.3325,11126.46,N/A,56.321,1477.54,15.4749,3.9853,1.7917,56.01,1.6945,39.046,9.3031,
2010-06-04,1.206,111.73,1.9558,N/A,26.055,7.4398,15.6466,0.82745,288.8,3.4528,0.7084,N/A,4.195,N/A,4.2135,9.5495,N/A,N/A,1.3951,N/A,7.851,7.2633,37.745,N/A,1.9228,1.4364,2.2087,1.2595,8.2355,9.3984,11075.21,N/A,56.501,1449.55,15.4645,3.9503,1.7737,55.84,1.6995,39.328,9.3395,
2010-06-03,1.2268,113.74,1.9558,N/A,25.75,7.4413,15.6466,0.8357,275.2,3.4528,0.7085,N/A,4.0705,N/A,4.19,9.521,N/A,N/A,1.4149,N/A,7.866,7.262,37.9828,N/A,1.9317,1.4469,2.2262,1.2734,8.3768,9.5586,11276.7,N/A,57.255,1469.46,15.6245,4.0061,1.7896,56.846,1.7223,39.969,9.3434,
2010-06-02,1.2218,112.36,1.9558,N/A,25.779,7.4403,15.6466,0.83345,275.88,3.4528,0.709,N/A,4.1008,N/A,4.1873,9.5668,N/A,N/A,1.4148,N/A,7.922,7.262,38.063,N/A,1.9317,1.4641,2.2491,1.2848,8.3448,9.5217,11314.93,N/A,57.406,1497.5,15.7618,4.0234,1.8058,57.089,1.723,39.818,9.3686,
2010-06-01,1.2155,110.65,1.9558,N/A,25.628,7.4393,15.6466,0.8347,276.62,3.4528,0.7093,N/A,4.114,N/A,4.1868,9.6163,N/A,N/A,1.4183,N/A,7.942,7.259,38.029,N/A,1.9288,1.4595,2.2262,1.2766,8.3021,9.472,11249.9,N/A,57.317,1478.29,15.7893,4.0203,1.8056,56.709,1.7193,39.607,9.3929,
2010-05-31,1.2307,112.62,1.9558,N/A,25.505,7.4395,15.6466,0.84863,275.53,3.4528,0.709,N/A,4.0791,N/A,4.1855,9.623,N/A,N/A,1.423,N/A,7.939,7.2635,38.034,N/A,1.936,1.4576,2.2343,1.2894,8.4031,9.5905,11276.14,N/A,57.055,1479.42,15.8822,4.0139,1.812,56.918,1.7225,40.07,9.4552,
2010-05-28,1.2384,113.06,1.9558,N/A,25.78,7.4411,15.6466,0.84995,273.93,3.4528,0.708,N/A,4.0615,N/A,4.1646,9.658,N/A,N/A,1.4258,N/A,7.9615,7.2665,37.92,N/A,1.9299,1.4534,2.2492,1.2954,8.4599,9.647,11387.55,N/A,57.4347,1479.69,15.8205,4.0781,1.8165,57.118,1.7312,40.328,9.4046,
2010-05-27,1.2255,110.79,1.9558,N/A,25.629,7.4396,15.6466,0.84625,276.86,3.4528,0.7079,N/A,4.0848,N/A,4.1465,9.666,N/A,N/A,1.4164,N/A,7.986,7.2654,37.795,N/A,1.9255,1.462,2.2556,1.2919,8.372,9.5437,11356.57,N/A,57.427,1500.26,15.8347,4.0374,1.8252,56.951,1.7219,39.908,9.4074,
2010-05-26,1.2309,111.35,1.9558,N/A,25.55,7.4403,15.6466,0.8547,277.44,3.4528,0.7082,N/A,4.109,N/A,4.1711,9.699,N/A,N/A,1.4206,N/A,7.9775,7.2715,38.2885,N/A,1.9406,1.478,2.26,1.309,8.4059,9.5982,11397.23,N/A,58.215,1512,15.9235,4.0823,1.8321,57.496,1.7309,40.053,9.5125,
2010-05-25,1.2223,109.53,1.9558,N/A,25.647,7.4404,15.6466,0.85205,280.38,3.4528,0.7074,N/A,4.1642,N/A,4.1839,9.8275,N/A,N/A,1.4244,N/A,8.127,7.2733,38.505,N/A,1.9464,1.5047,2.3236,1.3204,8.3495,9.537,11428.04,N/A,58.32,1529.06,16.2297,4.1124,1.8474,57.591,1.7345,39.75,9.7373,
2010-05-24,1.236,111.63,1.9558,N/A,25.664,7.4421,15.6466,0.8608,278.34,3.4528,0.7074,N/A,4.115,N/A,4.182,9.796,N/A,N/A,1.4339,N/A,8.0848,7.2715,38.45,N/A,1.9488,1.4928,2.3026,1.3095,8.44,9.6421,11446.75,N/A,58.073,1500.79,16.0745,4.1029,1.8429,57.547,1.7408,40.112,9.7392,
2010-05-21,1.2497,112.08,1.9558,N/A,25.917,7.4426,15.6466,0.87035,281.33,3.4528,0.7074,N/A,4.153,N/A,4.195,9.831,N/A,N/A,1.4408,N/A,8.143,7.2705,39.0459,N/A,1.9836,1.5135,2.3473,1.3407,8.5326,9.7547,11578.94,N/A,58.667,1513.79,16.3787,4.1503,1.8655,58.111,1.76,40.534,9.9204,
2010-05-20,1.2334,111.93,1.9558,N/A,25.913,7.4422,15.6466,0.8644,283,3.4528,0.7074,N/A,4.188,N/A,4.2031,9.7388,N/A,N/A,1.4179,N/A,8.045,7.268,38.559,N/A,1.9625,1.492,2.3067,1.312,8.4215,9.6233,11297.49,N/A,57.754,1473.34,16.1134,4.04,1.8412,56.72,1.7389,39.931,9.8041,
2010-05-19,1.227,112.49,1.9558,N/A,25.727,7.4406,15.6466,0.85805,279.5,3.4528,0.7074,N/A,4.083,N/A,4.1965,9.6075,N/A,N/A,1.4043,N/A,7.802,7.263,37.78,N/A,1.9418,1.4476,2.248,1.2837,8.3772,9.5725,11279.05,N/A,56.878,1429.76,15.7547,3.9908,1.8111,56.152,1.7137,39.7,9.5695,
2010-05-18,1.2428,115.32,1.9558,N/A,25.458,7.4404,15.6466,0.85895,277.38,3.4528,0.7074,N/A,3.999,N/A,4.195,9.5545,N/A,N/A,1.4028,N/A,7.728,7.255,37.603,N/A,1.908,1.4178,2.225,1.276,8.4851,9.6877,11347.23,N/A,56.665,1424.93,15.5704,3.9931,1.7707,56.224,1.7227,40.186,9.3731,
2010-05-17,1.2349,114.17,1.9558,N/A,25.56,7.4405,15.6466,0.8554,277.82,3.4528,0.7074,N/A,4.0195,N/A,4.1926,9.6035,N/A,N/A,1.4014,N/A,7.722,7.253,37.626,N/A,1.9039,1.4043,2.2313,1.2792,8.4315,9.6324,11273.27,N/A,56.336,1424.88,15.6557,3.9856,1.7619,55.814,1.7162,40.055,9.3232,
2010-05-14,1.2492,115.55,1.9558,N/A,25.465,7.4391,15.6466,0.8571,276.13,3.4528,0.7075,N/A,3.9858,N/A,4.1845,9.5745,N/A,N/A,1.402,N/A,7.726,7.255,37.7325,N/A,1.9143,1.4015,2.229,1.2832,8.528,9.7224,11403.86,N/A,56.483,1412.85,15.578,3.9881,1.7572,55.924,1.7273,40.455,9.4055,
2010-05-13,1.2587,116.99,1.9558,N/A,25.416,7.4388,15.6466,0.853,272.45,3.4528,0.7075,N/A,3.9538,N/A,4.1805,9.5306,N/A,N/A,1.4011,N/A,7.7475,7.2536,37.72,N/A,1.911,1.4006,2.2256,1.278,8.5943,9.795,11459.1,N/A,56.7315,1419.83,15.5324,4.0134,1.754,56.389,1.7379,40.687,9.4324,
2010-05-12,1.2686,118.06,1.9558,N/A,25.39,7.4418,15.6466,0.8494,273.76,3.4528,0.7082,N/A,3.9707,N/A,4.174,9.5781,N/A,N/A,1.4062,N/A,7.7865,7.263,38.0277,N/A,1.9352,1.4143,2.2589,1.289,8.6611,9.871,11575.72,N/A,57.239,1450.91,15.7655,4.069,1.7648,57.14,1.7505,40.976,9.4748,
2010-05-11,1.2698,117.38,1.9558,N/A,25.59,7.4425,15.6466,0.8596,276.1,3.4528,0.7076,N/A,4.0499,N/A,4.1798,9.6563,N/A,N/A,1.4095,N/A,7.841,7.2618,38.384,N/A,1.9521,1.42,2.2687,1.3031,8.6715,9.8808,11548.38,N/A,57.497,1443.55,15.9449,4.0792,1.7725,57.15,1.7607,41.072,9.6145,
2010-05-10,1.2969,120.97,1.9558,N/A,25.603,7.4419,15.6466,0.86405,273.2,3.4528,0.7074,N/A,4.028,N/A,4.1683,9.6861,N/A,N/A,1.4248,N/A,7.8685,7.2695,38.8691,N/A,1.969,1.4311,2.3113,1.3249,8.8533,10.0886,11772.16,N/A,58.166,1468.17,16.208,4.1507,1.7848,58.84,1.7885,41.877,9.6821,
2010-05-07,1.2746,117.84,1.9558,N/A,25.976,7.4435,15.6466,0.86805,281.6,3.4528,0.7072,N/A,4.1483,N/A,4.188,9.7633,N/A,N/A,1.4144,N/A,7.954,7.266,38.898,N/A,1.9923,1.4345,2.3477,1.3229,8.7,9.916,11757.5,N/A,57.969,1472.54,16.4689,4.1737,1.7867,58.063,1.7777,41.211,9.8233,
2010-05-06,1.2727,119.34,1.9558,N/A,25.968,7.443,15.6466,0.84295,279.42,3.4528,0.7072,N/A,4.0923,N/A,4.1805,9.712,N/A,N/A,1.4132,N/A,7.7855,7.2576,38.615,N/A,1.9566,1.4075,2.2912,1.3142,8.6882,9.8908,11688.58,N/A,57.672,1452.7,16.2397,4.1458,1.7544,57.769,1.7715,41.178,9.7158,
2010-05-05,1.2924,122.66,1.9558,N/A,25.878,7.4427,15.6466,0.8551,276.83,3.4528,0.7067,N/A,4.032,N/A,4.1713,9.6419,N/A,N/A,1.4325,N/A,7.8165,7.2545,38.511,N/A,1.9606,1.425,2.2866,1.328,8.8223,10.0374,11819.16,N/A,58.08,1453.21,16.2789,4.1751,1.8014,58.178,1.7904,41.79,9.8233,
2010-05-04,1.3089,123.66,1.9558,N/A,25.71,7.4428,15.6466,0.86325,273.4,3.4528,0.7071,N/A,3.9585,N/A,4.142,9.5896,N/A,N/A,1.4325,N/A,7.8235,7.259,38.54,N/A,1.9704,1.4293,2.2792,1.3329,8.9352,10.1624,11814.18,N/A,58.397,1459.71,16.1756,4.2048,1.8045,58.437,1.8012,42.232,9.8402,
2010-05-03,1.3238,124.95,1.9558,N/A,25.57,7.4425,15.6466,0.868,268.03,3.4528,0.7071,N/A,3.916,N/A,4.127,9.6095,N/A,N/A,1.4328,N/A,7.8395,7.2613,38.78,N/A,1.9749,1.4289,2.2936,1.3422,9.0352,10.2767,11950.29,N/A,58.89,1480.71,16.2669,4.2487,1.814,59.084,1.8166,42.88,9.787,
2010-04-30,1.3315,125.81,1.9558,N/A,25.527,7.4425,15.6466,0.8703,266.82,3.4528,0.7074,N/A,3.9163,N/A,4.13,9.6217,N/A,N/A,1.4341,N/A,7.8445,7.253,38.839,N/A,1.9757,1.4292,2.2959,1.3379,9.0878,10.3367,11996.54,N/A,59.065,1475.46,16.246,4.2402,1.8254,59.188,1.8217,43.081,9.7628,
2010-04-29,1.3256,124.76,1.9558,N/A,25.54,7.4421,15.6466,0.86785,268.28,3.4528,0.7081,N/A,3.9153,N/A,4.137,9.6267,N/A,N/A,1.4348,N/A,7.843,7.246,38.7577,N/A,1.9673,1.4272,2.3044,1.3292,9.0484,10.2936,11948.32,N/A,59.009,1477.79,16.2651,4.232,1.8339,59.186,1.8145,42.797,9.7596,
2010-04-28,1.3245,124.48,1.9558,N/A,25.57,7.4423,15.6466,0.8708,269.9,3.4528,0.708,N/A,3.9315,N/A,4.137,9.6258,N/A,N/A,1.4341,N/A,7.875,7.251,38.8205,N/A,1.986,1.4343,2.3308,1.3402,9.0401,10.2883,11979.43,N/A,59.132,1481.87,16.3284,4.2616,1.8475,59.338,1.8198,42.841,9.8907,
2010-04-27,1.329,124.7,1.9558,N/A,25.514,7.4422,15.6466,0.86705,266.75,3.4528,0.708,N/A,3.9166,N/A,4.128,9.577,N/A,N/A,1.4353,N/A,7.844,7.2508,38.79,N/A,1.9779,1.4395,2.3278,1.334,9.0715,10.3178,11970.34,N/A,59.067,1475.19,16.2064,4.2362,1.8454,59.038,1.8205,42.854,9.8276,
2010-04-26,1.3321,125.46,1.9558,N/A,25.43,7.442,15.6466,0.8624,263.42,3.4528,0.7077,N/A,3.8788,N/A,4.1178,9.568,N/A,N/A,1.4341,N/A,7.8505,7.2575,38.77,N/A,1.9667,1.4336,2.3254,1.331,9.0937,10.3421,12000.7,N/A,59.139,1470.83,16.173,4.2407,1.8417,58.918,1.822,42.94,9.8016,
2010-04-23,1.3311,125.11,1.9558,N/A,25.405,7.4422,15.6466,0.8673,264.45,3.4528,0.7077,N/A,3.8823,N/A,4.124,9.591,N/A,N/A,1.4355,N/A,7.8765,7.2588,38.8592,N/A,1.9763,1.4464,2.3447,1.3337,9.0881,10.3327,11993.66,N/A,59.217,1475.95,16.2215,4.2439,1.8702,59.006,1.826,42.881,9.944,
2010-04-22,1.3339,124.03,1.9558,N/A,25.365,7.442,15.6466,0.86675,264.5,3.4528,0.7075,N/A,3.8795,N/A,4.1416,9.6152,N/A,N/A,1.4325,N/A,7.8995,7.26,38.9285,N/A,1.982,1.439,2.3441,1.3341,9.1056,10.3535,12024.89,N/A,59.368,1478.28,16.2904,4.2671,1.8759,59.154,1.8311,42.958,9.971,
2010-04-21,1.3373,124.65,1.9558,N/A,25.286,7.4421,15.6466,0.869,264.13,3.4528,0.7077,N/A,3.8713,N/A,4.137,9.5954,N/A,N/A,1.4329,N/A,7.8955,7.2571,38.9845,N/A,1.9852,1.4387,2.3426,1.3335,9.1304,10.3814,12049.52,N/A,59.583,1481.31,16.3311,4.274,1.8811,59.338,1.8366,43.061,9.9128,
2010-04-20,1.3486,125.32,1.9558,N/A,25.309,7.4423,15.6466,0.8765,264.93,3.4528,0.7074,N/A,3.8861,N/A,4.147,9.645,N/A,N/A,1.4334,N/A,7.9475,7.2542,39.2535,N/A,2.0064,1.4478,2.3576,1.3665,9.2047,10.4688,12141.23,N/A,60.006,1507.69,16.4647,4.3209,1.8961,60.094,1.8551,43.374,10.0235,
2010-04-19,1.3432,123.5,1.9558,N/A,25.25,7.4427,15.6466,0.8805,265.38,3.4528,0.708,N/A,3.9031,N/A,4.1578,9.698,N/A,N/A,1.4345,N/A,7.983,7.261,39.2675,N/A,2.0093,1.4625,2.3738,1.368,9.1698,10.427,12155.27,N/A,60.088,1501.86,16.549,4.3224,1.8965,59.941,1.8554,43.379,10.0317,
2010-04-16,1.3535,125.3,1.9558,N/A,25.178,7.4424,15.6466,0.8771,263.45,3.4528,0.7081,N/A,3.8743,N/A,4.1463,9.687,N/A,N/A,1.4338,N/A,7.955,7.2605,39.295,N/A,1.9968,1.4519,2.367,1.3567,9.2383,10.5062,12194.89,N/A,59.98,1502.86,16.4924,4.3177,1.8973,60.07,1.8568,43.644,9.9699,
2010-04-15,1.3544,126.18,1.9558,N/A,25.085,7.4428,15.6466,0.87735,263.3,3.4528,0.7082,N/A,3.8583,N/A,4.1411,9.7069,N/A,N/A,1.4343,N/A,7.952,7.259,39.33,N/A,2.004,1.4513,2.3741,1.3536,9.2451,10.5119,12200.43,N/A,60.192,1500.18,16.5712,4.3192,1.8972,60.072,1.8612,43.679,9.9854,
2010-04-14,1.3615,127.42,1.9558,N/A,25.048,7.4431,15.6466,0.8814,262.65,3.4528,0.7082,N/A,3.8549,N/A,4.144,9.7327,N/A,N/A,1.4368,N/A,7.9955,7.257,39.4845,N/A,2.0162,1.4583,2.3744,1.3571,9.2932,10.5665,12257.63,N/A,60.219,1514.11,16.54,4.3575,1.9089,60.615,1.8734,43.922,9.9682,
2010-04-13,1.3583,126.34,1.9558,N/A,25.155,7.4435,15.6466,0.8812,264.58,3.4528,0.7066,N/A,3.8828,N/A,4.139,9.7575,N/A,N/A,1.437,N/A,7.994,7.259,39.5025,N/A,2.0217,1.4646,2.3845,1.363,9.2712,10.5414,12269.52,N/A,60.51,1526.88,16.559,4.3775,1.906,60.686,1.8916,43.948,9.8983,
2010-04-12,1.3585,126.99,1.9558,N/A,25.165,7.443,15.6466,0.8825,265.21,3.4528,0.7065,N/A,3.8665,N/A,4.128,9.746,N/A,N/A,1.4393,N/A,8.0085,7.2695,39.3946,N/A,2.0198,1.4635,2.3971,1.3688,9.2727,10.5396,12247.8,N/A,60.301,1513.58,16.5968,4.356,1.9073,60.776,1.8898,43.969,9.8311,
2010-04-09,1.3384,125.34,1.9558,N/A,25.232,7.443,15.6466,0.872,267.7,3.4528,0.7064,N/A,3.877,N/A,4.1423,9.6941,N/A,N/A,1.4364,N/A,7.9365,7.2618,39.2025,N/A,1.9969,1.4378,2.3752,1.3466,9.1331,10.3839,12091.56,N/A,59.271,1496.5,16.3178,4.2695,1.8798,59.785,1.8627,43.15,9.7415,
2010-04-08,1.3296,123.76,1.9559,N/A,25.19,7.4438,15.6466,0.875,268.9,3.4528,0.7068,N/A,3.8498,N/A,4.1185,9.6785,N/A,N/A,1.4324,N/A,7.9505,7.265,39.1742,N/A,2.0008,1.4394,2.3752,1.3407,9.0739,10.3181,12060.75,N/A,59.1295,1493.53,16.3839,4.258,1.8935,59.764,1.8561,42.916,9.7625,
2010-04-07,1.334,125.04,1.9558,N/A,25.24,7.4435,15.6466,0.87885,266.2,3.4528,0.707,N/A,3.8385,N/A,4.0943,9.6755,N/A,N/A,1.4321,N/A,7.965,7.271,39.1435,N/A,2.0039,1.441,2.3446,1.3363,9.1054,10.3568,12075.67,N/A,59.376,1495.12,16.3415,4.2841,1.8915,59.766,1.8619,43.208,9.6985,
2010-04-06,1.3396,126.04,1.9558,N/A,25.295,7.4441,15.6466,0.8824,265.28,3.4528,0.7076,N/A,3.8349,N/A,4.094,9.663,N/A,N/A,1.4325,N/A,8.0124,7.2717,39.2735,N/A,2.0243,1.4521,2.3662,1.3408,9.1438,10.403,12125.98,N/A,59.552,1504.51,16.416,4.3035,1.9195,60.19,1.8721,43.37,9.7333,
2010-04-01,1.3468,126.28,1.9558,N/A,25.385,7.4448,15.6466,0.88485,264.78,3.4528,0.7089,N/A,3.8458,N/A,4.1081,9.7288,N/A,N/A,1.4179,N/A,8.0168,7.2638,39.5985,N/A,2.0481,1.4685,2.3953,1.3622,9.1937,10.4604,12249.89,N/A,60.202,1517.04,16.6195,4.3885,1.9129,60.838,1.8826,43.609,9.8023,
2010-03-31,1.3479,125.93,1.9558,N/A,25.44,7.4447,15.6466,0.8898,265.75,3.4528,0.7085,N/A,3.8673,N/A,4.097,9.7135,N/A,N/A,1.4276,N/A,8.0135,7.2638,39.695,N/A,2.0512,1.4741,2.4043,1.3687,9.2006,10.4653,12227.26,N/A,60.514,1525.11,16.6573,4.3968,1.9024,60.92,1.8862,43.598,9.8922,
2010-03-30,1.3482,124.8,1.9558,N/A,25.443,7.4439,15.6466,0.8933,265.9,3.4528,0.7088,N/A,3.8759,N/A,4.0715,9.7803,N/A,N/A,1.4316,N/A,8.041,7.264,39.6675,N/A,2.0583,1.465,2.414,1.3731,9.2025,10.4682,12241.67,N/A,60.802,1523.55,16.7339,4.4066,1.8925,61.056,1.8863,43.594,9.9389,
2010-03-29,1.3471,124.75,1.9558,N/A,25.453,7.4419,15.6466,0.8994,266,3.4528,0.708,N/A,3.8916,N/A,4.0682,9.776,N/A,N/A,1.4329,N/A,8.067,7.2627,39.8145,N/A,2.0641,1.4734,2.4401,1.375,9.1958,10.4596,12240.18,N/A,60.51,1529.64,16.7633,4.4003,1.8991,61.029,1.8845,43.589,9.9803,
2010-03-26,1.3353,124,1.9558,N/A,25.418,7.4418,15.6466,0.9004,265.03,3.4528,0.7078,N/A,3.8893,N/A,4.0718,9.7083,N/A,N/A,1.4286,N/A,8.098,7.2628,39.525,N/A,2.0521,1.4778,2.4324,1.3721,9.1161,10.3653,12169.47,N/A,60.38,1520.62,16.7447,4.4152,1.8975,60.769,1.8756,43.284,9.9557,
2010-03-25,1.3356,123.44,1.9558,N/A,25.363,7.4417,15.6466,0.8944,263.73,3.4528,0.7074,N/A,3.888,N/A,4.0633,9.665,N/A,N/A,1.428,N/A,8.077,7.263,39.5415,N/A,2.0545,1.4619,2.3952,1.359,9.1183,10.3662,12173.12,N/A,60.77,1525.82,16.7264,4.4302,1.8817,60.906,1.8765,43.26,9.8925,
2010-03-24,1.3338,122.62,1.9558,N/A,25.378,7.4404,15.6466,0.8946,264.03,3.4528,0.7079,N/A,3.8886,N/A,4.0685,9.6922,N/A,N/A,1.4282,N/A,8.028,7.2625,39.62,N/A,2.0611,1.4655,2.3884,1.3651,9.1054,10.3524,12180.34,N/A,60.61,1517.92,16.7078,4.4249,1.903,60.746,1.8739,43.168,9.8469,
2010-03-23,1.3519,122.16,1.9558,N/A,25.442,7.4405,15.6466,0.9005,264.61,3.4528,0.7081,N/A,3.8952,N/A,4.0725,9.7285,N/A,N/A,1.4321,N/A,8.042,7.2605,39.8828,N/A,2.0863,1.4742,2.4081,1.3777,9.2285,10.4937,12328.89,N/A,61.586,1537.15,16.9224,4.4876,1.9174,61.632,1.8948,43.7,9.9152,
2010-03-22,1.3471,121.25,1.9558,N/A,25.465,7.4404,15.6466,0.899,265.3,3.4528,0.708,N/A,3.925,N/A,4.0915,9.7585,N/A,N/A,1.4348,N/A,8.0445,7.26,39.954,N/A,2.0884,1.4815,2.4384,1.3788,9.1961,10.4552,12296.59,N/A,61.408,1529.88,17.0644,4.4757,1.9205,61.53,1.8923,43.592,9.9494,
2010-03-19,1.3548,122.86,1.9558,N/A,25.365,7.4409,15.6466,0.8945,262.7,3.4528,0.7079,N/A,3.8795,N/A,4.082,9.6775,N/A,N/A,1.4374,N/A,7.973,7.26,39.675,N/A,2.0776,1.4727,2.4302,1.3666,9.2486,10.5128,12336.82,N/A,61.65,1534.66,16.9574,4.4753,1.9045,61.698,1.8906,43.731,9.8958,
2010-03-18,1.366,123.33,1.9558,N/A,25.284,7.4407,15.6466,0.894,261.92,3.4528,0.7081,N/A,3.873,N/A,4.0776,9.7243,N/A,N/A,1.4474,N/A,7.999,7.258,39.95,N/A,2.0815,1.4821,2.4278,1.3801,9.3245,10.601,12483.42,N/A,62.092,1548.87,17.0286,4.5141,1.9066,62.416,1.904,44.108,9.982,
2010-03-17,1.3756,124.43,1.9558,N/A,25.402,7.4406,15.6466,0.8962,262.24,3.4528,0.7078,N/A,3.8682,N/A,4.0812,9.7403,N/A,N/A,1.4511,N/A,8.01,7.2577,40.127,N/A,2.0821,1.4898,2.4222,1.3902,9.3898,10.6769,12562.44,N/A,62.38,1552.22,17.1792,4.533,1.9226,62.711,1.9165,44.465,10.0132,
2010-03-16,1.3723,124.22,1.9558,N/A,25.504,7.4407,15.6466,0.9069,264.19,3.4528,0.7077,N/A,3.8865,N/A,4.0893,9.7242,N/A,N/A,1.4516,N/A,8.0145,7.257,40.251,N/A,2.0944,1.5005,2.4197,1.3944,9.3672,10.6493,12581.48,N/A,62.465,1555.03,17.1894,4.5538,1.9477,62.74,1.9155,44.497,10.132,
2010-03-15,1.3705,124.3,1.9558,N/A,25.49,7.4414,15.6466,0.9105,264.6,3.4528,0.7076,N/A,3.895,N/A,4.088,9.7143,N/A,N/A,1.4527,N/A,8.0155,7.25,40.2696,N/A,2.0922,1.5022,2.418,1.3972,9.355,10.6338,12566.08,N/A,62.485,1555.38,17.2053,4.5507,1.9567,62.655,1.9146,44.67,10.1427,
2010-03-12,1.3765,124.57,1.9558,N/A,25.517,7.4412,15.6466,0.9083,266.15,3.4528,0.7082,N/A,3.904,N/A,4.0915,9.7288,N/A,N/A,1.4597,N/A,8.033,7.258,40.3055,N/A,2.1018,1.4991,2.4259,1.4013,9.3953,10.6787,12568.35,N/A,62.55,1553.21,17.2641,4.5521,1.9578,62.856,1.9178,44.8,10.1648,
2010-03-11,1.3657,123.84,1.9558,N/A,25.555,7.4409,15.6466,0.9086,266.92,3.4528,0.708,N/A,3.9012,N/A,4.0953,9.7285,N/A,N/A,1.4622,N/A,8.0115,7.258,40.245,N/A,2.095,1.4916,2.4144,1.4027,9.3231,10.5974,12542.26,N/A,62.296,1547.83,17.1955,4.5321,1.9491,62.434,1.9095,44.652,10.1505,
2010-03-10,1.361,123.16,1.9558,N/A,25.616,7.4411,15.6466,0.9114,266.87,3.4528,0.708,N/A,3.86,N/A,4.095,9.718,N/A,N/A,1.4618,N/A,8.0125,7.266,40.2815,N/A,2.0933,1.4855,2.4154,1.3969,9.29,10.5606,12484,N/A,61.766,1538.99,17.1705,4.5199,1.9262,62.128,1.9036,44.51,10.072,
2010-03-09,1.3557,121.72,1.9558,N/A,25.666,7.4417,15.6466,0.9064,267.2,3.4528,0.7084,N/A,3.8954,N/A,4.1,9.728,N/A,N/A,1.4626,N/A,8.041,7.2628,40.3985,N/A,2.0894,1.4938,2.4345,1.3962,9.2544,10.5208,12487.33,N/A,61.827,1538.21,17.2072,4.5301,1.9432,62.035,1.899,44.379,10.098,
2010-03-08,1.3662,123.48,1.9558,N/A,25.578,7.442,15.6466,0.9024,265.34,3.4528,0.7084,N/A,3.8681,N/A,4.09,9.6794,N/A,N/A,1.4628,N/A,8.049,7.2618,40.6165,N/A,2.088,1.497,2.4275,1.4023,9.3269,10.6001,12550.47,N/A,62.105,1547.28,17.2346,4.559,1.9457,62.604,1.911,44.644,10.0639,
2010-03-05,1.3582,121.48,1.9558,N/A,25.771,7.4421,15.6466,0.9025,266.78,3.4528,0.7089,N/A,3.8755,N/A,4.091,9.7178,N/A,N/A,1.4632,N/A,8.049,7.2653,40.522,N/A,2.1001,1.5043,2.4215,1.4011,9.2718,10.5438,12542.52,N/A,61.926,1548.62,17.2152,4.569,1.9708,62.541,1.9004,44.311,10.1274,
2010-03-04,1.3668,120.86,1.9558,N/A,25.818,7.4423,15.6466,0.905,266.5,3.4528,0.7091,N/A,3.901,N/A,4.0885,9.743,N/A,N/A,1.4632,N/A,8.0505,7.2653,40.7,N/A,2.112,1.5149,2.4435,1.4071,9.3303,10.6105,12667.29,N/A,62.62,1565.19,17.3595,4.6075,1.9826,63.002,1.9109,44.606,10.1925,
2010-03-03,1.3641,121.1,1.9558,N/A,25.765,7.442,15.6466,0.9057,266.02,3.4528,0.7093,N/A,3.9,N/A,4.1005,9.7945,N/A,N/A,1.4629,N/A,8.0745,7.27,40.7,N/A,2.0986,1.5116,2.4418,1.4097,9.3111,10.5891,12644.45,N/A,62.51,1563.72,17.3653,4.6004,1.9767,62.765,1.9104,44.586,10.2804,
2010-03-02,1.3548,120.68,1.9558,N/A,25.77,7.4423,15.6466,0.90635,266.9,3.4528,0.7093,N/A,3.9147,N/A,4.1066,9.7316,N/A,N/A,1.4628,N/A,8.0485,7.27,40.5145,N/A,2.0793,1.4994,2.4253,1.4029,9.2485,10.518,12600.11,N/A,62.246,1558.38,17.21,4.5796,1.9442,62.435,1.9015,44.346,10.2774,
2010-03-01,1.3525,120.67,1.9558,N/A,25.933,7.4427,15.6466,0.9067,269.45,3.4528,0.7092,N/A,3.94,N/A,4.111,9.7649,N/A,N/A,1.4644,N/A,8.057,7.2568,40.5471,N/A,2.0879,1.5105,2.4471,1.4266,9.2326,10.5007,12519.7,N/A,62.411,1562.24,17.2478,4.5775,1.9442,62.379,1.9026,44.474,10.3907,
2010-02-26,1.357,120.92,1.9558,N/A,25.97,7.4428,15.6466,0.8927,269.9,3.4528,0.7092,N/A,3.9698,N/A,4.1145,9.726,N/A,N/A,1.4638,N/A,8.0435,7.2756,40.7305,N/A,2.1016,1.524,2.4719,1.4354,9.2629,10.5336,12652.04,N/A,62.564,1573.95,17.3642,4.6175,1.9549,62.596,1.909,44.869,10.5049,
2010-02-25,1.3489,120.66,1.9558,N/A,25.935,7.4427,15.6466,0.8809,270.45,3.4528,0.7093,N/A,3.9926,N/A,4.126,9.7496,N/A,N/A,1.4633,N/A,8.0405,7.27,40.595,N/A,2.0894,1.5186,2.4678,1.4278,9.2087,10.4727,12609.31,N/A,62.5,1568.99,17.299,4.5954,1.9539,62.422,1.9029,44.669,10.5503,
2010-02-24,1.3547,122.16,1.9558,N/A,25.88,7.4427,15.6466,0.8775,270.5,3.4528,0.7093,N/A,3.9926,N/A,4.126,9.785,N/A,N/A,1.4641,N/A,8.029,7.2699,40.69,N/A,2.0958,1.5191,2.468,1.4306,9.2485,10.5185,12616.76,N/A,62.699,1559.43,17.4655,4.6107,1.9588,62.532,1.9099,44.753,10.5358,
2010-02-23,1.3577,123.19,1.9558,N/A,25.805,7.4434,15.6466,0.8802,269.8,3.4528,0.7093,N/A,3.9703,N/A,4.1241,9.7913,N/A,N/A,1.4667,N/A,8.021,7.287,40.794,N/A,2.0849,1.507,2.4692,1.4172,9.2686,10.5382,12625.71,N/A,62.746,1559.06,17.4186,4.606,1.9383,62.516,1.9125,44.906,10.438,
2010-02-22,1.3626,124.38,1.9558,N/A,25.75,7.4436,15.6466,0.8797,269.75,3.4528,0.7093,N/A,3.962,N/A,4.127,9.809,N/A,N/A,1.4649,N/A,8.035,7.2875,40.858,N/A,2.0681,1.5113,2.4528,1.4133,9.3017,10.5789,12667.32,N/A,62.973,1563.37,17.3766,4.6349,1.9382,62.89,1.9188,45.158,10.475,
2010-02-19,1.3519,124.17,1.9558,N/A,25.765,7.4429,15.6466,0.8783,271.3,3.4528,0.7092,N/A,4.0043,N/A,4.131,9.846,N/A,N/A,1.4658,N/A,8.1055,7.29,40.633,N/A,2.0616,1.5171,2.4557,1.4215,9.2375,10.4999,12620.45,N/A,62.6,1568.07,17.399,4.6147,1.9477,62.55,1.9125,44.849,10.4097,
2010-02-18,1.3567,123.3,1.9558,N/A,25.72,7.4432,15.6466,0.8704,271.18,3.4528,0.709,N/A,4.0008,N/A,4.1351,9.7913,N/A,N/A,1.4651,N/A,8.068,7.289,40.819,N/A,2.0633,1.5115,2.4886,1.4177,9.2703,10.5364,12638.17,N/A,62.781,1560.7,17.4548,4.6138,1.9358,62.641,1.9102,45.009,10.3581,
2010-02-17,1.3726,124.69,1.9558,N/A,25.929,7.4435,15.6466,0.869,270.83,3.4528,0.7092,N/A,3.977,N/A,4.1188,9.8183,N/A,N/A,1.4679,N/A,8.006,7.295,41.185,N/A,2.0666,1.5191,2.5143,1.4306,9.379,10.6634,12739.58,N/A,63.295,1568.46,17.6029,4.6514,1.9398,63.112,1.9264,45.495,10.4265,
2010-02-16,1.3649,122.68,1.9558,N/A,26.028,7.443,15.6466,0.8705,272.37,3.4528,0.7086,N/A,4.0135,N/A,4.1134,9.877,N/A,N/A,1.4678,N/A,8.052,7.293,41.1587,N/A,2.0649,1.5229,2.5312,1.4264,9.3264,10.6062,12712.64,N/A,63.0745,1571.65,17.614,4.6753,1.9419,62.934,1.9205,45.32,10.536,
2010-02-15,1.3607,122.42,1.9558,N/A,26.002,7.4437,15.6466,0.8676,271.38,3.4528,0.7085,N/A,4.0168,N/A,4.115,9.8805,N/A,N/A,1.4661,N/A,8.053,7.3093,41.137,N/A,2.0611,1.5304,2.5284,1.4253,9.2977,10.5736,12722.54,N/A,63.034,1572.96,17.5857,4.6609,1.951,62.973,1.9203,45.155,10.4855,
2010-02-12,1.3572,122.33,1.9558,N/A,26.025,7.4445,15.6466,0.8691,270.48,3.4528,0.7091,N/A,4.0172,N/A,4.1268,9.9144,N/A,N/A,1.465,N/A,8.063,7.3155,41.088,N/A,2.0619,1.5366,2.5284,1.4269,9.2737,10.5464,12674.61,N/A,63.1,1563.39,17.6572,4.6423,1.956,62.779,1.9198,45.066,10.4432,
2010-02-11,1.3718,123.03,1.9558,N/A,26.008,7.4452,15.6466,0.8775,270.5,3.4528,0.7094,N/A,4.0285,N/A,4.1045,9.9598,N/A,N/A,1.4663,N/A,8.0975,7.3163,41.373,N/A,2.0758,1.5446,2.5342,1.4502,9.3757,10.659,12850.95,N/A,63.79,1585.77,17.9363,4.7018,1.9633,63.404,1.9377,45.496,10.5509,
2010-02-10,1.374,123.01,1.9558,N/A,26.108,7.4449,15.6466,0.8798,271.55,3.4528,0.7091,N/A,4.0663,N/A,4.118,10.0335,N/A,N/A,1.4658,N/A,8.111,7.323,41.58,N/A,2.0791,1.57,2.5411,1.4667,9.3847,10.6766,12871.34,N/A,63.884,1591.64,17.9438,4.7149,1.9827,63.8,1.9483,45.576,10.5998,
2010-02-09,1.376,123.4,1.9558,N/A,26.099,7.4448,15.6466,0.8804,272,3.4528,0.7092,N/A,4.0775,N/A,4.128,10.1217,N/A,N/A,1.4672,N/A,8.152,7.3225,41.764,N/A,2.08,1.5729,2.5549,1.468,9.3935,10.6906,12878.09,N/A,64.197,1601.45,18.0645,4.7235,1.9877,63.836,1.9511,45.649,10.5992,
2010-02-08,1.3675,122.07,1.9558,N/A,26.168,7.4442,15.6466,0.8761,273.9,3.4528,0.7088,N/A,4.104,N/A,4.137,10.1616,N/A,N/A,1.4659,N/A,8.1705,7.3225,41.706,N/A,2.0851,1.5765,2.5681,1.464,9.3355,10.6263,12861.76,N/A,64.013,1602.6,18.013,4.7063,1.9914,63.705,1.945,45.387,10.6097,
2010-02-05,1.3691,122.49,1.9558,N/A,26.185,7.4449,15.6466,0.87325,274.1,3.4528,0.7087,N/A,4.0875,N/A,4.1435,10.2405,N/A,N/A,1.4682,N/A,8.2195,7.32,41.735,N/A,2.0785,1.5822,2.5758,1.4698,9.347,10.6395,12938.22,N/A,64.07,1601.26,18.0367,4.7152,1.9862,63.75,1.9475,45.468,10.5544,
2010-02-04,1.3847,125.68,1.9558,N/A,26.12,7.4446,15.6466,0.8731,272.6,3.4528,0.7091,N/A,4.028,N/A,4.125,10.133,N/A,N/A,1.469,N/A,8.169,7.321,41.685,N/A,2.0735,1.5726,2.5765,1.4701,9.4532,10.7583,12942.49,N/A,64.049,1593.98,17.97,4.7371,1.9879,63.945,1.9597,45.806,10.4779,
2010-02-03,1.3984,126.73,1.9558,N/A,26.024,7.445,15.6466,0.8762,270.02,3.4528,0.7089,N/A,3.9827,N/A,4.1005,10.106,N/A,N/A,1.4738,N/A,8.166,7.318,41.86,N/A,2.0741,1.5759,2.5653,1.4832,9.5463,10.858,12987.4,N/A,64.291,1603.97,18.0114,4.7539,1.966,64.454,1.9703,46.196,10.438,
2010-02-02,1.3937,126.2,1.9558,N/A,25.998,7.4454,15.6466,0.87375,270.25,3.4528,0.7087,N/A,3.9917,N/A,4.0915,10.1229,N/A,N/A,1.4733,N/A,8.1435,7.318,42.0475,N/A,2.072,1.5815,2.5703,1.4768,9.5147,10.8263,13037.03,N/A,64.4,1616.23,17.9543,4.7602,1.9706,64.638,1.9641,46.187,10.4002,
2010-02-01,1.3913,125.6,1.9558,N/A,26.065,7.4454,15.6466,0.87485,271.35,3.4528,0.7087,N/A,4.0045,N/A,4.0863,10.1417,N/A,N/A,1.4725,N/A,8.1965,7.3152,42.251,N/A,2.0745,1.5748,2.612,1.4868,9.499,10.8066,13074.66,N/A,64.522,1627.1,18.1398,4.7509,1.9774,64.871,1.965,46.177,10.5342,
2010-01-29,1.3966,126.15,1.9558,N/A,26.223,7.4443,15.6466,0.86655,271.15,3.4528,0.7087,N/A,4.0463,N/A,4.1055,10.2388,N/A,N/A,1.4662,N/A,8.212,7.315,42.34,N/A,2.0793,1.5639,2.6006,1.4924,9.5343,10.847,13071.23,N/A,64.516,1622,18.1907,4.7638,1.9771,64.922,1.9609,46.332,10.5704,
2010-01-28,1.3999,126.36,1.9558,N/A,26.232,7.4447,15.6466,0.8616,271.3,3.4528,0.7083,N/A,4.0705,N/A,4.136,10.2021,N/A,N/A,1.4725,N/A,8.179,7.321,42.465,N/A,2.0898,1.5537,2.5882,1.4824,9.557,10.8755,13050.19,N/A,64.787,1612.18,18.1179,4.7719,1.9695,65.232,1.9623,46.316,10.6097,
2010-01-27,1.4072,125.95,1.9558,N/A,26.113,7.445,15.6466,0.86725,271.75,3.4528,0.7079,N/A,4.0808,N/A,4.1148,10.2446,N/A,N/A,1.4721,N/A,8.2195,7.316,42.615,N/A,2.1006,1.5656,2.5991,1.4973,9.6067,10.9422,13261.49,N/A,65.153,1632.22,18.1304,4.8158,1.9866,65.702,1.9761,46.487,10.6672,
2010-01-26,1.4085,126.31,1.9558,N/A,26.097,7.445,15.6466,0.8733,272.75,3.4528,0.7082,N/A,4.0902,N/A,4.1285,10.2723,N/A,N/A,1.4723,N/A,8.2505,7.2981,42.7345,N/A,2.1101,1.5693,2.5848,1.4965,9.6157,10.9494,13244.97,N/A,64.82,1638.69,18.1882,4.8206,1.9932,65.625,1.978,46.548,10.7231,
2010-01-25,1.4151,127.74,1.9558,N/A,26.011,7.445,15.6466,0.8773,271.18,3.4528,0.7083,N/A,4.0674,N/A,4.1185,10.2075,N/A,N/A,1.4728,N/A,8.202,7.2955,42.605,N/A,2.1049,1.5635,2.5699,1.4996,9.6607,10.9929,13211.91,N/A,65.406,1627.65,18.2545,4.8106,1.9829,65.43,1.981,46.649,10.7487,
2010-01-22,1.4135,127.35,1.9558,N/A,26.183,7.4456,15.6466,0.8763,272.02,3.4528,0.7082,N/A,4.1018,N/A,4.1465,10.2136,N/A,N/A,1.4708,N/A,8.1955,7.297,42.1824,N/A,2.108,1.5659,2.5698,1.4891,9.6498,10.9846,13214.02,N/A,65.459,1626.03,18.3585,4.8031,1.9892,65.28,1.9839,46.688,10.763,
2010-01-21,1.4064,129.14,1.9558,N/A,25.979,7.4426,15.6466,0.87,270.43,3.4528,0.7088,N/A,4.0545,N/A,4.1275,10.1375,N/A,N/A,1.4723,N/A,8.1455,7.2977,41.8618,N/A,2.0778,1.5463,2.5117,1.474,9.6012,10.9265,13127,N/A,64.75,1599.54,17.876,4.7501,1.959,64.685,1.9725,46.418,10.5954,
2010-01-20,1.4132,128.65,1.9558,N/A,25.89,7.4422,15.6466,0.8692,268.99,3.4528,0.7085,N/A,4.0232,N/A,4.1278,10.1165,N/A,N/A,1.4763,N/A,8.1335,7.293,42.014,N/A,2.0735,1.5468,2.5275,1.4771,9.6481,10.9753,13193.21,N/A,64.937,1605.93,17.936,4.7547,1.9587,65.119,1.9763,46.571,10.6011,
2010-01-19,1.4279,129.79,1.9558,N/A,25.905,7.4421,15.6466,0.8743,267.94,3.4528,0.7085,N/A,4.0303,N/A,4.1205,10.1518,N/A,N/A,1.476,N/A,8.1485,7.2925,42.3735,N/A,2.085,1.5541,2.5405,1.4723,9.7488,11.0846,13264.32,N/A,65.405,1609.87,18.1607,4.7685,1.944,65.473,1.9871,46.96,10.621,
2010-01-18,1.4369,130.33,1.9558,N/A,25.889,7.4418,15.6466,0.8795,267.75,3.4528,0.7085,N/A,4.0227,N/A,4.1053,10.1295,N/A,N/A,1.4745,N/A,8.1435,7.2893,42.538,N/A,2.0854,1.5511,2.5505,1.4741,9.8097,11.1529,13268.3,N/A,65.408,1616.18,18.2228,4.8014,1.9456,65.957,1.9965,47.202,10.6356,
2010-01-15,1.4374,130.76,1.9558,N/A,25.947,7.442,15.6466,0.88105,266.8,3.4528,0.7085,N/A,4.0399,N/A,4.1043,10.143,N/A,N/A,1.4756,N/A,8.143,7.289,42.5015,N/A,2.09,1.5547,2.5438,1.4752,9.813,11.1536,13245.61,N/A,65.7,1614.29,18.279,4.8002,1.9497,65.867,1.9984,47.244,10.6588,
2010-01-14,1.4486,132.88,1.9558,N/A,26.045,7.4403,15.6466,0.8905,267.4,3.4528,0.7087,N/A,4.0592,N/A,4.1292,10.1715,N/A,N/A,1.4804,N/A,8.164,7.288,42.673,N/A,2.1149,1.5591,2.5585,1.4942,9.89,11.2366,13277.04,N/A,66.12,1623.6,18.4841,4.8376,1.9531,66.276,2.0098,47.641,10.77,
2010-01-13,1.4563,133.02,1.9558,N/A,26.168,7.4405,15.6466,0.8946,266.82,3.4528,0.709,N/A,4.0563,N/A,4.1179,10.1978,N/A,N/A,1.4788,N/A,8.1785,7.285,43.04,N/A,2.1072,1.5729,2.5345,1.5065,9.9419,11.2934,13324.06,N/A,66.327,1639.22,18.5678,4.8768,1.9632,66.781,2.0209,48.098,10.7402,
2010-01-12,1.4481,132.41,1.9558,N/A,26.258,7.4405,15.6466,0.8972,268.18,3.4528,0.7093,N/A,4.0838,N/A,4.1405,10.2215,N/A,N/A,1.4743,N/A,8.1825,7.2753,42.6974,N/A,2.1084,1.5668,2.5309,1.4959,9.8863,11.2301,13281.14,N/A,66.21,1627.4,18.4995,4.8424,1.9573,66.106,2.0133,47.839,10.8264,
2010-01-11,1.4528,134.23,1.9558,N/A,26.192,7.4411,15.6466,0.8989,266.7,3.4528,0.7093,N/A,4.0583,N/A,4.1281,10.1995,N/A,N/A,1.4755,N/A,8.1395,7.2775,42.6285,N/A,2.11,1.5593,2.5041,1.4928,9.9174,11.2666,13296.15,N/A,65.86,1626.94,18.3538,4.8473,1.9594,66.219,2.0163,48.008,10.6386,
2010-01-08,1.4273,133.36,1.9558,N/A,26.311,7.441,15.6466,0.8934,269.37,3.4528,0.7093,N/A,4.1088,N/A,4.1655,10.2255,N/A,N/A,1.4815,N/A,8.1695,7.2738,42.5,N/A,2.103,1.561,2.4932,1.4781,9.7449,11.0699,13271.75,N/A,65.31,1614.01,18.1966,4.8207,1.9566,65.386,1.9967,47.329,10.625,
2010-01-07,1.4304,133.5,1.9558,N/A,26.37,7.4411,15.6466,0.8996,270.3,3.4528,0.7093,N/A,4.1225,N/A,4.1731,10.212,N/A,N/A,1.4832,N/A,8.198,7.2915,42.6175,N/A,2.1195,1.5611,2.4969,1.4789,9.7663,11.093,13265.41,N/A,65.38,1623.5,18.2993,4.8225,1.9536,65.559,1.9993,47.439,10.5883,
2010-01-06,1.435,132.69,1.9558,N/A,26.338,7.4407,15.6466,0.8986,268.88,3.4528,0.7095,N/A,4.0953,N/A,4.1585,10.187,N/A,N/A,1.4823,N/A,8.188,7.295,42.85,N/A,2.1185,1.5677,2.4882,1.492,9.7973,11.129,13376.56,N/A,65.766,1627.8,18.3752,4.8517,1.957,66.017,2.0029,47.581,10.532,
2010-01-05,1.4442,132.54,1.9558,N/A,26.231,7.4415,15.6466,0.90045,269,3.4528,0.7094,N/A,4.092,N/A,4.193,10.212,N/A,N/A,1.4856,N/A,8.212,7.293,43.1,N/A,2.1284,1.5769,2.4817,1.4952,9.8598,11.2017,13485.1,N/A,66.787,1645.74,18.4833,4.8922,1.9608,66.311,2.0142,47.862,10.5069,
2010-01-04,1.4389,133.62,1.9558,N/A,26.285,7.4415,15.6466,0.8914,269.85,3.4528,0.7093,N/A,4.103,N/A,4.2253,10.193,N/A,N/A,1.4873,N/A,8.229,7.2936,43.16,N/A,2.1411,1.5885,2.4917,1.4953,9.8238,11.1608,13542.61,N/A,66.621,1662.37,18.6664,4.8887,1.9764,66.1,2.0126,47.779,10.5618,
2009-12-31,1.4406,133.16,1.9558,N/A,26.473,7.4418,15.6466,0.8881,270.42,3.4528,0.7093,N/A,4.1045,N/A,4.2363,10.252,N/A,N/A,1.4836,N/A,8.3,7.3,43.154,N/A,2.1547,1.6008,2.5113,1.5128,9.835,11.1709,13626.13,N/A,67.04,1666.97,18.9223,4.9326,1.9803,66.507,2.0194,47.986,10.666,
2009-12-30,1.4338,132.35,1.9558,N/A,26.4,7.4415,15.6466,0.904,272.1,3.4528,0.7093,N/A,4.1249,N/A,4.2325,10.2953,N/A,N/A,1.4878,N/A,8.322,7.3066,43.5,N/A,2.169,1.6036,2.4934,1.5039,9.7861,11.1187,13511.53,N/A,67.06,1669.56,18.6896,4.9122,1.9969,66.226,2.014,47.81,10.6001,
2009-12-29,1.4433,132.44,1.9558,N/A,26.413,7.4415,15.6466,0.9027,272.54,3.4528,0.7092,N/A,4.1463,N/A,4.2157,10.355,N/A,N/A,1.4882,N/A,8.3285,7.305,43.3316,N/A,2.1758,1.6069,2.5034,1.4999,9.8569,11.1938,13624.39,N/A,67.38,1690.93,18.8058,4.9541,2.0057,66.7,2.0245,48.12,10.6927,
2009-12-28,1.4405,131.86,1.9558,N/A,26.418,7.4429,15.6466,0.90143,273.3,3.4528,0.7085,N/A,4.161,N/A,4.202,10.3965,N/A,N/A,1.4888,N/A,8.344,7.314,42.755,N/A,2.1777,1.6222,2.4994,1.5069,9.8386,11.1713,13615.3,N/A,67.085,1682.66,18.4989,4.9409,2.0312,66.735,2.0256,48.103,10.8203,
2009-12-24,1.4398,131.73,1.9558,N/A,26.424,7.4441,15.6466,0.9008,272.93,3.4528,0.7087,N/A,4.1523,N/A,4.2101,10.4543,N/A,N/A,1.4882,N/A,8.3365,7.31,42.71,N/A,2.1797,1.6294,2.5316,1.5052,9.831,11.1645,13646.65,N/A,67.19,1691.93,18.553,4.9385,2.0391,66.969,2.0223,48.01,10.8525,
2009-12-23,1.4276,130.95,1.9558,N/A,26.403,7.4433,15.6466,0.8947,273.7,3.4528,0.7082,N/A,4.1723,N/A,4.1937,10.4511,N/A,N/A,1.4895,N/A,8.3525,7.294,43.1707,N/A,2.1784,1.627,2.537,1.4983,9.7482,11.0698,13574.46,N/A,66.847,1689.95,18.3732,4.9074,2.0345,66.403,2.0142,47.603,10.8969,
2009-12-22,1.4279,130.83,1.9558,N/A,26.266,7.442,15.6466,0.89305,274.28,3.4528,0.708,N/A,4.177,N/A,4.2193,10.4295,N/A,N/A,1.4987,N/A,8.365,7.283,43.6041,N/A,2.1798,1.6259,2.5468,1.5109,9.7498,11.0744,13543.2,N/A,66.82,1685.05,18.4699,4.91,2.0294,66.389,2.0076,47.492,11.034,
2009-12-21,1.4368,130.1,1.9558,N/A,26.361,7.4415,15.6466,0.8918,274.53,3.4528,0.707,N/A,4.1865,N/A,4.214,10.4035,N/A,N/A,1.4938,N/A,8.352,7.285,43.79,N/A,2.1892,1.6211,2.5516,1.5165,9.8105,11.1405,13654.58,N/A,67.3,1701.1,18.385,4.9351,2.0237,67.077,2.0155,47.746,10.9761,
2009-12-18,1.4337,129.68,1.9558,N/A,26.285,7.4415,15.6466,0.887,277.05,3.4528,0.7068,N/A,4.193,N/A,4.2088,10.458,N/A,N/A,1.4958,N/A,8.3955,7.2887,43.9685,N/A,2.181,1.6156,2.5716,1.5295,9.7893,11.1208,13627.79,N/A,66.997,1684.65,18.5217,4.9283,2.0227,66.818,2.0102,47.635,10.8502,
2009-12-17,1.4343,129.27,1.9558,N/A,26.105,7.4415,15.6466,0.88995,278.07,3.4528,0.7068,N/A,4.2028,N/A,4.2195,10.438,N/A,N/A,1.5053,N/A,8.405,7.2889,44.191,N/A,2.1791,1.6195,2.5438,1.5389,9.7943,11.1261,13643.99,N/A,67.249,1688.18,18.3985,4.9304,2.0194,66.852,2.0126,47.655,10.8197,
2009-12-16,1.456,130.61,1.9558,N/A,26.35,7.4415,15.6466,0.88945,277.58,3.4528,0.7065,N/A,4.1947,N/A,4.2383,10.4208,N/A,N/A,1.5126,N/A,8.3695,7.29,44.094,N/A,2.1965,1.6179,2.5522,1.5432,9.9416,11.289,13808.21,N/A,67.9783,1696.5,18.4548,4.9861,2.0221,67.344,2.0322,48.317,10.7405,
2009-12-15,1.4541,130.22,1.9558,N/A,26.105,7.4416,15.6466,0.896,277.1,3.4528,0.7063,N/A,4.1865,N/A,4.2523,10.4635,N/A,N/A,1.5123,N/A,8.4735,7.28,43.9725,N/A,2.1992,1.6048,2.5636,1.5459,9.9286,11.2735,13777.64,N/A,67.87,1688.69,18.6052,4.9636,2.0183,67.167,2.0283,48.218,10.8737,
2009-12-14,1.4647,129.55,1.9558,N/A,25.734,7.4416,15.6466,0.9006,273.18,3.4528,0.7066,N/A,4.1483,N/A,4.2496,10.4225,N/A,N/A,1.5122,N/A,8.4685,7.2801,44.075,N/A,2.2023,1.6071,2.5618,1.5584,10.0013,11.3537,13870.61,N/A,68.387,1694.84,18.8668,4.9939,2.0197,67.501,2.0393,48.533,10.9439,
2009-12-11,1.4757,131.13,1.9558,N/A,25.727,7.442,15.6466,0.90515,273.12,3.4528,0.7068,N/A,4.1457,N/A,4.2568,10.449,N/A,N/A,1.5125,N/A,8.4435,7.281,44.373,N/A,2.2058,1.6076,2.5846,1.5481,10.0755,11.4373,13936.05,N/A,68.71,1718.14,19.0144,5.0166,2.0274,68.082,2.0495,48.868,11.0255,
2009-12-10,1.473,130.03,1.9558,N/A,25.705,7.4417,15.6466,0.9043,272.05,3.4528,0.7072,N/A,4.1405,N/A,4.2382,10.4367,N/A,N/A,1.5113,N/A,8.4355,7.2668,44.8505,N/A,2.202,1.6074,2.5904,1.5472,10.0556,11.4168,13905.61,N/A,68.7,1716.4,19.0312,5.0045,2.0236,68.075,2.0473,48.793,11.0565,
2009-12-09,1.4768,129.91,1.9558,N/A,25.749,7.4416,15.6466,0.9046,273.71,3.4528,0.7076,N/A,4.1336,N/A,4.2449,10.4995,N/A,N/A,1.5114,N/A,8.465,7.264,44.8737,N/A,2.2173,1.6222,2.5953,1.5643,10.083,11.4461,13975.37,N/A,68.7743,1715.2,19.0876,5.0189,2.0709,68.41,2.0526,48.993,11.163,
2009-12-08,1.4774,130.74,1.9558,N/A,25.757,7.4416,15.6466,0.907,273.42,3.4528,0.7077,N/A,4.107,N/A,4.2351,10.4841,N/A,N/A,1.5111,N/A,8.4915,7.263,45.07,N/A,2.224,1.6247,2.5792,1.5595,10.0869,11.4504,14045.58,N/A,68.7743,1706.88,18.8465,5.015,2.0785,68.045,2.057,49.028,11.0849,
2009-12-07,1.4787,133.24,1.9558,N/A,25.718,7.4416,15.6466,0.90505,270.36,3.4528,0.7075,N/A,4.08,N/A,4.2258,10.4306,N/A,N/A,1.5123,N/A,8.4675,7.2692,44.14,N/A,2.2133,1.6271,2.565,1.5664,10.0982,11.4605,13966.6,N/A,68.7743,1705.74,18.7795,5.0239,2.0828,68.174,2.0588,49.026,11.0699,
2009-12-04,1.5068,133.08,1.9558,N/A,25.842,7.4416,15.6466,0.9048,269.14,3.4528,0.7073,N/A,4.0928,N/A,4.2205,10.3716,N/A,N/A,1.5063,N/A,8.49,7.297,44.1582,N/A,2.2333,1.6259,2.573,1.5778,10.2869,11.6778,14186.89,N/A,69.7573,1737.23,18.9382,5.0937,2.0776,69.313,2.0808,49.902,11.0607,
2009-12-03,1.512,133.17,1.9558,N/A,25.81,7.4417,15.6466,0.90915,269.9,3.4528,0.7079,N/A,4.0977,N/A,4.2105,10.3159,N/A,N/A,1.5083,N/A,8.439,7.306,44.03,N/A,2.2413,1.6276,2.5811,1.5873,10.3224,11.718,14248.95,N/A,69.665,1746.64,19.1502,5.0962,2.0881,69.928,2.0848,50.074,11.0339,
2009-12-02,1.509,131.55,1.9558,N/A,25.972,7.4419,15.6466,0.9043,270.5,3.4528,0.708,N/A,4.1086,N/A,4.2455,10.3413,N/A,N/A,1.5072,N/A,8.421,7.308,44.11,N/A,2.2622,1.6262,2.595,1.5766,10.3009,11.6949,14238.3,N/A,69.92,1741.27,19.3303,5.0951,2.0742,70.184,2.083,50.031,11.0459,
2009-12-01,1.5074,131.02,1.9558,N/A,25.95,7.4422,15.6466,0.90985,271.86,3.4528,0.7082,N/A,4.1098,N/A,4.255,10.4185,N/A,N/A,1.5079,N/A,8.4805,7.314,43.92,N/A,2.2662,1.6355,2.6136,1.5761,10.2895,11.6824,14250.6,N/A,69.755,1748.18,19.4078,5.0924,2.0769,70.632,2.0822,50.035,11.0666,
2009-11-30,1.5023,129.77,1.9558,N/A,26.135,7.4424,15.6466,0.91155,273.88,3.4528,0.7088,N/A,4.1441,N/A,4.2706,10.4533,N/A,N/A,1.5071,N/A,8.5125,7.316,43.98,N/A,2.298,1.6452,2.6251,1.5882,10.2564,11.6431,14222.64,N/A,69.759,1746.88,19.3984,5.0966,2.1019,70.918,2.0789,49.951,11.1421,
2009-11-27,1.4918,129.2,1.9558,N/A,26.186,7.4427,15.6466,0.9091,272.32,3.4528,0.709,N/A,4.1635,N/A,4.2788,10.4323,N/A,N/A,1.5064,N/A,8.492,7.318,43.7769,N/A,2.283,1.6507,2.601,1.5992,10.1866,11.562,14224.11,N/A,69.5925,1753.43,19.3606,5.0587,2.1087,70.413,2.0705,49.565,11.154,
2009-11-26,1.5071,130.7,1.9558,N/A,26.188,7.4418,15.6466,0.911,269.77,3.4528,0.7089,N/A,4.1245,N/A,4.2785,10.4548,N/A,N/A,1.5098,N/A,8.5,7.324,43.831,N/A,2.2797,1.6436,2.6132,1.5882,10.2882,11.6802,14233.28,N/A,69.997,1742.13,19.42,5.1068,2.0987,70.548,2.0827,49.971,11.2328,
2009-11-25,1.5083,132.1,1.9558,N/A,25.972,7.4413,15.6466,0.9031,267.38,3.4528,0.7089,N/A,4.1065,N/A,4.2614,10.357,N/A,N/A,1.5095,N/A,8.416,7.3135,43.45,N/A,2.2433,1.6236,2.6028,1.5787,10.2975,11.6893,14168.09,N/A,69.728,1739.67,19.3952,5.0852,2.0652,70.468,2.082,49.978,11.1222,
2009-11-24,1.4969,132.57,1.9558,N/A,25.894,7.4413,15.6466,0.9031,267.65,3.4528,0.7091,N/A,4.1149,N/A,4.2665,10.3145,N/A,N/A,1.511,N/A,8.3765,7.3105,43.1625,N/A,2.241,1.6254,2.5791,1.5815,10.2229,11.601,14245.62,N/A,69.389,1731.62,19.3232,5.0715,2.0541,70.448,2.0738,49.746,11.1762,
2009-11-23,1.4968,133.03,1.9558,N/A,25.844,7.4415,15.6466,0.90075,267.55,3.4528,0.7091,N/A,4.1209,N/A,4.2823,10.2985,N/A,N/A,1.5108,N/A,8.376,7.313,43.1274,N/A,2.2403,1.6212,2.5808,1.5846,10.2233,11.6003,14159.25,N/A,69.579,1728.98,19.4691,5.0524,2.0436,70.192,2.0722,49.72,11.217,
2009-11-20,1.4815,131.87,1.9558,N/A,25.887,7.4416,15.6466,0.89915,269.68,3.4528,0.7083,N/A,4.1523,N/A,4.2845,10.3543,N/A,N/A,1.5126,N/A,8.425,7.3281,43.08,N/A,2.2196,1.6299,2.5734,1.5876,10.1154,11.4816,14026.59,N/A,69.047,1717.07,19.3928,5.0156,2.053,69.779,2.0596,49.26,11.2443,
2009-11-19,1.4863,132.05,1.9558,N/A,25.605,7.4411,15.6466,0.89385,266.96,3.4528,0.7081,N/A,4.1358,N/A,4.2785,10.2855,N/A,N/A,1.5131,N/A,8.392,7.3183,42.9468,N/A,2.2165,1.6193,2.5679,1.5776,10.1491,11.519,14208.07,N/A,69.336,1727,19.4319,5.04,2.0364,69.973,2.0664,49.35,11.218,
2009-11-18,1.4957,133.39,1.9558,N/A,25.443,7.4408,15.6466,0.8895,265.55,3.4528,0.7085,N/A,4.0973,N/A,4.28,10.212,N/A,N/A,1.5112,N/A,8.352,7.317,42.9048,N/A,2.215,1.6026,2.5505,1.5657,10.2111,11.5917,14079.05,N/A,69.042,1724.89,19.3947,5.0345,1.9959,69.944,2.0692,49.594,11.1031,
2009-11-17,1.4875,132.76,1.9558,N/A,25.495,7.4409,15.6466,0.88625,266,3.4528,0.7084,N/A,4.1012,N/A,4.2945,10.222,N/A,N/A,1.5111,N/A,8.3475,7.32,42.7995,N/A,2.205,1.6023,2.5489,1.5735,10.1544,11.5283,13987.41,N/A,68.923,1718.77,19.3583,5.0092,1.994,69.471,2.0632,49.385,11.097,
2009-11-16,1.4965,134.02,1.9558,N/A,25.51,7.4408,15.6466,0.89485,267.43,3.4528,0.7083,N/A,4.096,N/A,4.299,10.1943,N/A,N/A,1.5093,N/A,8.337,7.3,42.9545,N/A,2.2092,1.6004,2.5662,1.5635,10.2166,11.5978,14060.07,N/A,69.123,1728.79,19.4395,5.0395,2.0102,69.704,2.0733,49.69,11.0517,
2009-11-13,1.4868,133.51,1.9558,N/A,25.535,7.4407,15.6466,0.89125,268.8,3.4528,0.7085,N/A,4.111,N/A,4.3008,10.2375,N/A,N/A,1.5098,N/A,8.3645,7.3025,42.9278,N/A,2.203,1.6019,2.5876,1.5655,10.1493,11.5227,13935.33,N/A,68.77,1721.2,19.5859,5.0187,2.0172,69.389,2.0615,49.484,11.0692,
2009-11-12,1.4922,134.32,1.9558,N/A,25.505,7.4412,15.6466,0.902,271.14,3.4528,0.7086,N/A,4.1411,N/A,4.2995,10.248,N/A,N/A,1.5106,N/A,8.3915,7.2955,43.007,N/A,2.2081,1.6062,2.5761,1.5702,10.1867,11.5646,14066.34,N/A,69.5969,1727.11,19.6791,5.0466,2.0287,69.935,2.0716,49.713,11.142,
2009-11-11,1.5037,135.11,1.9558,N/A,25.379,7.4406,15.6466,0.9029,269.27,3.4528,0.7088,N/A,4.1221,N/A,4.297,10.2233,N/A,N/A,1.5104,N/A,8.36,7.2853,43.08,N/A,2.2098,1.6133,2.5639,1.5693,10.2641,11.6538,14126.32,N/A,69.636,1741.17,19.7323,5.0772,2.0278,70.256,2.0849,50.051,11.0399,
2009-11-10,1.4966,134.51,1.9558,N/A,25.524,7.441,15.6466,0.8986,272.19,3.4528,0.7088,N/A,4.2033,N/A,4.2979,10.285,N/A,N/A,1.5115,N/A,8.3835,7.2767,43.0194,N/A,2.2112,1.6145,2.5685,1.5852,10.217,11.5988,14089.57,N/A,69.517,1739.87,19.9557,5.066,2.0224,70.186,2.0788,49.855,11.1616,
2009-11-09,1.4984,134.81,1.9558,N/A,25.578,7.4413,15.6466,0.89365,272.74,3.4528,0.7087,N/A,4.218,N/A,4.2975,10.3005,N/A,N/A,1.5103,N/A,8.4195,7.269,43.0865,N/A,2.211,1.6141,2.557,1.5923,10.2292,11.6118,14100.1,N/A,69.596,1739.26,20.0628,5.065,2.0271,70.271,2.0774,49.916,11.1147,
2009-11-06,1.4862,134.76,1.9558,N/A,25.676,7.4422,15.6466,0.896,274.82,3.4528,0.7092,N/A,4.247,N/A,4.303,10.387,N/A,N/A,1.5115,N/A,8.434,7.2675,43.0866,N/A,2.2059,1.6235,2.5546,1.5923,10.1467,11.518,14059.59,N/A,69.495,1733.91,19.7888,5.0553,2.0552,70.149,2.0698,49.602,11.2338,
2009-11-05,1.4867,134.3,1.9558,N/A,25.87,7.4414,15.6466,0.8953,275.65,3.4528,0.709,N/A,4.245,N/A,4.3016,10.4402,N/A,N/A,1.5114,N/A,8.4365,7.2655,43.2461,N/A,2.2129,1.6362,2.5652,1.5804,10.1506,11.5219,14136.56,N/A,69.86,1753.9,19.7434,5.0867,2.0606,70.787,2.074,49.693,11.2923,
2009-11-04,1.4761,134.3,1.9558,N/A,26.085,7.4419,15.6466,0.8936,277.15,3.4528,0.709,N/A,4.2699,N/A,4.3024,10.4384,N/A,N/A,1.5113,N/A,8.4415,7.2698,43.1972,N/A,2.2094,1.6277,2.5556,1.5682,10.0773,11.4399,14037.18,N/A,69.53,1739.19,19.5509,5.046,2.0413,70.157,2.0618,49.339,11.4272,
2009-11-03,1.4658,132.25,1.9558,N/A,26.279,7.4422,15.6466,0.8986,278.2,3.4528,0.7092,N/A,4.286,N/A,4.3015,10.4635,N/A,N/A,1.5121,N/A,8.5135,7.2473,43.0487,N/A,2.211,1.635,2.5904,1.5834,10.0085,11.3604,14137.59,N/A,69.472,1734.76,19.5259,5.0284,2.0521,69.995,2.0545,49.069,11.5629,
2009-11-02,1.4772,132.95,1.9558,N/A,26.462,7.4424,15.6466,0.9033,275.28,3.4528,0.7091,N/A,4.2563,N/A,4.306,10.3936,N/A,N/A,1.5093,N/A,8.43,7.241,43.1401,N/A,2.2174,1.6323,2.6045,1.5958,10.0862,11.4485,14121.69,N/A,69.295,1749.02,19.4961,5.0616,2.0512,70.481,2.0669,49.39,11.68,
2009-10-30,1.48,134.66,1.9558,N/A,26.458,7.443,15.6466,0.89375,273.39,3.4528,0.7091,N/A,4.241,N/A,4.3045,10.3845,N/A,N/A,1.5123,N/A,8.3915,7.2295,43.01,N/A,2.211,1.6274,2.5574,1.5952,10.1047,11.4702,14180.74,N/A,69.575,1748.02,19.3214,5.0505,2.0346,70.481,2.0695,49.484,11.4519,
2009-10-29,1.4788,135.13,1.9558,N/A,26.495,7.4433,15.6466,0.8975,272.95,3.4528,0.709,N/A,4.2565,N/A,4.309,10.3359,N/A,N/A,1.5109,N/A,8.3835,7.235,43.1957,N/A,2.2145,1.6276,2.5859,1.5865,10.0972,11.4609,14188.12,N/A,69.785,1763.31,19.5135,5.0649,2.0305,70.594,2.0676,49.499,11.5005,
2009-10-28,1.4785,134.76,1.9558,N/A,26.365,7.443,15.6466,0.9057,272.78,3.4528,0.7093,N/A,4.2523,N/A,4.3004,10.3912,N/A,N/A,1.5109,N/A,8.4,7.225,43.236,N/A,2.219,1.6327,2.5685,1.5855,10.0955,11.4585,14282.26,N/A,69.844,1765.82,19.5813,5.0594,2.0125,70.189,2.0714,49.463,11.4789,
2009-10-27,1.4874,136.91,1.9558,N/A,26.084,7.4433,15.6466,0.90775,268.6,3.4528,0.7093,N/A,4.2033,N/A,4.2915,10.2595,N/A,N/A,1.5145,N/A,8.385,7.22,43.3745,N/A,2.2188,1.6199,2.5749,1.5839,10.1583,11.5273,14257.68,N/A,69.826,1763.36,19.7147,5.0609,1.9897,70.308,2.0787,49.731,11.3138,
2009-10-26,1.5019,138.09,1.9558,N/A,25.895,7.4434,15.6466,0.9194,267.45,3.4528,0.7092,N/A,4.1745,N/A,4.288,10.2,N/A,N/A,1.5131,N/A,8.3255,7.22,43.385,N/A,2.2199,1.6253,2.562,1.5872,10.2547,11.6399,14258.99,N/A,70.034,1767.38,19.5758,5.0757,1.9935,70.575,2.0928,50.141,11.276,
2009-10-23,1.502,137.97,1.9558,N/A,25.909,7.4438,15.6466,0.9172,265.96,3.4528,0.709,N/A,4.1752,N/A,4.2903,10.2338,N/A,N/A,1.5132,N/A,8.3275,7.22,43.5325,N/A,2.2051,1.6235,2.5775,1.5807,10.2564,11.6405,14171.37,N/A,69.858,1774.8,19.3758,5.0805,1.9872,70.564,2.0928,50.204,11.2133,
2009-10-22,1.5,136.9,1.9558,N/A,25.917,7.4438,15.6466,0.9053,265.92,3.4528,0.7085,N/A,4.187,N/A,4.2915,10.3234,N/A,N/A,1.5105,N/A,8.327,7.2213,43.606,N/A,2.204,1.6235,2.5998,1.574,10.2438,11.6251,14352.61,N/A,70.11,1784.31,19.4295,5.0978,1.9872,70.59,2.0947,50.183,11.2305,
2009-10-21,1.4921,135.82,1.9558,N/A,25.879,7.4434,15.6466,0.9001,265.32,3.4528,0.709,N/A,4.178,N/A,4.2915,10.3155,N/A,N/A,1.5112,N/A,8.328,7.221,43.589,N/A,2.1883,1.6175,2.6193,1.5754,10.187,11.5639,14067.93,N/A,69.323,1759.5,19.457,5.0396,1.9862,69.994,2.0833,49.903,11.0655,
2009-10-20,1.4971,135.53,1.9558,N/A,25.718,7.4436,15.6466,0.9117,264.59,3.4528,0.7078,N/A,4.156,N/A,4.2925,10.369,N/A,N/A,1.5121,N/A,8.3225,7.223,43.639,N/A,2.1757,1.6121,2.6012,1.5443,10.22,11.6025,14065.91,N/A,69.039,1745.29,19.2153,5.037,1.9835,69.88,2.0814,50.018,10.9606,
2009-10-19,1.4918,135.66,1.9558,N/A,25.785,7.4437,15.6466,0.9143,266.43,3.4528,0.708,N/A,4.193,N/A,4.2937,10.3978,N/A,N/A,1.5138,N/A,8.3525,7.225,43.7425,N/A,2.1749,1.6206,2.5575,1.5445,10.1841,11.5616,14022.02,N/A,68.742,1745.37,19.4978,5.0341,2.0001,69.624,2.0769,49.796,10.9818,
2009-10-16,1.4869,135.6,1.9558,N/A,25.771,7.4443,15.6466,0.91175,267.85,3.4528,0.7077,N/A,4.2133,N/A,4.2882,10.3907,N/A,N/A,1.518,N/A,8.35,7.2445,43.699,N/A,2.1768,1.6213,2.5562,1.5458,10.1508,11.5235,13974.08,N/A,68.843,1733.17,19.5379,5.0131,2.0138,69.384,2.0762,49.729,10.9476,
2009-10-15,1.4864,134.07,1.9558,N/A,25.872,7.4439,15.6466,0.9147,268,3.4528,0.7088,N/A,4.2225,N/A,4.2963,10.3355,N/A,N/A,1.5132,N/A,8.335,7.255,43.751,N/A,2.152,1.6214,2.545,1.536,10.1502,11.5196,13884.77,N/A,68.798,1716.27,19.4889,4.9921,2.0027,68.85,2.0698,49.794,10.8403,
2009-10-14,1.4881,133.39,1.9558,N/A,25.87,7.4437,15.6466,0.93025,267.31,3.4528,0.709,N/A,4.2017,N/A,4.2973,10.3029,N/A,N/A,1.5166,N/A,8.284,7.255,43.8216,N/A,2.1546,1.6326,2.5514,1.5311,10.1585,11.5329,13941.08,N/A,68.624,1729.77,19.4495,5.0156,2.0212,69.12,2.0725,49.71,10.8125,
2009-10-13,1.4864,133.02,1.9558,N/A,25.923,7.4441,15.6466,0.9408,268.79,3.4528,0.709,N/A,4.233,N/A,4.296,10.339,N/A,N/A,1.517,N/A,8.328,7.254,43.8885,N/A,2.166,1.6341,2.5738,1.5308,10.1469,11.5198,14039.86,N/A,68.887,1736.2,19.591,5.0411,2.0118,69.055,2.0753,49.49,10.8834,
2009-10-12,1.4765,132.99,1.9558,N/A,25.821,7.4442,15.6466,0.9333,269.45,3.4528,0.7093,N/A,4.254,N/A,4.286,10.2978,N/A,N/A,1.5175,N/A,8.3275,7.2552,43.5885,N/A,2.1595,1.6289,2.5735,1.5248,10.0748,11.4432,14012.1,N/A,68.642,1727.25,19.478,5.0201,2.0106,68.786,2.0633,49.219,10.949,
2009-10-09,1.475,131.12,1.9558,N/A,25.866,7.4436,15.6466,0.92285,270.6,3.4528,0.7094,N/A,4.256,N/A,4.279,10.2763,N/A,N/A,1.5187,N/A,8.3025,7.2518,43.6587,N/A,2.1616,1.6288,2.5708,1.5398,10.0678,11.4314,13945.55,N/A,68.455,1717.57,19.5592,5.0121,2.0016,68.528,2.0534,49.14,10.9107,
2009-10-08,1.4763,130.46,1.9558,N/A,25.763,7.4445,15.6466,0.92,270.2,3.4528,0.7095,N/A,4.2335,N/A,4.28,10.3134,N/A,N/A,1.5166,N/A,8.3533,7.2568,43.6939,N/A,2.158,1.6346,2.5784,1.5619,10.0777,11.4414,13927.08,N/A,68.382,1723.09,19.6651,5.0061,1.9954,68.591,2.0533,49.183,10.8703,
2009-10-07,1.4694,130.68,1.9558,N/A,25.68,7.4436,15.6466,0.9249,267.9,3.4528,0.7089,N/A,4.218,N/A,4.2685,10.361,N/A,N/A,1.515,N/A,8.364,7.2855,43.7065,N/A,2.1625,1.6512,2.5925,1.5546,10.0306,11.3879,13853.11,N/A,68.606,1719.7,19.8597,5.0217,2.0025,68.474,2.0582,49.041,10.985,
2009-10-06,1.4722,131.21,1.9558,N/A,25.539,7.4443,15.6466,0.92605,267.03,3.4528,0.7091,N/A,4.1763,N/A,4.2624,10.257,N/A,N/A,1.5118,N/A,8.385,7.2555,43.9,N/A,2.1615,1.6574,2.5759,1.5648,10.0497,11.4099,13861.21,N/A,69.076,1722.76,19.938,5.057,2.0037,68.592,2.0643,49.091,10.927,
2009-10-05,1.4616,131.41,1.9558,N/A,25.462,7.4443,15.6466,0.9171,267.24,3.4528,0.7084,N/A,4.2076,N/A,4.264,10.303,N/A,N/A,1.5102,N/A,8.446,7.255,43.955,N/A,2.172,1.6713,2.5887,1.5693,9.9773,11.3275,13957.02,N/A,69.455,1715.37,19.8997,5.0579,2.0255,68.257,2.0625,48.912,11.113,
2009-10-02,1.4537,129.95,1.9558,N/A,25.454,7.4449,15.6466,0.9172,268.65,3.4528,0.7083,N/A,4.2438,N/A,4.277,10.249,N/A,N/A,1.5107,N/A,8.447,7.258,43.9119,N/A,2.1806,1.6838,2.6046,1.5856,9.9234,11.2664,14021.41,N/A,69.41,1707.07,20.0138,5.0581,2.0358,68.368,2.0583,48.655,11.2356,
2009-10-01,1.4539,130.78,1.9558,N/A,25.42,7.4449,15.6466,0.91085,270.26,3.4528,0.7083,N/A,4.245,N/A,4.2688,10.189,N/A,N/A,1.5165,N/A,8.4455,7.255,43.7294,N/A,2.175,1.6539,2.5808,1.5601,9.9248,11.2679,13994.67,N/A,69.438,1713.38,19.7207,5.0392,2.0141,68.414,2.0542,48.698,11.1161,
2009-09-30,1.4643,131.07,1.9558,N/A,25.164,7.4443,15.6466,0.9093,269.7,3.4528,0.7079,N/A,4.2295,N/A,4.218,10.232,N/A,N/A,1.5078,N/A,8.46,7.258,43.98,N/A,2.1734,1.6596,2.605,1.5709,9.9958,11.3485,14130.03,N/A,70.001,1723.95,19.7454,5.0679,2.0287,69.318,2.0654,48.988,10.8984,
2009-09-29,1.4549,130.91,1.9558,N/A,25.18,7.444,15.6466,0.9118,269.55,3.4528,0.7063,N/A,4.2135,N/A,4.1926,10.233,N/A,N/A,1.5124,N/A,8.515,7.2708,43.8814,N/A,2.168,1.669,2.6088,1.5861,9.9341,11.2758,14148.9,N/A,70.003,1725.71,19.7575,5.0711,2.0361,69.24,2.0641,48.906,10.818,
2009-09-28,1.465,131.15,1.9558,N/A,25.252,7.4424,15.6466,0.92265,269.66,3.4528,0.7059,N/A,4.2097,N/A,4.2015,10.2295,N/A,N/A,1.5114,N/A,8.5275,7.2898,44.112,N/A,2.1868,1.6906,2.6264,1.6027,10.0023,11.3542,14255.42,N/A,69.959,1752.28,19.891,5.0982,2.0548,69.758,2.0791,49.195,10.881,
2009-09-25,1.467,132.59,1.9558,N/A,25.18,7.442,15.6466,0.91875,270,3.4528,0.7069,N/A,4.196,N/A,4.2008,10.1538,N/A,N/A,1.5118,N/A,8.502,7.295,44.1365,N/A,2.1779,1.6952,2.6382,1.6035,10.017,11.3696,14164.36,N/A,70.328,1740.22,19.7957,5.092,2.0462,69.412,2.0787,49.284,10.9049,
2009-09-24,1.4768,133.85,1.9558,N/A,25.159,7.442,15.6466,0.91065,270.15,3.4528,0.7075,N/A,4.1686,N/A,4.209,10.1105,N/A,N/A,1.5117,N/A,8.51,7.274,44.259,N/A,2.186,1.688,2.6401,1.5843,10.0824,11.4457,14257.22,N/A,70.849,1766.1,19.7197,5.1149,2.0391,69.859,2.0849,49.539,10.909,
2009-09-23,1.4783,134.96,1.9558,N/A,25.244,7.4418,15.6466,0.8994,271.27,3.4528,0.7063,N/A,4.1925,N/A,4.2283,10.0778,N/A,N/A,1.5123,N/A,8.564,7.2682,44.407,N/A,2.1918,1.6906,2.6505,1.5794,10.091,11.4578,14341.48,N/A,70.966,1765.03,19.7856,5.123,2.0368,70.131,2.0879,49.604,10.9509,
2009-09-22,1.478,135.09,1.9558,N/A,25.131,7.4422,15.6466,0.9047,271.42,3.4528,0.7055,N/A,4.1613,N/A,4.2475,10.094,N/A,N/A,1.5149,N/A,8.628,7.2943,44.5532,N/A,2.1882,1.6922,2.6726,1.5787,10.0902,11.4552,14316.85,N/A,70.89,1779.06,19.65,5.1434,2.0484,70.238,2.0863,49.687,10.9943,
2009-09-21,1.4658,135.46,1.9558,N/A,25.167,7.4413,15.6466,0.9066,272.37,3.4528,0.7038,N/A,4.159,N/A,4.2678,10.139,N/A,N/A,1.5182,N/A,8.65,7.2915,44.54,N/A,2.1875,1.7017,2.6625,1.578,10.0098,11.3609,14218.74,N/A,70.373,1766.41,19.5318,5.101,2.083,69.903,2.0788,49.434,11.0155,
2009-09-18,1.4705,134.17,1.9558,N/A,25.089,7.4407,15.6466,0.9003,271.18,3.4528,0.7031,N/A,4.1293,N/A,4.2653,10.1125,N/A,N/A,1.5146,N/A,8.641,7.291,44.5,N/A,2.1691,1.6934,2.6571,1.5752,10.0404,11.3966,14263.53,N/A,70.783,1776.37,19.4944,5.1173,2.0708,70.143,2.0803,49.563,10.9522,
2009-09-17,1.4712,134.38,1.9558,N/A,25.094,7.4414,15.6466,0.8905,270.61,3.4528,0.7032,N/A,4.1245,N/A,4.26,10.1134,N/A,N/A,1.5187,N/A,8.6265,7.2883,44.6026,N/A,2.165,1.6863,2.6568,1.5672,10.0431,11.4021,14265.77,N/A,70.846,1772.13,19.4178,5.1058,2.0708,70.247,2.0832,49.602,10.8334,
2009-09-16,1.4671,132.6,1.9558,N/A,25.245,7.4418,15.6466,0.8897,269.84,3.4528,0.7035,N/A,4.1393,N/A,4.263,10.1396,N/A,N/A,1.5196,N/A,8.6065,7.2965,44.9271,N/A,2.1695,1.6843,2.6368,1.5696,10.0141,11.37,14215.86,N/A,70.766,1776.81,19.4084,5.107,2.0591,70.492,2.0719,49.522,10.8001,
2009-09-15,1.4611,133.26,1.9558,N/A,25.351,7.443,15.6466,0.8869,272.02,3.4528,0.7023,N/A,4.1635,N/A,4.2678,10.2438,N/A,N/A,1.5162,N/A,8.639,7.3252,45.095,N/A,2.1781,1.7014,2.6464,1.5869,9.9777,11.3235,14502.11,N/A,71.068,1780.25,19.4908,5.1175,2.0883,70.622,2.0796,49.524,10.8246,
2009-09-14,1.4561,132.3,1.9558,N/A,25.455,7.4434,15.6466,0.879,274.33,3.4528,0.7023,N/A,4.204,N/A,4.2768,10.2627,N/A,N/A,1.5133,N/A,8.6685,7.3276,44.9152,N/A,2.1853,1.6963,2.6677,1.5879,9.9436,11.2849,14495.38,N/A,70.963,1783.49,19.5333,5.108,2.0818,70.614,2.0751,49.438,10.8991,
2009-09-11,1.4594,132.62,1.9558,N/A,25.488,7.4431,15.6466,0.8739,273.33,3.4528,0.7023,N/A,4.1925,N/A,4.28,10.2128,N/A,N/A,1.5137,N/A,8.634,7.33,44.8015,N/A,2.1865,1.6908,2.6442,1.5728,9.9662,11.3106,14468.46,N/A,70.744,1781.26,19.5779,5.097,2.066,70.528,2.0752,49.554,11.0648,
2009-09-10,1.4545,133.92,1.9558,N/A,25.499,7.4439,15.6466,0.87575,272.28,3.4528,0.7026,N/A,4.1667,N/A,4.2559,10.2425,N/A,N/A,1.5151,N/A,8.6635,7.3256,44.9614,N/A,2.1912,1.6965,2.6756,1.5791,9.9334,11.273,14451.39,N/A,70.696,1781.26,19.6176,5.082,2.0901,70.343,2.0747,49.475,11.0433,
2009-09-09,1.4522,134.13,1.9558,N/A,25.522,7.4437,15.6466,0.8793,271.25,3.4528,0.7024,N/A,4.124,N/A,4.2488,10.2308,N/A,N/A,1.5173,N/A,8.611,7.3457,45.2,N/A,2.166,1.6836,2.6497,1.569,9.9168,11.255,14411.86,N/A,70.432,1781.61,19.3687,5.0776,2.0819,70.297,2.0698,49.397,10.9518,
2009-09-08,1.4473,133.57,1.9558,N/A,25.479,7.4438,15.6466,0.87365,270.98,3.4528,0.7021,N/A,4.0893,N/A,4.2412,10.1867,N/A,N/A,1.5159,N/A,8.569,7.3414,45.37,N/A,2.1521,1.677,2.6436,1.5483,9.8814,11.2169,14458.52,N/A,70.114,1783.31,19.2419,5.0684,2.079,69.979,2.0644,49.244,10.9076,
2009-09-07,1.433,133.33,1.9558,N/A,25.488,7.4435,15.6466,0.8735,272.24,3.4528,0.702,N/A,4.11,N/A,4.2463,10.1955,N/A,N/A,1.5181,N/A,8.585,7.3365,45.1005,N/A,2.1374,1.6748,2.6419,1.5429,9.786,11.1064,14417.23,N/A,69.73,1768.23,19.1843,5.037,2.0696,69.677,2.0536,48.784,10.87,
2009-09-04,1.4262,132.45,1.9558,N/A,25.561,7.4436,15.6466,0.872,274.35,3.4528,0.7023,N/A,4.1145,N/A,4.2468,10.2844,N/A,N/A,1.5157,N/A,8.608,7.3334,45.1308,N/A,2.142,1.6915,2.6469,1.5581,9.7409,11.0533,14426.36,N/A,69.727,1769.09,19.3072,5.0281,2.0851,69.337,2.0517,48.597,10.9136,
2009-09-03,1.4335,132.47,1.9558,N/A,25.615,7.4438,15.6466,0.8747,273.95,3.4528,0.7027,N/A,4.121,N/A,4.2405,10.3138,N/A,N/A,1.5143,N/A,8.62,7.3455,45.34,N/A,2.1549,1.7037,2.678,1.5742,9.7915,11.1108,14493.04,N/A,70.12,1784.75,19.412,5.0574,2.1025,69.824,2.062,48.817,11.1046,
2009-09-02,1.422,131.63,1.9558,N/A,25.686,7.4428,15.6466,0.8751,276.37,3.4528,0.7028,N/A,4.168,N/A,4.2388,10.3186,N/A,N/A,1.5167,N/A,8.68,7.3461,45.3921,N/A,2.1512,1.7112,2.7048,1.572,9.7137,11.0222,14450.56,N/A,69.642,1774.54,19.3961,5.0332,2.1078,69.534,2.0526,48.426,11.1879,
2009-09-01,1.4314,133.26,1.9558,N/A,25.567,7.4432,15.6466,0.8815,273.65,3.4528,0.703,N/A,4.1088,N/A,4.2278,10.22,N/A,N/A,1.5153,N/A,8.612,7.35,45.5685,N/A,2.1558,1.7096,2.6914,1.5672,9.777,11.0939,14477.49,N/A,70.139,1776.87,19.2344,5.0485,2.0953,69.773,2.0644,48.685,11.1649,
2009-08-31,1.4272,133.1,1.9558,N/A,25.376,7.4431,15.6466,0.88135,271.85,3.4528,0.7031,N/A,4.104,N/A,4.2238,10.2191,N/A,N/A,1.5168,N/A,8.607,7.364,45.4645,N/A,2.148,1.7087,2.7089,1.5793,9.7486,11.062,14390.15,N/A,69.79,1783.28,19.0246,5.0259,2.0973,69.667,2.0602,48.532,11.1136,
2009-08-28,1.4364,134.75,1.9558,N/A,25.42,7.4432,15.6466,0.8784,270.74,3.4528,0.7035,N/A,4.087,N/A,4.217,10.148,N/A,N/A,1.517,N/A,8.629,7.358,45.3466,N/A,2.1532,1.6995,2.6731,1.5522,9.8108,11.1335,14435.32,N/A,69.895,1786.57,19.0179,5.0583,2.0908,70.092,2.0672,48.861,11.1376,
2009-08-27,1.4268,133.61,1.9558,N/A,25.406,7.4436,15.6466,0.8804,268.5,3.4528,0.7035,N/A,4.1125,N/A,4.223,10.1615,N/A,N/A,1.5234,N/A,8.644,7.323,45.1935,N/A,2.1431,1.7101,2.6493,1.5598,9.7479,11.059,14506.97,N/A,69.792,1780.15,18.753,5.0416,2.0902,69.734,2.0598,48.547,11.202,
2009-08-26,1.427,134.32,1.9558,N/A,25.4,7.4425,15.6466,0.878,267.7,3.4528,0.702,N/A,4.0933,N/A,4.221,10.1445,N/A,N/A,1.5189,N/A,8.624,7.32,44.9315,N/A,2.1472,1.7163,2.6619,1.557,9.748,11.0601,14406.62,N/A,69.773,1779.74,18.5867,5.0287,2.0879,69.543,2.0597,48.525,11.2092,
2009-08-25,1.4324,135.05,1.9558,N/A,25.356,7.4429,15.6466,0.87405,266.96,3.4528,0.6998,N/A,4.0806,N/A,4.221,10.0895,N/A,N/A,1.5171,N/A,8.6095,7.3203,44.9399,N/A,2.1351,1.7054,2.6293,1.5411,9.7859,11.1015,14359.3,N/A,69.837,1786.44,18.4851,5.0413,2.0832,69.3,2.0655,48.723,11.1739,
2009-08-24,1.4323,135.57,1.9558,N/A,25.44,7.4431,15.6466,0.8682,268.15,3.4528,0.7005,N/A,4.1123,N/A,4.222,10.1046,N/A,N/A,1.5184,N/A,8.5845,7.3228,45.041,N/A,2.1261,1.7032,2.6168,1.5444,9.7845,11.1013,14331.16,N/A,69.631,1778.25,18.3342,5.0267,2.0865,69.28,2.0633,48.713,11.1195,
2009-08-21,1.433,134.19,1.9558,N/A,25.482,7.4435,15.6466,0.8657,268.59,3.4528,0.6998,N/A,4.1068,N/A,4.224,10.1432,N/A,N/A,1.516,N/A,8.555,7.3083,45.39,N/A,2.1324,1.7197,2.6289,1.5541,9.7891,11.1074,14352.49,N/A,69.687,1788.62,18.3954,5.0456,2.1015,69.378,2.062,48.765,11.2261,
2009-08-20,1.4243,134.11,1.9558,N/A,25.585,7.4436,15.6466,0.8638,271.5,3.4528,0.6993,N/A,4.152,N/A,4.2335,10.1977,N/A,N/A,1.5169,N/A,8.5955,7.332,45.22,N/A,2.125,1.7124,2.6194,1.56,9.7305,11.0398,14326.89,N/A,69.371,1777.5,18.2733,5.0228,2.1055,68.964,2.0617,48.462,11.3161,
2009-08-19,1.4112,132.55,1.9558,N/A,25.711,7.4433,15.6466,0.8608,274.41,3.4528,0.7003,N/A,4.1935,N/A,4.2288,10.2585,N/A,N/A,1.5152,N/A,8.67,7.3185,45.056,N/A,2.1285,1.7239,2.6237,1.5657,9.6443,10.9397,14296.39,N/A,68.86,1775.37,18.3202,5.0048,2.1108,68.442,2.0494,48.058,11.424,
2009-08-18,1.4101,134.12,1.9558,N/A,25.568,7.4433,15.6466,0.8566,272.66,3.4528,0.7002,N/A,4.1645,N/A,4.2188,10.2375,N/A,N/A,1.5207,N/A,8.6735,7.3093,45.105,N/A,2.1117,1.7116,2.6281,1.5606,9.6365,10.9302,14133,N/A,68.806,1762.49,18.2467,4.9882,2.0985,68.047,2.045,48.021,11.345,
2009-08-17,1.4072,132.94,1.9558,N/A,25.785,7.4435,15.6466,0.8629,274.07,3.4528,0.7,N/A,4.198,N/A,4.2245,10.288,N/A,N/A,1.5212,N/A,8.7265,7.3027,45.48,N/A,2.1222,1.7208,2.6396,1.5621,9.6203,10.9068,14119.06,N/A,68.812,1771.04,18.3075,4.985,2.1155,68.076,2.0434,47.95,11.5338,
2009-08-14,1.4294,135.61,1.9558,N/A,25.733,7.4444,15.6466,0.8616,269.2,3.4528,0.7,N/A,4.124,N/A,4.213,10.1835,N/A,N/A,1.5267,N/A,8.6165,7.312,45.12,N/A,2.116,1.6939,2.602,1.5509,9.7688,11.0784,14246.96,N/A,68.961,1769.06,18.3544,5.0279,2.0785,68.695,2.0628,48.635,11.5152,
2009-08-13,1.4293,137.52,1.9558,N/A,25.738,7.4447,15.6466,0.85865,268.21,3.4528,0.7008,N/A,4.1085,N/A,4.215,10.196,N/A,N/A,1.5328,N/A,8.608,7.3245,45.412,N/A,2.1056,1.6931,2.6029,1.5451,9.7674,11.0786,14225.1,N/A,68.692,1759.41,18.3544,5.0147,2.1021,68.495,2.0599,48.664,11.369,
2009-08-12,1.417,135.77,1.9558,N/A,25.768,7.4445,15.6466,0.85965,273.6,3.4528,0.701,N/A,4.1813,N/A,4.2218,10.2656,N/A,N/A,1.5276,N/A,8.7325,7.3259,46.09,N/A,2.1267,1.7201,2.6176,1.5633,9.6853,10.9828,14162.71,N/A,68.533,1767.31,18.52,5.0027,2.1294,68.102,2.0509,48.277,11.5202,
2009-08-11,1.4166,136.72,1.9558,N/A,25.77,7.4449,15.6466,0.8584,273.1,3.4528,0.7011,N/A,4.174,N/A,4.2163,10.3486,N/A,N/A,1.5301,N/A,8.8265,7.3224,45.769,N/A,2.1225,1.6965,2.6277,1.5537,9.6825,10.9793,14054.16,N/A,67.94,1759.28,18.3946,4.973,2.1126,67.596,2.0489,48.228,11.5304,
2009-08-10,1.4202,138.01,1.9558,N/A,25.678,7.445,15.6466,0.85355,269.31,3.4528,0.7006,N/A,4.1154,N/A,4.2095,10.2129,N/A,N/A,1.5345,N/A,8.694,7.3269,45.0035,N/A,2.0929,1.6895,2.5813,1.5361,9.7062,11.007,14103.4,N/A,67.9,1742.67,18.3135,4.9771,2.0985,67.729,2.0468,48.322,11.4031,
2009-08-07,1.4357,136.89,1.9558,N/A,25.91,7.4448,15.6466,0.8567,272.8,3.4528,0.7023,N/A,4.167,N/A,4.2168,10.3008,N/A,N/A,1.5288,N/A,8.7515,7.335,45.445,N/A,2.13,1.7161,2.6336,1.554,9.8084,11.1272,14308.44,N/A,68.576,1761.67,18.7072,5.0257,2.1315,68.557,2.0628,48.778,11.6875,
2009-08-06,1.437,137.31,1.9558,N/A,25.944,7.445,15.6466,0.8524,269.89,3.4528,0.7025,N/A,4.145,N/A,4.2121,10.2707,N/A,N/A,1.529,N/A,8.6635,7.3359,44.951,N/A,2.122,1.7067,2.6129,1.5416,9.8164,11.1369,14275.85,N/A,68.401,1759.06,18.711,5.0158,2.1435,68.626,2.0632,48.833,11.585,
2009-08-05,1.441,137.38,1.9558,N/A,25.945,7.445,15.6466,0.84695,267,3.4528,0.7028,N/A,4.1005,N/A,4.2045,10.2683,N/A,N/A,1.5316,N/A,8.6685,7.3383,44.8946,N/A,2.1019,1.708,2.6141,1.5507,9.8433,11.1678,14279.88,N/A,68.332,1762.11,18.9082,5.0399,2.1347,68.976,2.0653,48.98,11.3966,
2009-08-04,1.4384,136.22,1.9558,N/A,25.863,7.4452,15.6466,0.84845,267.05,3.4528,0.7025,N/A,4.1233,N/A,4.2145,10.3043,N/A,N/A,1.5286,N/A,8.704,7.347,44.842,N/A,2.1091,1.7116,2.6393,1.5369,9.8246,11.1477,14208.64,N/A,68.439,1753.18,18.9279,5.0265,2.1609,68.824,2.0622,48.884,11.2817,
2009-08-03,1.4303,135.86,1.9558,N/A,25.695,7.4449,15.6466,0.8492,265.7,3.4528,0.7023,N/A,4.1088,N/A,4.203,10.2983,N/A,N/A,1.5246,N/A,8.68,7.356,44.4465,N/A,2.0956,1.702,2.6482,1.5274,9.7701,11.0849,14163.96,N/A,68.068,1745.63,18.7627,5.0168,2.1445,68.742,2.0513,48.652,11.0823,
2009-07-31,1.4138,135.33,1.9558,N/A,25.573,7.4461,15.6466,0.8556,266.53,3.4528,0.7023,N/A,4.159,N/A,4.2185,10.3358,N/A,N/A,1.5317,N/A,8.715,7.3523,44.54,N/A,2.087,1.706,2.6482,1.5234,9.6592,10.957,14068.37,N/A,67.95,1728.71,18.6678,4.9801,2.1578,67.941,2.0377,48.112,11.0368,
2009-07-30,1.4053,133.89,1.9558,N/A,25.581,7.4453,15.6466,0.8524,268.31,3.4528,0.7014,N/A,4.1775,N/A,4.207,10.4515,N/A,N/A,1.5314,N/A,8.749,7.3615,44.506,N/A,2.0861,1.7042,2.6495,1.524,9.6014,10.8911,13989.56,N/A,67.89,1735.5,18.6483,4.9628,2.1555,67.602,2.0296,47.857,11.0079,
2009-07-29,1.4104,133.86,1.9558,N/A,25.54,7.4451,15.6466,0.8611,269.75,3.4528,0.702,N/A,4.1928,N/A,4.2183,10.5849,N/A,N/A,1.5268,N/A,8.789,7.342,44.217,N/A,2.0975,1.722,2.6679,1.5335,9.635,10.9307,14043.96,N/A,68.3,1752.15,18.716,4.9836,2.1457,67.859,2.0353,47.989,11.1778,
2009-07-28,1.4229,134.53,1.9558,N/A,25.501,7.4453,15.6466,0.8622,267.55,3.4528,0.7012,N/A,4.1765,N/A,4.205,10.585,N/A,N/A,1.5224,N/A,8.766,7.333,43.8914,N/A,2.0992,1.7138,2.6697,1.5378,9.7197,11.0287,14121.19,N/A,68.605,1762.97,18.8641,4.9937,2.1531,68.334,2.0497,48.3,11.1131,
2009-07-27,1.4269,135.61,1.9558,N/A,25.517,7.4449,15.6466,0.8653,268,3.4528,0.7024,N/A,4.1761,N/A,4.2075,10.5265,N/A,N/A,1.5237,N/A,8.801,7.327,43.8435,N/A,2.1122,1.7331,2.695,1.5433,9.7472,11.0586,14222.2,N/A,68.727,1772.48,18.7709,5.0205,2.1697,68.535,2.0545,48.465,11.0541,
2009-07-24,1.4227,134.92,1.9558,N/A,25.472,7.4447,15.6466,0.867,266.59,3.4528,0.703,N/A,4.188,N/A,4.215,10.5995,N/A,N/A,1.5217,N/A,8.86,7.332,44.099,N/A,2.11,1.7413,2.6904,1.5407,9.7185,11.0259,14226.34,N/A,68.617,1775.37,18.7555,5.0214,2.1663,68.387,2.0487,48.322,11.0494,
2009-07-23,1.4229,134.23,1.9558,N/A,25.625,7.4452,15.6466,0.8617,271.26,3.4528,0.703,N/A,4.25,N/A,4.235,10.7567,N/A,N/A,1.5203,N/A,8.925,7.319,44.361,N/A,2.118,1.7376,2.6957,1.5606,9.7198,11.0275,14268.07,N/A,68.94,1779.06,18.7681,5.0371,2.1579,68.426,2.0504,48.357,10.9471,
2009-07-22,1.4191,132.49,1.9558,N/A,25.825,7.4458,15.6466,0.8648,271.55,3.4528,0.702,N/A,4.2548,N/A,4.2348,10.8073,N/A,N/A,1.5164,N/A,8.92,7.3362,44.2661,N/A,2.1247,1.7455,2.6989,1.5704,9.6933,10.998,14316.74,N/A,68.855,1777.34,18.8286,5.0421,2.1657,68.065,2.048,48.271,11.0069,
2009-07-21,1.4223,134.1,1.9558,N/A,25.815,7.4464,15.6466,0.8653,271.3,3.4528,0.7005,N/A,4.2525,N/A,4.2368,10.8925,N/A,N/A,1.5186,N/A,8.9515,7.334,44.11,N/A,2.136,1.7438,2.701,1.5689,9.7153,11.0229,14301.78,N/A,68.896,1774.19,18.8597,5.0378,2.1647,68.161,2.0491,48.351,11.1587,
2009-07-20,1.4217,134.44,1.9558,N/A,25.838,7.4462,15.6466,0.8601,272.9,3.4528,0.7004,N/A,4.298,N/A,4.239,11.0023,N/A,N/A,1.5198,N/A,9.0085,7.3352,43.98,N/A,2.1476,1.751,2.7122,1.5702,9.7118,11.0184,14202.88,N/A,68.533,1772.41,18.7878,5.035,2.1714,68.141,2.0489,48.359,11.2989,
2009-07-17,1.409,132.06,1.9558,N/A,25.918,7.4453,15.6466,0.8653,274.2,3.4528,0.7,N/A,4.3355,N/A,4.2475,11.0476,N/A,N/A,1.5193,N/A,8.996,7.336,44.801,N/A,2.1525,1.7621,2.7293,1.5734,9.6259,10.9198,14340.05,N/A,68.661,1780.6,19.1765,5.0238,2.1884,67.567,2.0438,47.991,11.414,
2009-07-16,1.413,132.63,1.9558,N/A,25.861,7.4456,15.6466,0.8591,272.82,3.4528,0.7005,N/A,4.29,N/A,4.2313,11.0135,N/A,N/A,1.5154,N/A,9.0015,7.327,44.9351,N/A,2.157,1.7582,2.7279,1.5787,9.6526,10.9512,14305.53,N/A,68.771,1795.45,19.1829,5.0465,2.1852,67.739,2.0501,48.13,11.4575,
2009-07-15,1.4089,131.57,1.9558,N/A,25.9,7.4453,15.6466,0.8576,273.25,3.4528,0.7004,N/A,4.29,N/A,4.2165,10.9746,N/A,N/A,1.5179,N/A,9.019,7.324,44.9035,N/A,2.1625,1.7551,2.7472,1.5813,9.625,10.9194,14275.68,N/A,68.515,1797.93,19.2836,5.0206,2.178,67.5,2.046,48.01,11.4842,
2009-07-14,1.3991,130.34,1.9558,N/A,26.014,7.4458,15.6466,0.85755,275.79,3.4528,0.7012,N/A,4.3557,N/A,4.2165,10.9725,N/A,N/A,1.5159,N/A,9.0355,7.332,45.189,N/A,2.154,1.7689,2.7537,1.6018,9.5599,10.8436,14284.31,N/A,68.507,1815.93,19.1327,5.0179,2.1988,67.362,2.0404,47.758,11.4694,
2009-07-13,1.3975,129.03,1.9558,N/A,26.028,7.4451,15.6466,0.8678,277.96,3.4528,0.7,N/A,4.402,N/A,4.2238,11.0518,N/A,N/A,1.5133,N/A,9.07,7.331,45.89,N/A,2.1701,1.801,2.785,1.6239,9.5487,10.8308,14310.09,N/A,68.603,1831.85,19.1576,5.0338,2.2407,67.508,2.0483,47.732,11.5835,
2009-07-10,1.3901,128.21,1.9558,N/A,26.03,7.4466,15.6466,0.858,277.5,3.4528,0.6993,N/A,4.374,N/A,4.216,11.0022,N/A,N/A,1.514,N/A,9.084,7.3315,45.4005,N/A,2.1636,1.794,2.8084,1.6212,9.4983,10.7736,14174.11,N/A,67.823,1786.89,19.0303,4.9731,2.225,67.026,2.0331,47.382,11.4023,
2009-07-09,1.399,130.05,1.9558,N/A,25.933,7.4469,15.6466,0.8606,275,3.4528,0.6997,N/A,4.3548,N/A,4.2142,10.9785,N/A,N/A,1.5119,N/A,9.074,7.345,44.52,N/A,2.1625,1.7831,2.8025,1.6182,9.5575,10.8426,14193.23,N/A,68.145,1787.29,18.8424,4.986,2.2194,67.306,2.0408,47.669,11.333,
2009-07-08,1.3901,131.02,1.9558,N/A,26.047,7.4469,15.6466,0.86495,278.1,3.4528,0.7,N/A,4.4338,N/A,4.2178,11.06,N/A,N/A,1.5162,N/A,9.077,7.343,44.125,N/A,2.1623,1.7728,2.7686,1.6206,9.4984,10.7738,14248.39,N/A,67.962,1776.14,18.701,4.9522,2.2168,67.049,2.0323,47.368,11.345,
2009-07-07,1.4019,133.61,1.9558,N/A,25.882,7.4465,15.6466,0.8638,273.2,3.4528,0.6971,N/A,4.374,N/A,4.2117,10.965,N/A,N/A,1.5181,N/A,9.0565,7.3425,44.0625,N/A,2.1593,1.7484,2.7321,1.6223,9.5788,10.8648,14374.43,N/A,67.614,1784.41,18.51,4.9746,2.1996,67.591,2.042,47.794,11.1837,
2009-07-06,1.3897,132.44,1.9558,N/A,25.954,7.4461,15.6466,0.8612,273.7,3.4528,0.6969,N/A,4.387,N/A,4.2083,10.9205,N/A,N/A,1.5198,N/A,9.054,7.3296,43.811,N/A,2.154,1.7605,2.7401,1.6193,9.4979,10.7704,14217.14,N/A,67.505,1762.78,18.549,4.9265,2.2175,67.069,2.0265,47.424,11.135,
2009-07-03,1.4009,134.32,1.9558,N/A,25.865,7.4459,15.6466,0.85625,272.55,3.4528,0.6975,N/A,4.3525,N/A,4.2035,10.9135,N/A,N/A,1.5228,N/A,8.966,7.3208,43.7877,N/A,2.148,1.7552,2.7271,1.6203,9.5714,10.857,14274.83,N/A,67.075,1773.07,18.5339,4.9403,2.2119,67.282,2.0352,47.757,11.082,
2009-07-02,1.4049,135.95,1.9558,N/A,25.755,7.446,15.6466,0.8573,268.45,3.4528,0.7005,N/A,4.3543,N/A,4.2062,10.84,N/A,N/A,1.5235,N/A,8.9375,7.2992,43.8009,N/A,2.1489,1.7525,2.7222,1.6201,9.5974,10.8879,14374.42,N/A,67.358,1783.8,18.4393,4.9452,2.2168,67.569,2.0377,47.9,10.9708,
2009-07-01,1.4096,136.53,1.9558,N/A,25.77,7.4455,15.6466,0.8562,271.11,3.4528,0.7024,N/A,4.3904,N/A,4.1941,10.72,N/A,N/A,1.5241,N/A,8.98,7.2715,43.887,N/A,2.1559,1.7485,2.7367,1.6224,9.6319,10.9247,14421.33,N/A,67.513,1797.53,18.5228,4.9604,2.2017,67.623,2.0393,47.99,10.9048,
2009-06-30,1.4134,135.51,1.9558,N/A,25.882,7.447,15.6466,0.8521,271.55,3.4528,0.7036,N/A,4.452,N/A,4.2072,10.8125,N/A,N/A,1.5265,N/A,9.018,7.273,43.881,N/A,2.1614,1.7359,2.7469,1.6275,9.6545,10.954,14427.58,N/A,67.518,1802.43,18.5537,4.9681,2.1656,67.865,2.0441,48.14,10.8853,
2009-06-29,1.4058,134.03,1.9558,N/A,26.02,7.4463,15.6466,0.84865,276.21,3.4528,0.7007,N/A,4.496,N/A,4.2135,10.8658,N/A,N/A,1.526,N/A,9.034,7.2801,43.8375,N/A,2.1619,1.7451,2.7209,1.6236,9.607,10.8949,14435.59,N/A,67.549,1807.3,18.5321,4.9758,2.1673,67.783,2.0444,47.846,10.9867,
2009-06-26,1.4096,134.5,1.9558,N/A,25.998,7.4464,15.6466,0.8543,275.3,3.4528,0.699,N/A,4.4945,N/A,4.2174,10.9595,N/A,N/A,1.5275,N/A,9.04,7.286,43.858,N/A,2.1645,1.7457,2.721,1.6168,9.6329,10.9245,14407.13,N/A,67.802,1805.28,18.5461,4.9794,2.1795,67.921,2.0493,47.997,11.1439,
2009-06-25,1.394,134.34,1.9558,N/A,26.08,7.4455,15.6466,0.8567,277.1,3.4528,0.6963,N/A,4.516,N/A,4.2232,11.0718,N/A,N/A,1.5311,N/A,9.076,7.3105,43.54,N/A,2.1691,1.7488,2.7368,1.62,9.5276,10.8037,14328.78,N/A,67.752,1794.95,18.4593,4.9292,2.187,67.111,2.0336,47.57,11.2586,
2009-06-24,1.4029,133.77,1.9558,N/A,26.16,7.4447,15.6466,0.8493,277.75,3.4528,0.697,N/A,4.532,N/A,4.2268,11.026,N/A,N/A,1.5183,N/A,9.009,7.3147,43.8104,N/A,2.1829,1.7566,2.7652,1.6105,9.5857,10.8725,14564.2,N/A,68.083,1799.18,18.6351,4.9564,2.1806,67.514,2.0401,47.888,11.2993,
2009-06-23,1.3978,133.49,1.9558,N/A,26.207,7.4442,15.6466,0.85735,281.2,3.4528,0.697,N/A,4.5462,N/A,4.235,11.1025,N/A,N/A,1.5031,N/A,9.099,7.2725,43.93,N/A,2.1944,1.7744,2.8152,1.6101,9.5537,10.8331,14691.82,N/A,67.867,1799.72,18.5385,4.958,2.2046,67.5,2.037,47.742,11.4724,
2009-06-22,1.3858,133.02,1.9558,N/A,26.019,7.4444,15.6466,0.84255,278.62,3.4528,0.697,N/A,4.523,N/A,4.2203,11.0785,N/A,N/A,1.5074,N/A,8.986,7.2664,43.41,N/A,2.1652,1.742,2.7612,1.5871,9.4728,10.7404,14494.01,N/A,67.114,1771.4,18.6446,4.9064,2.1844,66.871,2.0214,47.335,11.2912,
2009-06-19,1.3932,134.84,1.9558,N/A,26.357,7.4434,15.6466,0.84715,279.5,3.4528,0.6975,N/A,4.5138,N/A,4.2143,10.9725,N/A,N/A,1.5102,N/A,8.8995,7.278,43.4098,N/A,2.1642,1.7283,2.7325,1.5708,9.5242,10.7976,14491,N/A,66.888,1761.36,18.5714,4.9264,2.1685,67.36,2.0274,47.585,11.291,
2009-06-18,1.392,133.57,1.9558,N/A,26.645,7.444,15.6466,0.8583,283.57,3.4528,0.698,N/A,4.5575,N/A,4.2319,10.966,N/A,N/A,1.5013,N/A,8.8825,7.292,43.4455,N/A,2.1822,1.7528,2.7519,1.5758,9.5139,10.7885,14310.78,N/A,66.969,1761.44,18.6946,4.9284,2.1923,67.322,2.0292,47.533,11.348,
2009-06-17,1.384,133.28,1.9558,N/A,26.695,7.4447,15.6466,0.8522,283.8,3.4528,0.6985,N/A,4.5283,N/A,4.2323,10.8932,N/A,N/A,1.5096,N/A,8.918,7.278,43.324,N/A,2.1575,1.7528,2.7427,1.5794,9.463,10.7263,14223.55,N/A,66.418,1737.55,18.6785,4.8904,2.2077,66.845,2.0196,47.302,11.1715,
2009-06-16,1.389,134.78,1.9558,N/A,26.773,7.4446,15.6466,0.8437,280.08,3.4528,0.7,N/A,4.5305,N/A,4.2338,10.8595,N/A,N/A,1.507,N/A,8.917,7.2676,43.2647,N/A,2.1435,1.7324,2.6887,1.5612,9.4926,10.765,14202.52,N/A,66.116,1742.77,18.5015,4.8893,2.1809,66.921,2.0233,47.372,11.1064,
2009-06-15,1.385,136.08,1.9558,N/A,26.839,7.4465,15.6466,0.8472,280.4,3.4528,0.7035,N/A,4.526,N/A,4.22,10.8345,N/A,N/A,1.511,N/A,8.9055,7.235,43.2745,N/A,2.1438,1.7285,2.6851,1.569,9.4684,10.7344,14090.25,N/A,66.085,1742.1,18.6982,4.8871,2.1953,67.054,2.019,47.353,11.1603,
2009-06-12,1.4004,137.55,1.9558,N/A,26.655,7.4457,15.6466,0.8538,277.81,3.4528,0.6966,N/A,4.4791,N/A,4.2001,10.7555,N/A,N/A,1.5099,N/A,8.8845,7.2582,43.3717,N/A,2.1532,1.7255,2.7099,1.5708,9.5701,10.8543,14138.5,N/A,66.664,1750.32,18.7584,4.9091,2.1893,66.418,2.0338,47.768,11.2452,
2009-06-11,1.3969,137.39,1.9558,N/A,26.745,7.4464,15.6466,0.8507,280.2,3.4528,0.6975,N/A,4.4815,N/A,4.197,10.8025,N/A,N/A,1.512,N/A,8.914,7.26,43.263,N/A,2.16,1.7209,2.725,1.5428,9.5475,10.8276,14150.14,N/A,66.513,1758.01,19.0474,4.8996,2.1835,66.746,2.0296,47.676,11.258,
2009-06-10,1.4102,138.03,1.9558,N/A,26.748,7.4462,15.6466,0.8583,278.17,3.4528,0.6995,N/A,4.4645,N/A,4.197,10.7296,N/A,N/A,1.5158,N/A,8.843,7.2639,43.632,N/A,2.1698,1.7387,2.7136,1.55,9.6365,10.9307,14109.8,N/A,66.745,1771.6,19.1153,4.9294,2.2257,66.846,2.0431,48.01,11.3326,
2009-06-09,1.3959,136.8,1.9558,N/A,26.796,7.4456,15.6466,0.8632,280.13,3.4528,0.6995,N/A,4.477,N/A,4.2015,10.7995,N/A,N/A,1.5158,N/A,8.9135,7.304,43.5033,N/A,2.1656,1.7571,2.7084,1.5402,9.5415,10.8202,14066.46,N/A,66.291,1765.04,18.6965,4.9226,2.2385,66.302,2.0357,47.733,11.3584,
2009-06-08,1.3866,136.53,1.9558,N/A,27,7.4465,15.6466,0.8709,287.19,3.4528,0.706,N/A,4.5563,N/A,4.222,10.8925,N/A,N/A,1.5166,N/A,8.936,7.3164,43.5215,N/A,2.1594,1.759,2.7388,1.5548,9.4803,10.7491,13973.65,N/A,65.94,1731.15,18.5345,4.8829,2.2337,65.877,2.023,47.664,11.3459,
2009-06-05,1.4177,137.48,1.9558,N/A,27.003,7.4472,15.6466,0.8792,289.1,3.4528,0.7094,N/A,4.542,N/A,4.2185,10.925,N/A,N/A,1.5191,N/A,8.97,7.355,43.5789,N/A,2.1834,1.7606,2.7345,1.5657,9.6871,10.9887,14078.75,N/A,66.791,1768.65,18.7066,4.9556,2.2263,67.016,2.053,48.464,11.4189,
2009-06-04,1.4095,136.32,1.9558,N/A,26.931,7.4479,15.6466,0.8689,287.1,3.4528,0.7093,N/A,4.5193,N/A,4.2145,10.8115,N/A,N/A,1.5126,N/A,8.9055,7.358,43.644,N/A,2.1784,1.7732,2.7713,1.5694,9.6313,10.9257,14218.04,N/A,66.535,1757.87,18.838,4.922,2.248,66.481,2.04,48.141,11.3902,
2009-06-03,1.4207,136.33,1.9558,N/A,26.816,7.4463,15.6466,0.8597,282.9,3.4528,0.7093,N/A,4.4998,N/A,4.1936,10.7766,N/A,N/A,1.5175,N/A,8.921,7.3396,43.6217,N/A,2.1748,1.7414,2.7466,1.5459,9.7044,11.0125,14378.47,N/A,66.858,1755.81,18.7632,4.9504,2.2013,66.967,2.0462,48.368,11.4022,
2009-06-02,1.4238,136.09,1.9558,N/A,26.83,7.4456,15.6466,0.8652,281.7,3.4528,0.7095,N/A,4.4877,N/A,4.186,10.6375,N/A,N/A,1.5137,N/A,8.7725,7.3383,43.5755,N/A,2.1779,1.7443,2.7677,1.5433,9.7261,11.0373,14609.18,N/A,66.942,1758.24,18.8725,4.9676,2.1767,67.291,2.048,48.58,11.481,
2009-06-01,1.422,134.89,1.9558,N/A,26.783,7.4457,15.6466,0.868,280.73,3.4528,0.7093,N/A,4.462,N/A,4.1831,10.5965,N/A,N/A,1.514,N/A,8.81,7.352,43.5185,N/A,2.1719,1.7552,2.7752,1.5397,9.7073,11.0224,14548.56,N/A,66.781,1771.36,18.6033,4.9365,2.1916,66.779,2.0455,48.49,11.3333,
2009-05-29,1.4098,135.22,1.9558,N/A,26.825,7.4453,15.6466,0.8729,282.48,3.4528,0.7093,N/A,4.4762,N/A,4.1825,10.6678,N/A,N/A,1.5128,N/A,8.8785,7.35,43.4455,N/A,2.1737,1.7671,2.832,1.5501,9.6263,10.9273,14539.26,N/A,66.426,1764.04,18.434,4.9167,2.2135,66.516,2.035,48.377,11.2413,
2009-05-28,1.3856,134.38,1.9558,N/A,26.761,7.4445,15.6466,0.87,284.75,3.4528,0.7093,N/A,4.491,N/A,4.1975,10.7353,N/A,N/A,1.5117,N/A,8.9615,7.3305,43.3105,N/A,2.1775,1.7753,2.8136,1.5544,9.461,10.7427,14306.32,N/A,65.968,1736.18,18.3176,4.8669,2.2223,65.504,2.0146,47.685,11.2268,
2009-05-27,1.3901,132.48,1.9558,N/A,26.725,7.4442,15.6466,0.8706,282.85,3.4528,0.7091,N/A,4.4363,N/A,4.1833,10.654,N/A,N/A,1.5135,N/A,8.871,7.3055,43.3886,N/A,2.1844,1.7773,2.7991,1.5536,9.4917,10.777,14441.13,N/A,66.266,1759.31,18.3082,4.8702,2.2501,65.698,2.0188,47.799,11.5155,
2009-05-26,1.3908,132.06,1.9558,N/A,26.699,7.4453,15.6466,0.876,282.43,3.4528,0.7091,N/A,4.4235,N/A,4.1795,10.5545,N/A,N/A,1.5144,N/A,8.951,7.2899,43.6023,N/A,2.1709,1.7949,2.8318,1.5698,9.5,10.7809,14279.65,N/A,66.564,1750.97,18.3412,4.8852,2.2622,65.721,2.0205,47.962,11.6426,
2009-05-25,1.401,133.22,1.9558,N/A,26.683,7.4463,15.6466,0.8803,280.6,3.4528,0.709,N/A,4.414,N/A,4.171,10.472,N/A,N/A,1.5178,N/A,8.862,7.2929,43.4875,N/A,2.1672,1.7924,2.8322,1.5777,9.5601,10.8595,14286.69,N/A,66.274,1743.9,18.4372,4.8881,2.2652,65.674,2.0251,48.17,11.664,
2009-05-22,1.3972,131.41,1.9558,N/A,26.708,7.4458,15.6466,0.8781,278.39,3.4528,0.709,N/A,4.3843,N/A,4.1765,10.48,N/A,N/A,1.5217,N/A,8.875,7.319,43.5016,N/A,2.1468,1.7832,2.8254,1.5744,9.5334,10.831,14289.74,N/A,65.822,1737.38,18.3767,4.8769,2.2555,65.613,2.0157,47.973,11.5862,
2009-05-21,1.3771,130.84,1.9558,N/A,26.727,7.4458,15.6466,0.879,278.43,3.4528,0.709,N/A,4.396,N/A,4.1695,10.4476,N/A,N/A,1.5174,N/A,8.8382,7.3165,43.3869,N/A,2.1173,1.7861,2.8034,1.5754,9.3983,10.6757,14284.74,N/A,65.1093,1719.54,17.9932,4.8605,2.2779,65.059,2.0085,47.352,11.6269,
2009-05-20,1.369,131.06,1.9558,N/A,26.615,7.4452,15.6466,0.8826,277.85,3.4528,0.709,N/A,4.3687,N/A,4.1617,10.4915,N/A,N/A,1.5124,N/A,8.81,7.3634,43.332,N/A,2.0996,1.7655,2.7819,1.5724,9.3434,10.6134,14093.38,N/A,64.918,1706.82,17.6943,4.8428,2.2609,64.59,1.9994,47.169,11.5106,
2009-05-19,1.3612,130.91,1.9558,N/A,26.669,7.4465,15.6466,0.8794,278.18,3.4528,0.7091,N/A,4.377,N/A,4.1655,10.4705,N/A,N/A,1.5146,N/A,8.745,7.36,43.3374,N/A,2.0923,1.7563,2.7959,1.5754,9.2896,10.5513,13946.3,N/A,65.045,1695.45,17.5799,4.8057,2.2512,64.169,1.9914,46.839,11.5437,
2009-05-18,1.3494,129.28,1.9558,N/A,26.92,7.4455,15.6466,0.8825,284.15,3.4528,0.7091,N/A,4.468,N/A,4.1735,10.6049,N/A,N/A,1.5115,N/A,8.7785,7.3785,43.3415,N/A,2.0981,1.7776,2.8217,1.5779,9.2124,10.4609,14006.04,N/A,64.623,1694.43,17.8339,4.7964,2.2861,64.045,1.9803,46.635,11.6534,
2009-05-15,1.3518,128.67,1.9558,N/A,27.028,7.4465,15.6466,0.8905,289.4,3.4528,0.7095,N/A,4.4795,N/A,4.2,10.6372,N/A,N/A,1.5023,N/A,8.817,7.4026,43.528,N/A,2.1249,1.7924,2.833,1.5894,9.2271,10.4783,14106.1,N/A,66.769,1693.55,17.9411,4.7982,2.3,64.313,1.9852,46.718,11.6846,
2009-05-14,1.3563,129.41,1.9558,N/A,26.94,7.4477,15.6466,0.8981,289.73,3.4528,0.7093,N/A,4.4875,N/A,4.1945,10.771,N/A,N/A,1.5053,N/A,8.832,7.3593,43.7155,N/A,2.1431,1.8115,2.8759,1.5971,9.2567,10.5116,14092.17,N/A,67.422,1713.23,18.0502,4.8115,2.3066,64.706,1.9891,46.908,11.7049,
2009-05-13,1.3623,130.9,1.9558,N/A,26.785,7.4474,15.6466,0.8998,281.44,3.4528,0.7093,N/A,4.4118,N/A,4.1668,10.6525,N/A,N/A,1.5054,N/A,8.84,7.3476,43.5957,N/A,2.1254,1.7883,2.8369,1.5832,9.2942,10.5584,14094.96,N/A,67.72,1689.23,18.1731,4.8028,2.2749,64.376,1.9943,47.04,11.4978,
2009-05-12,1.3683,132.9,1.9558,N/A,26.744,7.4485,15.6466,0.8934,278.78,3.4528,0.7091,N/A,4.386,N/A,4.1533,10.6218,N/A,N/A,1.5088,N/A,8.751,7.351,43.8935,N/A,2.1349,1.7858,2.8039,1.5865,9.334,10.6045,14171.36,N/A,67.481,1694.6,18.0274,4.8062,2.2555,64.443,1.9923,47.282,11.5129,
2009-05-11,1.3574,132.82,1.9558,N/A,26.767,7.449,15.6466,0.8986,277.45,3.4528,0.7092,N/A,4.382,N/A,4.1599,10.5205,N/A,N/A,1.5057,N/A,8.702,7.3562,43.8726,N/A,2.1136,1.7835,2.8151,1.5676,9.2615,10.5198,14114.82,N/A,67.205,1674.7,17.8577,4.7733,2.2537,64.098,1.9835,46.98,11.4055,
2009-05-08,1.3425,133.36,1.9558,N/A,26.65,7.4486,15.6466,0.8907,277.75,3.4528,0.7091,N/A,4.351,N/A,4.1335,10.512,N/A,N/A,1.5142,N/A,8.6415,7.3582,43.598,N/A,2.0833,1.7702,2.8066,1.5582,9.1583,10.4044,13915.01,N/A,66.162,1668.53,17.5465,4.7216,2.2531,63.185,1.9676,46.8,11.2542,
2009-05-07,1.3363,132.72,1.9558,N/A,26.463,7.4487,15.6466,0.8847,276.6,3.4528,0.7091,N/A,4.3038,N/A,4.118,10.477,N/A,N/A,1.5166,N/A,8.62,7.3629,43.6295,N/A,2.0601,1.7591,2.806,1.5569,9.116,10.3566,13891.45,N/A,65.612,1681.34,17.3576,4.7098,2.2385,63.152,1.9591,46.63,11.1581,
2009-05-06,1.3322,131.17,1.9558,N/A,26.805,7.4485,15.6466,0.8861,285.83,3.4528,0.7093,N/A,4.4135,N/A,4.1592,10.616,N/A,N/A,1.5089,N/A,8.735,7.3744,43.736,N/A,2.093,1.7917,2.8549,1.5689,9.0877,10.3245,13885.52,N/A,66.064,1702.95,17.6967,4.7073,2.2857,63.515,1.9651,46.857,11.3237,
2009-05-05,1.3403,132.59,1.9558,N/A,26.478,7.4482,15.6466,0.8859,283.26,3.4528,0.7094,N/A,4.3483,N/A,4.1632,10.5865,N/A,N/A,1.5113,N/A,8.687,7.3979,43.9435,N/A,2.0918,1.7998,2.8339,1.5669,9.1407,10.3873,14106.66,N/A,66.077,1700.3,17.759,4.7045,2.2994,64.051,1.9713,47.058,11.1356,
2009-05-04,1.3223,131.52,1.9558,N/A,26.637,7.4483,15.6466,0.8897,288.23,3.4528,0.7092,N/A,4.407,N/A,4.1916,10.6665,N/A,N/A,1.5093,N/A,8.69,7.4135,43.7095,N/A,2.1045,1.803,2.8605,1.5681,9.0221,10.248,13897.63,N/A,65.996,1677.21,18.2134,4.6697,2.3137,63.574,1.9619,46.585,11.0624,
2009-04-30,1.3275,130.34,1.9558,N/A,26.701,7.4484,15.6466,0.89335,289.73,3.4528,0.7093,N/A,4.3993,N/A,4.1892,10.6915,N/A,N/A,1.5066,N/A,8.7245,7.4101,43.863,N/A,2.1145,1.8146,2.885,1.5786,9.0575,10.2881,14071.5,N/A,66.262,1696.88,18.295,4.7259,2.3378,63.924,1.962,46.808,11.2426,
2009-04-29,1.3266,128.53,1.9558,N/A,26.69,7.4483,15.6466,0.89875,289.2,3.4528,0.7092,N/A,4.414,N/A,4.1883,10.7597,N/A,N/A,1.5064,N/A,8.732,7.4225,43.93,N/A,2.1182,1.8434,2.8973,1.5942,9.0547,10.2816,14333.91,N/A,66.376,1771.85,18.1459,4.7592,2.3233,64.713,1.9708,46.915,11.3115,
2009-04-28,1.2992,125.08,1.9558,N/A,26.723,7.4485,15.6466,0.89035,295.95,3.4528,0.7093,N/A,4.547,N/A,4.2283,10.7475,N/A,N/A,1.5038,N/A,8.764,7.4403,43.671,N/A,2.1292,1.8511,2.9081,1.5918,8.8692,10.069,14135.3,N/A,65.632,1757.75,18.283,4.7122,2.331,63.485,1.9504,46.05,11.4661,
2009-04-27,1.3125,126.82,1.9558,N/A,26.636,7.4488,15.6466,0.90075,295.79,3.4528,0.7093,N/A,4.5866,N/A,4.2233,10.7273,N/A,N/A,1.5078,N/A,8.763,7.4346,43.865,N/A,2.1355,1.8397,2.9121,1.5953,8.961,10.1719,14207.81,N/A,65.95,1761,17.9944,4.7211,2.3234,63.734,1.9637,46.528,11.5812,
2009-04-24,1.3232,128.3,1.9558,N/A,26.736,7.4492,15.6466,0.906,295.82,3.4528,0.7092,N/A,4.4886,N/A,4.2367,10.831,N/A,N/A,1.5102,N/A,8.69,7.4241,43.991,N/A,2.1362,1.8402,2.9014,1.6121,9.0339,10.2548,14290.56,N/A,65.862,1772.03,17.3372,4.7443,2.3294,63.874,1.9693,46.835,11.7136,
2009-04-23,1.305,128.28,1.9558,N/A,26.831,7.4494,15.6466,0.8968,296.81,3.4528,0.7092,N/A,4.4355,N/A,4.2438,10.9158,N/A,N/A,1.513,N/A,8.69,7.43,43.937,N/A,2.135,1.8304,2.8727,1.6108,8.913,10.1138,14257.13,N/A,65.165,1759.27,17.2423,4.7274,2.3258,63.28,1.9594,46.321,11.6328,
2009-04-22,1.2947,126.85,1.9558,N/A,27.073,7.4486,15.6466,0.8882,298,3.4528,0.7094,N/A,4.414,N/A,4.2408,11.0375,N/A,N/A,1.5121,N/A,8.7605,7.4245,43.9595,N/A,2.1314,1.837,2.8866,1.6106,8.8428,10.034,14112.23,N/A,65.162,1747.85,17.048,4.7185,2.3269,63.033,1.9509,46.046,11.594,
2009-04-21,1.2932,126.82,1.9558,N/A,27.035,7.4492,15.6466,0.8886,300.35,3.4528,0.7093,N/A,4.4177,N/A,4.2438,11.176,N/A,N/A,1.5114,N/A,8.794,7.3839,44.1807,N/A,2.1511,1.8509,2.9052,1.6051,8.8354,10.0223,14063.55,N/A,65.271,1744,17.3677,4.7131,2.3347,62.7,1.9493,45.986,11.8312,
2009-04-20,1.2966,127.8,1.9558,N/A,27.018,7.4494,15.6466,0.8896,299.2,3.4528,0.7092,N/A,4.3758,N/A,4.2353,11.118,N/A,N/A,1.5174,N/A,8.7925,7.4049,43.7864,N/A,2.1251,1.8386,2.8761,1.5985,8.8604,10.0491,13925.48,N/A,65.063,1730.5,17.2318,4.7099,2.3149,62.3,1.9562,46.127,11.771,
2009-04-17,1.3058,129.67,1.9558,N/A,26.797,7.4492,15.6466,0.8828,293.85,3.4528,0.7092,N/A,4.2925,N/A,4.2149,11.0405,N/A,N/A,1.5218,N/A,8.744,7.3843,43.6835,N/A,2.1052,1.8125,2.8366,1.5815,8.922,10.1202,14037.35,N/A,65.107,1734.1,17.0616,4.7224,2.2891,62.37,1.9603,46.317,11.6983,
2009-04-16,1.3196,130.5,1.9558,N/A,26.92,7.4488,15.6466,0.8856,293.34,3.4528,0.7095,N/A,4.291,N/A,4.2128,10.934,N/A,N/A,1.5127,N/A,8.837,7.3733,44.047,N/A,2.1164,1.8315,2.8771,1.5874,9.0163,10.2273,14119.72,N/A,65.66,1761.1,17.1911,4.7492,2.3137,62.81,1.9757,46.681,11.91,
2009-04-15,1.3173,130.7,1.9558,N/A,26.883,7.4498,15.6466,0.8821,290.79,3.4528,0.7092,N/A,4.3005,N/A,4.1935,10.865,N/A,N/A,1.51,N/A,8.8405,7.3767,44.1005,N/A,2.1162,1.8352,2.9223,1.6004,9.0001,10.2094,14351.98,N/A,65.437,1757.28,17.4346,4.7522,2.2912,62.79,1.981,46.758,12.1509,
2009-04-14,1.3276,132.57,1.9558,N/A,26.571,7.4493,15.6466,0.8915,289.5,3.4528,0.7092,N/A,4.348,N/A,4.1545,10.846,N/A,N/A,1.5151,N/A,8.788,7.3808,44.3217,N/A,2.0856,1.8221,2.8859,1.6117,9.0702,10.2891,14470.84,N/A,65.816,1755.59,17.365,4.7614,2.2546,63.08,1.9904,46.984,11.9557,
2009-04-09,1.3273,133.05,1.9558,N/A,26.51,7.4504,15.6466,0.9044,289.85,3.4528,0.7093,N/A,4.4285,N/A,4.147,10.859,N/A,N/A,1.526,N/A,8.793,7.397,44.5043,N/A,2.09,1.8595,2.9044,1.6328,9.0717,10.2872,15098.04,N/A,66.345,1759.51,17.59,4.7869,2.2875,63.63,2.0111,47.046,12.0532,
2009-04-08,1.3231,132.37,1.9558,N/A,26.593,7.4509,15.6466,0.89935,296.88,3.4528,0.7093,N/A,4.4785,N/A,4.1831,10.8975,N/A,N/A,1.517,N/A,8.896,7.4216,44.6317,N/A,2.1143,1.8644,2.9241,1.634,9.0446,10.2546,14988.08,N/A,66.406,1783.34,17.8023,4.8035,2.2963,63.34,2.0064,46.884,12.165,
2009-04-07,1.3255,132.8,1.9558,N/A,26.569,7.4486,15.6466,0.90505,296.8,3.4528,0.7094,N/A,4.4963,N/A,4.1655,10.878,N/A,N/A,1.5169,N/A,8.8085,7.431,44.479,N/A,2.138,1.8715,2.9704,1.6501,9.0622,10.2738,15077.56,N/A,66.302,1747.67,18.2323,4.7619,2.2998,63.33,2.0064,47.025,12.1835,
2009-04-06,1.3496,136.02,1.9558,N/A,26.558,7.4485,15.6466,0.9052,294.3,3.4528,0.7092,N/A,4.4373,N/A,4.1538,10.74,N/A,N/A,1.5247,N/A,8.785,7.4364,44.7815,N/A,2.123,1.8954,2.9853,1.6656,9.2242,10.4611,15284.22,N/A,67.48,1767,18.2,4.7999,2.2923,64.46,2.0316,47.607,12.1319,
2009-04-03,1.3425,134.08,1.9558,N/A,26.593,7.4482,15.6466,0.9093,295.58,3.4528,0.7095,N/A,4.4541,N/A,4.1755,10.7751,N/A,N/A,1.5236,N/A,8.7975,7.4334,44.8257,N/A,2.1447,1.8813,2.9816,1.6664,9.1757,10.4045,15382.37,N/A,67.232,1797,18.4493,4.8062,2.2968,64.25,2.0203,47.545,12.3201,
2009-04-02,1.3392,133.48,1.9558,N/A,26.888,7.4509,15.6466,0.9129,298.65,3.4528,0.7094,N/A,4.492,N/A,4.2237,10.8215,N/A,N/A,1.526,N/A,8.848,7.4707,44.833,N/A,2.1665,1.8797,3.0049,1.6725,9.1533,10.3789,15374.02,N/A,67.429,1781.81,18.4274,4.8178,2.3258,64.21,2.0143,47.321,12.396,
2009-04-01,1.3246,130.86,1.9558,N/A,27.151,7.4482,15.6466,0.9206,304.81,3.4528,0.7092,N/A,4.554,N/A,4.2282,10.9303,N/A,N/A,1.5106,N/A,8.885,7.463,44.879,N/A,2.1782,1.9081,3.0572,1.6764,9.0527,10.2665,15471.33,N/A,66.985,1817.28,18.5914,4.8315,2.3525,63.93,2.0161,47.043,12.459,
2009-03-31,1.3308,131.17,1.9558,N/A,27.388,7.4482,15.6466,0.9308,308.18,3.4528,0.7096,N/A,4.6885,N/A,4.2385,10.94,N/A,N/A,1.5152,N/A,8.89,7.4769,45.032,N/A,2.2212,1.9216,3.0767,1.6685,9.0942,10.314,15570.36,N/A,67.392,1840.63,18.7623,4.8514,2.3288,64.32,2.0234,47.223,12.614,
2009-03-30,1.3193,127.93,1.9558,N/A,27.469,7.4488,15.6466,0.9291,308.65,3.4528,0.7096,N/A,4.726,N/A,4.2238,10.9662,N/A,N/A,1.5159,N/A,8.951,7.485,44.8913,N/A,2.2352,1.9386,3.0608,1.6533,9.0893,10.225,15244.51,N/A,67.964,1848.04,19.1611,4.856,2.3448,63.98,2.0055,47.257,12.8433,
2009-03-27,1.3295,129.91,1.9558,N/A,27.225,7.449,15.6466,0.9285,304.37,3.4528,0.7096,N/A,4.6483,N/A,4.2515,10.8935,N/A,N/A,1.5189,N/A,8.8,7.4705,44.7692,N/A,2.2222,1.923,3.0178,1.6446,9.0838,10.3041,15285.26,N/A,67.333,1792.41,19.1149,4.8061,2.3312,64.08,2.016,47.024,12.73,
2009-03-26,1.3607,133.63,1.9558,N/A,27.233,7.4488,15.6466,0.9316,302,3.4528,0.7095,N/A,4.5675,N/A,4.2655,10.8765,N/A,N/A,1.5266,N/A,8.8175,7.4682,45.4005,N/A,2.255,1.9349,3.0426,1.6707,9.2191,10.4579,15797.73,N/A,68.246,1810.75,19.2525,4.8909,2.3497,65.53,2.0349,47.627,12.7498,
2009-03-25,1.3494,132.24,1.9558,N/A,27.29,7.4486,15.6466,0.92425,300.22,3.4528,0.7095,N/A,4.56,N/A,4.2811,10.9565,N/A,N/A,1.523,N/A,8.7275,7.475,45.411,N/A,2.2433,1.931,3.0442,1.6598,9.2176,10.458,15754.25,N/A,68.374,1837.68,19.3909,4.8956,2.3847,64.88,2.0376,47.89,12.8317,
2009-03-24,1.3507,132.68,1.9558,N/A,27.015,7.4495,15.6466,0.9206,300.85,3.4528,0.7097,N/A,4.5504,N/A,4.2953,10.9165,N/A,N/A,1.5267,N/A,8.6365,7.4484,45.2115,N/A,2.2415,1.9341,3.0581,1.656,9.2247,10.4679,15397.98,N/A,68.508,1869.8,19.3636,4.897,2.3877,64.96,2.0427,47.822,12.7911,
2009-03-23,1.3558,131.12,1.9558,N/A,26.82,7.4506,15.6466,0.92945,304.15,3.4528,0.7093,N/A,4.5703,N/A,4.294,11.076,N/A,N/A,1.5301,N/A,8.6345,7.4667,45.2775,N/A,2.2674,1.9475,3.0522,1.6753,9.2623,10.5054,15693.39,N/A,68.304,1887.52,19.171,4.9381,2.3938,65.06,2.0493,47.897,12.8424,
2009-03-20,1.3549,129.87,1.9558,N/A,26.628,7.4515,15.6466,0.9395,298.36,3.4528,0.7083,N/A,4.5662,N/A,4.2972,11.056,N/A,N/A,1.5291,N/A,8.65,7.4511,45.492,N/A,2.2872,1.9685,3.0519,1.677,9.2509,10.5008,15974.27,N/A,68.517,1901.81,19.1995,4.9352,2.424,65.36,2.0535,47.848,13.068,
2009-03-19,1.3671,129.67,1.9558,N/A,26.779,7.4514,15.6466,0.9405,298.5,3.4528,0.708,N/A,4.541,N/A,4.3003,10.8663,N/A,N/A,1.5385,N/A,8.645,7.4555,45.6515,N/A,2.3047,1.9771,3.0624,1.6732,9.3352,10.5972,16357.35,N/A,68.779,1897.94,18.8722,4.9933,2.4601,65.83,2.0589,48.43,13.0797,
2009-03-18,1.313,128.94,1.9558,N/A,26.988,7.4508,15.6466,0.9391,301.7,3.4528,0.7075,N/A,4.5427,N/A,4.2965,10.963,N/A,N/A,1.5332,N/A,8.809,7.4395,45.1795,N/A,2.2459,1.984,2.9982,1.6563,8.974,10.1787,15677.22,N/A,67.344,1859.6,18.5133,4.8351,2.4753,63.48,2.0004,47.025,12.9205,
2009-03-17,1.2942,128.1,1.9558,N/A,26.513,7.4544,15.6466,0.9265,299.68,3.4528,0.7075,N/A,4.49,N/A,4.2968,11.0265,N/A,N/A,1.5327,N/A,8.8315,7.4543,44.7465,N/A,2.2111,1.9624,2.9523,1.6495,8.8487,10.0327,15530.4,N/A,66.535,1835.14,18.395,4.7562,2.441,62.41,1.9839,46.365,12.9218,
2009-03-16,1.3042,128.51,1.9558,N/A,26.523,7.4563,15.6466,0.92055,295.53,3.4528,0.7075,N/A,4.433,N/A,4.286,10.9869,N/A,N/A,1.5421,N/A,8.765,7.4347,45.1465,N/A,2.2067,1.9679,2.9706,1.6534,8.9183,10.1109,15585.19,N/A,67.036,1852.79,18.7348,4.7897,2.4568,63.05,1.9972,46.71,12.9043,
2009-03-13,1.2905,127.03,1.9558,N/A,26.601,7.454,15.6466,0.922,297.71,3.4528,0.7072,N/A,4.4905,N/A,4.2797,11.1025,N/A,N/A,1.536,N/A,8.823,7.452,44.7265,N/A,2.2032,1.9587,2.9589,1.6413,8.8244,10.0054,15453.74,N/A,66.454,1914.39,18.9445,4.7819,2.4607,62.52,1.9899,46.413,12.8276,
2009-03-12,1.2782,124.3,1.9558,N/A,27.015,7.4526,15.6466,0.9308,302.25,3.4528,0.707,N/A,4.604,N/A,4.2853,11.2122,N/A,N/A,1.5225,N/A,8.892,7.4404,44.9973,N/A,2.2284,1.9785,2.9724,1.646,8.7414,9.912,15427.87,N/A,66.326,1916.3,19.2753,4.7198,2.4984,62.06,1.9553,45.98,12.9469,
2009-03-11,1.2786,125.35,1.9558,N/A,26.963,7.4498,15.6466,0.9255,300.26,3.4528,0.7074,N/A,4.5905,N/A,4.2815,11.2475,N/A,N/A,1.4772,N/A,8.832,7.421,44.7644,N/A,2.214,1.9657,2.974,1.6325,8.7461,9.9165,15375.17,N/A,65.413,1889.77,19.4155,4.7263,2.5266,61.76,1.96,45.994,13.0033,
2009-03-10,1.2783,125.45,1.9558,N/A,27.213,7.4502,15.6466,0.9229,305.99,3.4528,0.7071,N/A,4.6953,N/A,4.2917,11.4625,N/A,N/A,1.4667,N/A,8.936,7.4391,44.7625,N/A,2.2793,1.9842,3.0203,1.6349,8.7451,9.9144,15269.29,N/A,65.9091,1940.59,19.6603,4.7201,2.5472,61.69,1.9615,46.025,13.2937,
2009-03-09,1.2565,124.4,1.9558,N/A,27.64,7.4509,15.6466,0.9114,310.6,3.4528,0.7073,N/A,4.746,N/A,4.2958,11.5655,N/A,N/A,1.4669,N/A,8.974,7.4498,44.791,N/A,2.2826,1.9883,2.9981,1.6405,8.5945,9.7455,15090.57,N/A,65.175,1958.55,19.2596,4.671,2.5399,60.95,1.9504,45.435,13.3742,
2009-03-06,1.2658,122.53,1.9558,N/A,28.038,7.4505,15.6466,0.89,316.5,3.4528,0.7076,N/A,4.7311,N/A,4.2915,11.7135,N/A,N/A,1.4637,N/A,8.953,7.4224,45.2865,N/A,2.265,1.9783,3.0244,1.6258,8.6581,9.8175,15303.52,N/A,65.436,1958.55,19.3799,4.7056,2.5134,61.23,1.9562,45.675,13.3247,
2009-03-05,1.2555,124.71,1.9558,N/A,27.744,7.4506,15.6466,0.8903,311.63,3.4528,0.7071,N/A,4.7225,N/A,4.2793,11.4825,N/A,N/A,1.4765,N/A,8.906,7.4211,45.0615,N/A,2.208,1.9573,2.9954,1.6139,8.5885,9.7405,15222.94,N/A,64.997,1963.6,19.1903,4.6799,2.5065,60.92,1.9531,45.468,13.2079,
2009-03-04,1.2555,124.67,1.9558,N/A,27.736,7.4506,15.6466,0.8902,310.05,3.4528,0.7075,N/A,4.714,N/A,4.2895,11.5175,N/A,N/A,1.4782,N/A,8.94,7.423,45.2445,N/A,2.1708,1.957,3.0172,1.6156,8.5915,9.7421,15153.89,N/A,64.702,1940.31,19.1181,4.6623,2.508,60.95,1.9443,45.311,13.1435,
2009-03-03,1.2615,123.64,1.9558,N/A,27.961,7.451,15.6466,0.89575,306.84,3.4528,0.7087,N/A,4.735,N/A,4.299,11.4853,N/A,N/A,1.4826,N/A,9.0125,7.3747,45.7697,N/A,2.1802,1.9619,3.0468,1.6219,8.6303,9.7866,15131.69,N/A,65.56,1968.44,19.2631,4.6795,2.5303,61.56,1.955,45.603,13.23,
2009-03-02,1.2596,122.52,1.9558,N/A,28.291,7.4512,15.6466,0.8933,307.03,3.4528,0.7095,N/A,4.75,N/A,4.3028,11.5755,N/A,N/A,1.4809,N/A,9.028,7.3759,45.5782,N/A,2.1752,1.9869,3.0409,1.6229,8.623,9.7701,15215.97,N/A,65.354,1993.95,19.3739,4.6958,2.5511,61.74,1.9587,45.661,13.0664,
2009-02-27,1.2644,123.23,1.9558,N/A,28.09,7.4504,15.6466,0.8931,300.46,3.4528,0.7095,N/A,4.703,N/A,4.3025,11.4524,N/A,N/A,1.4841,N/A,8.886,7.4334,45.4977,N/A,2.1558,1.9891,3.0093,1.5985,8.6482,9.8053,15147.51,N/A,64.573,1950.91,19.1416,4.6852,2.5275,61.58,1.9559,45.714,12.8146,
2009-02-26,1.2782,125.33,1.9558,N/A,28.333,7.4499,15.6466,0.8913,300.02,3.4528,0.7094,N/A,4.696,N/A,4.2904,11.3175,N/A,N/A,1.4848,N/A,8.778,7.386,45.535,N/A,2.158,1.959,3.0144,1.5885,8.7429,9.9108,15386.97,N/A,64.415,1931.75,19.042,4.6916,2.4953,61.9,1.9633,45.939,12.635,
2009-02-25,1.2795,123.76,1.9558,N/A,28.35,7.4495,15.6466,0.8884,299.63,3.4528,0.7093,N/A,4.6515,N/A,4.2823,11.306,N/A,N/A,1.4848,N/A,8.746,7.3924,45.8005,N/A,2.1605,1.9685,3.0503,1.5947,8.7485,9.921,15385.99,N/A,63.77,1938.03,18.9687,4.6951,2.4847,61.61,1.9534,45.774,12.7223,
2009-02-24,1.2763,122.4,1.9558,N/A,28.363,7.4498,15.6466,0.8797,299.05,3.4528,0.7071,N/A,4.683,N/A,4.2725,11.3423,N/A,N/A,1.4805,N/A,8.735,7.505,45.9195,N/A,2.1675,1.9797,3.0558,1.5996,8.7264,9.8956,15315.6,N/A,63.71,1933.19,19.0488,4.677,2.5072,61.45,1.9508,45.565,12.866,
2009-02-23,1.2798,121.09,1.9558,N/A,28.451,7.4504,15.6466,0.878,297.05,3.4528,0.707,N/A,4.6435,N/A,4.2822,11.135,N/A,N/A,1.4908,N/A,8.719,7.4617,46.0205,N/A,2.1552,1.9796,3.0459,1.6001,8.7487,9.9226,15255.22,N/A,63.766,1910.81,18.8611,4.6783,2.4967,61.37,1.9537,45.593,12.7708,
2009-02-20,1.2591,118.62,1.9558,N/A,28.81,7.4501,15.6466,0.881,304.45,3.4528,0.7063,N/A,4.7495,N/A,4.285,11.0728,N/A,N/A,1.4921,N/A,8.7495,7.4726,45.5664,N/A,2.1585,1.9746,2.997,1.5911,8.6087,9.7631,15235.11,N/A,62.483,1903.67,18.5969,4.6291,2.4957,60.76,1.9359,44.994,12.84,
2009-02-19,1.2705,118.99,1.9558,N/A,28.587,7.4504,15.6466,0.8823,300.39,3.4528,0.7068,N/A,4.6749,N/A,4.2733,10.8987,N/A,N/A,1.4922,N/A,8.679,7.4745,45.697,N/A,2.1361,1.9597,2.952,1.5868,8.6844,9.8521,15347.64,N/A,63.1248,1874.24,18.4667,4.6437,2.4653,60.87,1.9389,45.179,12.6859,
2009-02-18,1.2596,116.83,1.9558,N/A,28.847,7.4513,15.6466,0.8846,302.72,3.4528,0.7073,N/A,4.7865,N/A,4.282,11.1088,N/A,N/A,1.4792,N/A,8.86,7.4323,45.3942,N/A,2.1338,1.9726,2.933,1.5882,8.6131,9.768,15178.18,N/A,62.577,1865.69,18.4342,4.607,2.4691,60.11,1.9263,44.546,12.8353,
2009-02-17,1.2634,116.2,1.9558,N/A,29.49,7.452,15.6466,0.8851,307.15,3.4528,0.7076,N/A,4.8795,N/A,4.305,10.978,N/A,N/A,1.4813,N/A,8.794,7.4736,45.7558,N/A,2.1209,1.975,2.9121,1.5959,8.641,9.7966,15539.82,N/A,62.456,1850.88,18.4469,4.5994,2.479,60.45,1.9275,44.554,12.8734,
2009-02-16,1.2765,117.33,1.9558,N/A,29.15,7.4525,15.6466,0.8945,303.35,3.4528,0.7084,N/A,4.787,N/A,4.3162,10.923,N/A,N/A,1.4883,N/A,8.777,7.4047,44.9847,N/A,2.1248,1.9622,2.8958,1.5912,8.7236,9.8979,15266.94,N/A,62.063,1826.58,18.605,4.6177,2.4638,60.59,1.9369,44.914,12.8193,
2009-02-13,1.2823,117.59,1.9558,N/A,28.56,7.4524,15.6466,0.88415,298.22,3.4528,0.7071,N/A,4.643,N/A,4.3005,10.7455,N/A,N/A,1.4931,N/A,8.719,7.4355,44.4395,N/A,2.113,1.9404,2.9137,1.5833,8.7626,9.9411,15195.26,N/A,62.095,1801.31,18.3946,4.6221,2.4325,60.35,1.9334,44.977,12.7845,
2009-02-12,1.2833,115.46,1.9558,N/A,28.62,7.4524,15.6466,0.903,298.55,3.4528,0.7066,N/A,4.605,N/A,4.2951,10.7945,N/A,N/A,1.4885,N/A,8.8155,7.466,44.6081,N/A,2.1249,1.9844,2.9468,1.5994,8.7703,9.9479,15348.27,N/A,62.356,1813.05,18.7362,4.6404,2.4738,60.6,1.9384,45.063,12.9636,
2009-02-11,1.2938,116.5,1.9558,N/A,28.575,7.4518,15.6466,0.9,295.99,3.4528,0.7046,N/A,4.5848,N/A,4.2875,10.8175,N/A,N/A,1.4972,N/A,8.69,7.43,45.55,N/A,2.1222,1.9745,2.9763,1.6138,8.8409,10.0287,15331.53,N/A,62.956,1802.65,18.8571,4.6632,2.4693,60.8,1.9517,45.393,12.8976,
2009-02-10,1.2967,118.39,1.9558,N/A,28.02,7.4526,15.6466,0.8771,287.7,3.4528,0.7031,N/A,4.4495,N/A,4.251,10.5205,N/A,N/A,1.5061,N/A,8.641,7.438,46.4113,N/A,2.099,1.94,2.9208,1.5866,8.8598,10.0521,15326.99,N/A,63.104,1799.56,18.4391,4.6539,2.4176,60.54,1.9414,45.381,12.5682,
2009-02-09,1.3008,119.21,1.9558,N/A,27.799,7.452,15.6466,0.871,287.9,3.4528,0.703,N/A,4.4835,N/A,4.2444,10.4375,N/A,N/A,1.506,N/A,8.662,7.4361,46.7135,N/A,2.0976,1.9257,2.917,1.5969,8.8894,10.0858,15303.91,N/A,63.219,1798.23,18.3674,4.6731,2.4248,61.14,1.9436,45.548,12.4715,
2009-02-06,1.2796,116.7,1.9558,N/A,28.02,7.4516,15.6466,0.8706,292.6,3.4528,0.7035,N/A,4.5995,N/A,4.2575,10.5655,N/A,N/A,1.5012,N/A,8.773,7.4045,46.4607,N/A,2.0891,1.9407,2.9229,1.6001,8.7453,9.9228,15067.29,N/A,62.093,1764.06,18.3271,4.6053,2.4684,60.4,1.9233,44.818,12.7049,
2009-02-05,1.2829,115.04,1.9558,N/A,28.248,7.4511,15.6466,0.878,294.99,3.4528,0.7032,N/A,4.6485,N/A,4.279,10.6265,N/A,N/A,1.4919,N/A,8.779,7.3952,46.601,N/A,2.1032,1.9772,2.9559,1.5807,8.7708,9.9472,14962.46,N/A,62.426,1770.63,18.5251,4.6372,2.5033,60.72,1.9325,44.845,12.7571,
2009-02-04,1.2818,114.28,1.9558,N/A,28.38,7.4514,15.6466,0.8901,298.5,3.4528,0.702,N/A,4.674,N/A,4.305,10.6693,N/A,N/A,1.4896,N/A,8.892,7.3872,46.527,N/A,2.1074,2.0006,2.9618,1.5928,8.7598,9.9394,15061.15,N/A,62.257,1774.08,18.6886,4.6484,2.5325,60.35,1.9351,44.778,12.9327,
2009-02-03,1.2849,115.02,1.9558,N/A,28.398,7.453,15.6466,0.9029,299.25,3.4528,0.7014,N/A,4.5495,N/A,4.3065,10.7506,N/A,N/A,1.4898,N/A,9.039,7.4047,46.5075,N/A,2.1138,2.0113,2.9841,1.6058,8.7891,9.9629,15001.21,N/A,62.189,1785.41,18.6413,4.6507,2.5418,61.22,1.9456,44.927,13.0019,
2009-02-02,1.276,114.04,1.9558,N/A,28.132,7.4536,15.6466,0.90335,297.98,3.4528,0.6987,N/A,4.4421,N/A,4.311,10.6765,N/A,N/A,1.4872,N/A,8.9415,7.3842,46.1685,N/A,2.1195,2.0318,3.005,1.585,8.7389,9.8956,15009.59,N/A,62.065,1783.17,18.4829,4.6134,2.5535,59.82,1.9344,44.619,13.0662,
2009-01-30,1.2816,114.98,1.9558,N/A,27.882,7.4531,15.6466,0.89785,299.08,3.4528,0.6992,N/A,4.462,N/A,4.309,10.609,N/A,N/A,1.4871,N/A,8.8875,7.37,45.7585,N/A,2.117,2.0115,2.964,1.5895,8.7636,9.9399,14610.24,N/A,62.401,1787.83,18.423,4.6234,2.5268,59.66,1.9346,44.811,13.1411,
2009-01-29,1.3111,118.07,1.9558,N/A,27.48,7.4522,15.6466,0.91725,287.28,3.4528,0.6988,N/A,4.384,N/A,4.243,10.5341,N/A,N/A,1.5063,N/A,8.8,7.3711,45.7293,N/A,2.1229,1.9942,2.9795,1.5963,8.9653,10.1696,14913.76,N/A,63.877,1795.81,18.5062,4.7186,2.5294,61.37,1.9726,45.764,12.9979,
2009-01-28,1.326,118.57,1.9558,N/A,27.351,7.4525,15.6466,0.92725,284.8,3.4528,0.7019,N/A,4.345,N/A,4.231,10.6145,N/A,N/A,1.5163,N/A,8.887,7.3618,44.7265,N/A,2.1408,1.9815,3.0381,1.6161,9.0672,10.2881,15016.95,N/A,64.875,1806.68,18.6953,4.7557,2.5024,61.67,1.9869,46.264,13.1241,
2009-01-27,1.3174,117.59,1.9558,N/A,27.638,7.4527,15.6466,0.9352,285.32,3.4528,0.703,N/A,4.354,N/A,4.238,10.5375,N/A,N/A,1.5017,N/A,8.8975,7.3608,43.535,N/A,2.1377,1.9884,3.0462,1.619,9.0084,10.222,14919.56,N/A,64.256,1830.92,18.5095,4.7762,2.4922,61.58,1.98,45.971,13.1772,
2009-01-26,1.299,115.82,1.9558,N/A,27.712,7.4535,15.6466,0.9395,285.41,3.4528,0.704,N/A,4.343,N/A,4.2517,10.6,N/A,N/A,1.5031,N/A,8.8935,7.4157,42.8528,N/A,2.1331,1.9773,3.005,1.5864,8.8826,10.0785,14717.67,N/A,63.092,1825.81,18.1211,4.7095,2.4621,61.51,1.9472,45.329,13.1069,
2009-01-23,1.2795,113.65,1.9558,N/A,28.106,7.4535,15.6466,0.9387,289.85,3.4528,0.7042,N/A,4.4405,N/A,4.3053,10.7058,N/A,N/A,1.4955,N/A,8.994,7.3973,42.2975,N/A,2.1433,1.9836,3.0121,1.6087,8.7492,9.9238,14496.74,N/A,62.9,1787.5,18.1433,4.6388,2.4592,60.58,1.9282,44.674,13.2081,
2009-01-22,1.2984,114.98,1.9558,N/A,27.7,7.4529,15.6466,0.9441,282.76,3.4528,0.7034,N/A,4.3255,N/A,4.3275,10.6905,N/A,N/A,1.5036,N/A,9.03,7.4417,42.3687,N/A,2.1454,1.9799,3.0259,1.6392,8.8773,10.0744,14607,N/A,63.524,1794.41,17.8933,4.685,2.4582,61.41,1.9428,45.334,13.0651,
2009-01-21,1.291,116.11,1.9558,N/A,27.584,7.4507,15.6466,0.9386,284.58,3.4528,0.7028,N/A,4.3465,N/A,4.3148,10.768,N/A,N/A,1.4764,N/A,9.0555,7.42,42.4185,N/A,2.1455,1.9937,3.0597,1.6345,8.8276,10.0167,14459.2,N/A,63.53,1775.03,18.0095,4.6689,2.4882,61.32,1.9418,45.114,13.2043,
2009-01-20,1.293,116.9,1.9558,N/A,27.895,7.4514,15.6466,0.9311,287.15,3.4528,0.7033,N/A,4.377,N/A,4.347,10.8895,N/A,N/A,1.4807,N/A,9.1915,7.4106,43.116,N/A,2.1659,1.9662,3.05,1.6364,8.8422,10.0328,14622.54,N/A,63.538,1781.72,18.1925,4.6684,2.4482,61.42,1.9519,45.21,13.3615,
2009-01-19,1.3182,119.16,1.9558,N/A,27.708,7.4509,15.6466,0.9047,283.55,3.4528,0.7035,N/A,4.3435,N/A,4.305,10.787,N/A,N/A,1.4812,N/A,9.12,7.3997,43.5998,N/A,2.1768,1.9628,3.0813,1.6492,9.0111,10.2273,14618.84,N/A,64.091,1800.62,18.4192,4.7198,2.4223,62.13,1.9693,46.038,13.2716,
2009-01-16,1.327,120.11,1.9558,N/A,27.17,7.4515,15.6466,0.8893,277.9,3.4528,0.7039,N/A,4.1805,N/A,4.279,10.7665,N/A,N/A,1.4863,N/A,9.2125,7.3821,43.1521,N/A,2.1333,1.9611,3.0853,1.6434,9.0732,10.2968,14634.16,N/A,64.399,1792.11,18.3524,4.7473,2.4182,62.63,1.972,46.279,13.1573,
2009-01-15,1.3085,116.97,1.9558,N/A,27.308,7.4512,15.6466,0.8966,281.45,3.4528,0.7043,N/A,4.2296,N/A,4.3,10.9925,N/A,N/A,1.4725,N/A,9.4275,7.3645,42.2892,N/A,2.1197,1.9818,3.1307,1.6373,8.9453,10.1552,14727.17,N/A,63.829,1816.16,18.62,4.7027,2.438,62.02,1.9598,45.66,13.33,
2009-01-14,1.3173,117.66,1.9558,N/A,26.917,7.4508,15.6466,0.9083,277.45,3.4528,0.705,N/A,4.144,N/A,4.288,10.9475,N/A,N/A,1.4761,N/A,9.431,7.3347,41.84,N/A,2.1085,1.9769,3.0598,1.6144,9.004,10.2177,14657.6,N/A,64.027,1777.43,18.271,4.7061,2.4262,62.08,1.9664,45.987,13.2389,
2009-01-13,1.3262,118.54,1.9558,N/A,26.765,7.452,15.6466,0.9112,277.73,3.4528,0.7051,N/A,4.1418,N/A,4.2813,10.9242,N/A,N/A,1.4858,N/A,9.4575,7.3418,41.4113,N/A,2.1233,1.9874,3.0785,1.632,9.0634,10.2852,14935.66,N/A,64.884,1811.06,18.4262,4.7458,2.3997,63.01,1.9754,46.298,13.3684,
2009-01-12,1.3394,120.48,1.9558,N/A,26.57,7.4527,15.6466,0.8956,279.4,3.4528,0.7058,N/A,4.043,N/A,4.277,10.7605,N/A,N/A,1.5005,N/A,9.413,7.3413,41.6005,N/A,2.1114,1.9478,3.0656,1.6021,9.1575,10.3867,14967.8,N/A,65.423,1830.93,18.3766,4.7837,2.3103,63.69,1.9898,46.819,13.4237,
2009-01-09,1.3684,124.4,1.9558,N/A,26.46,7.4523,15.6466,0.8948,276.13,3.4528,0.7066,N/A,4.0445,N/A,4.2323,10.7215,N/A,N/A,1.4998,N/A,9.4975,7.3212,41.5613,N/A,2.1212,1.9371,3.1228,1.6186,9.3538,10.615,15035.98,N/A,65.936,1843.92,18.7676,4.8448,2.316,64.52,2.0252,47.675,13.2321,
2009-01-08,1.3617,124.34,1.9558,N/A,26.198,7.4529,15.6466,0.8933,271.77,3.4528,0.7069,N/A,4.0315,N/A,4.1618,10.712,N/A,N/A,1.4941,N/A,9.4825,7.3096,41.47,N/A,2.1232,1.9357,3.0902,1.6344,9.3068,10.5586,15019.55,N/A,65.927,1817.19,18.4054,4.8211,2.3103,63.73,2.0181,47.564,13.1336,
2009-01-07,1.3595,126.77,1.9558,N/A,26.117,7.4522,15.6466,0.9043,266.14,3.4528,0.7069,N/A,3.9747,N/A,4.0995,10.5763,N/A,N/A,1.5006,N/A,9.3915,7.3019,39.9068,N/A,2.0672,1.8831,2.9977,1.6061,9.2908,10.5398,14750.58,N/A,66.364,1780.13,18.2717,4.7589,2.2717,63.15,1.999,47.351,12.715,
2009-01-06,1.3332,125.84,1.9558,N/A,26.41,7.453,15.6466,0.9176,266.67,3.4528,0.707,N/A,4.02,N/A,4.0675,10.5675,N/A,N/A,1.5018,N/A,9.385,7.2835,38.8859,N/A,2.0256,1.8727,2.9517,1.585,9.1138,10.3369,14665.2,N/A,64.827,1753.58,17.7949,4.6789,2.27,62.57,1.9719,46.755,12.4521,
2009-01-05,1.3582,126.81,1.9558,N/A,26.76,7.4488,15.6466,0.9358,267.13,3.4528,0.707,N/A,4.136,N/A,4.049,10.7075,N/A,N/A,1.506,N/A,9.395,7.3026,39.5915,N/A,2.0897,1.9189,3.1619,1.6475,9.2781,10.5303,15076.02,N/A,65.893,1799.52,18.5292,4.7503,2.3301,64.08,1.9987,47.462,12.8655,
2009-01-02,1.3866,126.64,1.9558,N/A,26.825,7.4499,15.6466,0.961,265.48,3.4528,0.7083,N/A,4.1638,N/A,4.035,10.8425,N/A,N/A,1.4874,N/A,9.695,7.3346,40.7819,N/A,2.138,1.9884,3.2456,1.6942,9.4608,10.7472,15391.26,N/A,67.125,1833.09,19.1718,4.808,2.3969,65.31,2.0265,48.212,13.0618,
2008-12-31,1.3917,126.14,1.9558,N/A,26.875,7.4506,15.6466,0.9525,266.7,3.4528,0.7083,N/A,4.1535,N/A,4.0225,10.87,N/A,30.126,1.485,N/A,9.75,7.3555,41.283,N/A,2.1488,2.0274,3.2436,1.6998,9.4956,10.7858,15239.12,N/A,N/A,1839.13,19.2333,4.8048,2.4191,65.93,2.004,48.285,13.0667,
2008-12-30,1.4098,127.4,1.9558,N/A,26.63,7.4506,15.6466,0.9742,266.33,3.4528,0.7079,N/A,4.1465,N/A,4.0202,10.95,N/A,30.145,1.4963,N/A,9.84,7.3348,41.4035,N/A,2.1606,2.0435,3.3127,1.7331,9.6364,10.9261,15507.8,N/A,N/A,1902.43,19.3143,4.904,2.4448,67.04,2.0325,48.998,13.3931,
2008-12-29,1.427,128.98,1.9558,N/A,26.455,7.4503,15.6466,0.97855,266.64,3.4528,0.7061,N/A,4.14,N/A,4.0649,10.9795,N/A,30.17,1.4931,N/A,9.945,7.3438,41.6925,N/A,2.1628,2.0595,3.3777,1.7408,9.7788,11.0599,15839.7,N/A,N/A,1828.49,19.186,4.966,2.4559,67.74,2.0532,49.938,13.6136,
2008-12-24,1.4005,126.65,1.9558,N/A,26.394,7.4495,15.6466,0.9493,267.76,3.4528,0.7061,N/A,4.0863,N/A,3.9754,11.2305,N/A,30.22,1.5043,N/A,9.915,7.3116,40.193,N/A,2.1313,2.054,3.3338,1.6984,9.579,10.8542,15720.61,N/A,N/A,1836.48,18.6827,4.873,2.4371,66.54,2.0201,48.464,13.4742,
2008-12-23,1.3978,126.03,1.9558,N/A,26.314,7.454,15.6466,0.94395,264.6,3.4528,0.7058,N/A,4.096,N/A,3.9525,10.9555,N/A,30.23,1.5175,N/A,9.76,7.2807,39.6624,N/A,2.1257,2.0442,3.3219,1.7041,9.5728,10.833,15620.42,N/A,N/A,1896.67,18.43,4.8511,2.4471,66.33,2.018,48.357,13.5989,
2008-12-22,1.397,125.66,1.9558,N/A,26.44,7.4527,15.6466,0.9432,266.12,3.4528,0.7053,N/A,4.094,N/A,3.9305,10.8335,N/A,30.175,1.5367,N/A,9.855,7.2387,39.6405,N/A,2.1215,2.0393,3.3077,1.6763,9.5708,10.8272,15786.1,N/A,N/A,1841.32,18.3426,4.8651,2.4247,66.1,2.0257,48.273,13.5054,
2008-12-19,1.394,124.74,1.9558,N/A,26.335,7.4498,15.6466,0.9287,265.84,3.4528,0.7081,N/A,4.0825,N/A,3.9313,10.8585,N/A,30.23,1.5448,N/A,9.8335,7.2372,38.966,N/A,2.119,2.047,3.3024,1.71,9.544,10.8035,15438.55,N/A,N/A,1832.9,18.3241,4.8379,2.4309,65.38,2.0329,48.093,13.6085,
2008-12-18,1.4616,129.22,1.9558,N/A,26.562,7.4496,15.6466,0.9509,268.61,3.4528,0.7088,N/A,4.167,N/A,3.9692,11.0475,N/A,30.18,1.5368,N/A,9.865,7.2353,39.8258,N/A,2.1938,2.0735,3.4374,1.7433,9.982,11.3274,16150.68,N/A,N/A,1884.37,19.2493,5.0608,2.4415,68.26,2.088,50.184,14.2689,
2008-12-17,1.4059,124.35,1.9558,N/A,26.255,7.4502,15.6466,0.91855,265.05,3.4528,0.7087,N/A,4.0885,N/A,3.9481,11.0075,N/A,30.197,1.564,N/A,9.515,7.2066,38.7895,N/A,2.1779,2.0469,3.3228,1.7004,9.6103,10.896,15500.05,N/A,N/A,1836.46,18.4454,4.9635,2.4298,65.94,2.0491,48.581,14.0379,
2008-12-16,1.369,123.2,1.9558,N/A,26.371,7.451,15.6466,0.8936,268.38,3.4528,0.7086,N/A,4.0555,N/A,3.9465,11.044,N/A,30.18,1.5814,N/A,9.515,7.1865,37.8234,N/A,2.1448,2.0374,3.2705,1.6832,9.3729,10.6103,15282.15,N/A,N/A,1869.16,18.2659,4.8702,2.4318,65.16,2.0196,47.614,14.1,
2008-12-15,1.351,122.42,1.9558,N/A,26.157,7.4502,15.6466,0.8994,266.74,3.4528,0.7092,N/A,3.9949,N/A,3.94,10.865,N/A,30.161,1.5789,N/A,9.322,7.1781,37.5615,N/A,2.1172,2.0246,3.2481,1.6555,9.2544,10.4703,15117.69,N/A,N/A,1859.35,18.4344,4.8129,2.4441,64.38,1.992,47.123,13.816,
2008-12-12,1.334,120.21,1.9558,N/A,25.99,7.4499,15.6466,0.89235,264.5,3.4528,0.7095,N/A,3.9592,N/A,3.929,10.6625,N/A,30.17,1.5746,N/A,9.211,7.1805,37.0077,N/A,2.0987,2.0291,3.1993,1.6598,9.1282,10.3384,15074.2,N/A,N/A,1833.58,17.8723,4.7791,2.45,64.23,1.9876,46.71,13.5835,
2008-12-11,1.3215,120.67,1.9558,N/A,25.965,7.4503,15.6466,0.8869,264.45,3.4528,0.7092,N/A,3.9865,N/A,3.9138,10.58,N/A,30.175,1.5737,N/A,9.2065,7.1818,36.7912,N/A,2.0504,1.9889,3.1663,1.6383,9.054,10.2417,14602.58,N/A,N/A,1800.54,17.5615,4.7138,2.399,63.13,1.9704,46.345,13.3991,
2008-12-10,1.2925,119.77,1.9558,N/A,25.9,7.4499,15.6466,0.87325,263.75,3.4528,0.7092,N/A,3.9566,N/A,3.878,10.567,N/A,30.189,1.5587,N/A,9.1285,7.1923,36.0941,N/A,2.028,1.9665,3.2406,1.6295,8.8708,10.0171,14185.19,N/A,N/A,1790.76,17.4681,4.6724,2.3696,62.47,1.9393,45.748,13.1916,
2008-12-09,1.2838,118.85,1.9558,N/A,25.738,7.4499,15.6466,0.8711,263.28,3.4528,0.7091,N/A,3.922,N/A,3.8913,10.5063,N/A,30.181,1.5593,290,9.15,7.1856,35.9805,N/A,2.034,1.9596,3.1845,1.6171,8.8242,9.95,14185.99,N/A,N/A,1837.76,17.2928,4.6441,2.373,62.32,1.9321,45.504,13.0851,
2008-12-08,1.2854,120.1,1.9558,N/A,25.712,7.4497,15.6466,0.8651,264.45,3.4528,0.7093,N/A,3.8875,N/A,3.8795,10.415,N/A,30.195,1.559,290,9.127,7.1948,36.0075,N/A,2.0341,1.9377,3.158,1.6067,8.8436,9.9633,14974.91,N/A,N/A,1865.53,17.3209,4.6756,2.369,62.47,1.94,45.702,13.1246,
2008-12-05,1.2665,116.91,1.9558,N/A,25.765,7.4495,15.6466,0.8666,265.32,3.4528,0.7093,N/A,3.8865,N/A,3.8558,10.5788,N/A,30.19,1.538,290,9.142,7.1816,35.7265,N/A,2.01,1.9895,3.2246,1.6354,8.715,9.8164,14754.73,N/A,N/A,1860.81,17.3099,4.6069,2.4016,62.12,1.9309,45.17,13.088,
2008-12-04,1.262,117.1,1.9558,N/A,25.72,7.4494,15.6466,0.8626,261,3.4528,0.7094,N/A,3.8625,N/A,3.845,10.5315,N/A,30.195,1.5335,290,9.0365,7.191,35.341,N/A,1.9875,1.9634,3.131,1.5948,8.6847,9.7826,15049.35,N/A,N/A,1871.95,17.2326,4.593,2.3593,62.36,1.9269,45.047,12.9849,
2008-12-03,1.2623,117.39,1.9558,N/A,25.636,7.4505,15.6466,0.85475,262.33,3.4528,0.7093,N/A,3.8506,N/A,3.8435,10.4545,N/A,30.225,1.5332,290,8.905,7.1913,35.3395,N/A,1.9926,1.9625,3.039,1.5853,8.6884,9.7852,15274,N/A,N/A,1849.9,17.161,4.5948,2.3804,62.23,1.9315,44.919,13.0017,
2008-12-02,1.2697,118.56,1.9558,N/A,25.688,7.4486,15.6466,0.84695,261.35,3.4528,0.7093,N/A,3.8325,N/A,3.8195,10.534,N/A,30.265,1.5311,290,8.965,7.1796,35.4538,N/A,2.0189,1.9602,2.9546,1.5756,8.7444,9.8416,15871.25,N/A,N/A,1864,17.2171,4.6211,2.3804,62.75,1.9425,45.157,13.123,
2008-12-01,1.2608,118.42,1.9558,N/A,25.613,7.4497,15.6466,0.84155,262.2,3.4528,0.7092,N/A,3.8445,N/A,3.82,10.3588,N/A,30.312,1.5262,290,8.8915,7.1275,35.3145,N/A,2.0189,1.9649,2.9823,1.5725,8.6804,9.7739,15633.92,N/A,N/A,1849.59,17.2604,4.5761,2.361,61.72,1.9292,45.036,12.9137,
2008-11-28,1.2727,121.46,1.9558,N/A,25.209,7.4517,15.6466,0.8299,259.56,3.4528,0.7095,N/A,3.7748,N/A,3.7925,10.3057,N/A,30.322,1.5455,280,8.92,7.1288,35.4978,N/A,2.0097,1.9533,2.9707,1.5775,8.6988,9.8641,15590.58,N/A,N/A,1860.69,16.9295,4.6116,2.3212,62.3,1.923,45.2,12.8495,
2008-11-27,1.29,123.04,1.9558,N/A,25.18,7.4521,15.6466,0.8358,261.65,3.4528,0.7095,N/A,3.7745,N/A,3.8688,10.2543,N/A,30.334,1.545,280,8.88,7.1299,35.3902,N/A,2.0329,1.9689,2.9077,1.5937,8.8081,10.0007,15963.75,N/A,N/A,1903.4,17.0022,4.6666,2.3399,63.03,1.9501,45.679,12.7107,
2008-11-26,1.2935,123.1,1.9558,N/A,25.08,7.4534,15.6466,0.8456,260.08,3.4528,0.7093,N/A,3.7675,N/A,3.8385,10.3173,N/A,30.355,1.5456,275,9.034,7.14,35.4275,N/A,2.0665,1.9992,3.0393,1.5985,8.8329,10.0322,15974.73,N/A,N/A,1900.54,17.2941,4.6857,2.3578,63.54,1.9556,45.599,12.9283,
2008-11-25,1.2811,123.08,1.9558,N/A,25.458,7.4541,15.6466,0.85375,262.3,3.4528,0.7093,N/A,3.8354,N/A,3.8098,10.3445,N/A,30.342,1.544,265,9.0815,7.1296,35.2125,N/A,2.0393,2.0086,3.0243,1.5912,8.7448,9.9329,16013.75,N/A,N/A,1939.59,17.1998,4.6389,2.3779,63.38,1.9448,45.14,12.818,
2008-11-24,1.2773,122.52,1.9558,N/A,25.383,7.4551,15.6466,0.8517,263.5,3.4528,0.7092,N/A,3.8565,N/A,3.803,10.4025,N/A,30.4,1.5437,265,8.938,7.1231,35.1375,N/A,2.0477,1.9936,3.0215,1.6134,8.7219,9.9025,16030.12,N/A,N/A,1890,17.2563,4.636,2.3619,63.72,1.9383,45.07,13.2003,
2008-11-21,1.2602,119.3,1.9558,N/A,25.7,7.4537,15.6466,0.841,266.78,3.4528,0.7093,N/A,3.8375,N/A,3.8035,10.371,N/A,30.404,1.5369,245,8.927,7.1317,34.6421,N/A,2.118,2.0278,3.0627,1.6151,8.6086,9.768,15626.48,N/A,N/A,1890.3,17.6428,4.5651,2.3854,62.83,1.9277,44.403,13.1848,
2008-11-20,1.2542,119.87,1.9558,N/A,25.635,7.4524,15.6466,0.8421,269.94,3.4528,0.7093,N/A,3.85,N/A,3.817,10.2395,N/A,30.38,1.529,245,8.87,7.135,34.5555,N/A,2.1354,1.9927,3.0198,1.5814,8.5718,9.7202,15363.95,N/A,N/A,1892.24,16.9003,4.5446,2.3209,62.76,1.9176,44.079,13.2315,
2008-11-19,1.2634,122.07,1.9558,N/A,25.718,7.4499,15.6466,0.8398,271,3.4528,0.7094,N/A,3.85,N/A,3.8503,10.1375,N/A,30.39,1.5228,240,8.87,7.1296,34.6655,N/A,2.1196,1.9547,2.9887,1.5634,8.6271,9.7915,15413.48,N/A,N/A,1827.95,16.6768,4.5609,2.3031,63.09,1.9299,44.251,13.2036,
2008-11-18,1.2653,121.92,1.9558,N/A,25.655,7.4484,15.6466,0.8421,271.09,3.4528,0.7093,N/A,3.8295,N/A,3.838,10.1845,N/A,30.38,1.5166,215,8.9,7.134,34.687,N/A,2.0995,1.9511,2.9279,1.5554,8.64,9.8061,15278.5,N/A,N/A,1839.11,16.6767,4.5582,2.2983,63.01,1.9312,44.317,12.99,
2008-11-17,1.266,121.93,1.9558,N/A,25.395,7.4474,15.6466,0.84825,268.5,3.4528,0.7093,N/A,3.773,N/A,3.797,10.0126,N/A,30.4,1.515,210,8.792,7.1307,34.7162,N/A,2.0674,1.943,2.9148,1.5502,8.6429,9.8116,15065.4,N/A,N/A,1810.38,16.5466,4.5582,2.2725,62.41,1.9281,44.291,12.7347,
2008-11-14,1.2675,122.17,1.9558,N/A,25.369,7.4474,15.6466,0.8598,270.55,3.4528,0.7093,N/A,3.7344,N/A,3.7475,9.9948,N/A,30.42,1.51,212,8.7525,7.1173,34.7235,N/A,2.0736,1.9301,2.9419,1.5504,8.6497,9.8233,14956.5,N/A,N/A,1788.06,16.4395,4.5573,2.2742,62.37,1.9243,44.331,12.9558,
2008-11-13,1.2525,120.34,1.9558,N/A,25.293,7.4479,15.6466,0.8442,269.75,3.4528,0.7094,N/A,3.7426,N/A,3.8023,10.118,N/A,30.41,1.4917,205,8.867,7.1255,34.5185,N/A,2.0486,1.9596,2.9083,1.5465,8.5546,9.7071,14842.13,N/A,N/A,1740.35,16.2136,4.5071,2.2515,61.75,1.8941,43.828,12.9985,
2008-11-12,1.253,121.81,1.9558,N/A,25.415,7.4458,15.6466,0.8231,271,3.4528,0.7091,N/A,3.7658,N/A,3.8563,10.1065,N/A,30.495,1.4868,202,8.7825,7.15,34.4759,N/A,2.0601,1.8992,2.8484,1.5193,8.5574,9.7119,14472.15,N/A,N/A,1712.85,16.3517,4.5014,2.1801,61.2,1.889,43.824,13.0813,
2008-11-11,1.2747,124.77,1.9558,N/A,25.35,7.4428,15.6466,0.8147,266.66,3.4528,0.7092,N/A,3.7485,N/A,3.7876,10.039,N/A,30.46,1.4978,200,8.744,7.1449,34.835,N/A,2.0205,1.9028,2.8069,1.5168,8.7,9.8789,14499.71,N/A,N/A,1701.5,16.4309,4.5704,2.1838,62.08,1.9099,44.544,12.8682,
2008-11-10,1.2891,127.89,1.9558,N/A,25.273,7.4465,15.6466,0.8165,265.51,3.4528,0.7094,N/A,3.645,N/A,3.7415,9.9747,N/A,30.425,1.5133,200,8.689,7.1446,34.6841,N/A,1.9625,1.8641,2.7315,1.511,8.8002,9.9907,14180.1,N/A,N/A,1697.74,16.3007,4.5725,2.143,62.5,1.9166,45.06,12.7043,
2008-11-07,1.2756,124.29,1.9558,N/A,25.092,7.4455,15.6466,0.80845,269,3.4528,0.7091,N/A,3.6615,N/A,3.733,10.0545,N/A,30.394,1.4983,200,8.721,7.1421,34.5055,N/A,1.9799,1.9096,2.7851,1.5224,8.7066,9.8861,14159.16,N/A,N/A,1691.51,16.5573,4.5309,2.1712,62.06,1.9088,44.589,12.8549,
2008-11-06,1.277,124.86,1.9558,N/A,24.905,7.4444,15.6466,0.805,261.94,3.4528,0.7081,N/A,3.602,N/A,3.713,10.0075,N/A,30.31,1.4988,205,8.718,7.1461,34.4665,N/A,1.953,1.8773,2.7305,1.4972,8.7155,9.8973,14047,N/A,N/A,1706.07,16.3328,4.525,2.1367,62.04,1.8953,44.689,12.6285,
2008-11-05,1.287,127.4,1.9558,N/A,24.3,7.4438,15.6466,0.8065,259.3,3.4528,0.7089,N/A,3.5175,N/A,3.7035,9.9369,N/A,30.345,1.5051,305,8.66,7.139,34.6359,N/A,1.9409,1.8609,2.742,1.4858,8.7879,9.9746,14141.56,N/A,N/A,1611.32,16.1905,4.5367,2.1342,61.71,1.9037,45.039,12.4517,
2008-11-04,1.282,127.35,1.9558,N/A,24.163,7.443,15.6466,0.8075,259.86,3.4528,0.7092,N/A,3.5266,N/A,3.685,9.8978,N/A,30.333,1.4943,305,8.5615,7.1531,34.5664,N/A,1.9379,1.8554,2.7525,1.4949,8.7638,9.9358,13973.8,N/A,N/A,1635.83,16.1532,4.5223,2.1103,61.92,1.8885,44.799,12.6373,
2008-11-03,1.2822,126.38,1.9558,N/A,24.28,7.4443,15.6466,0.7969,258.36,3.4528,0.7092,N/A,3.5593,N/A,3.687,9.8512,N/A,30.4,1.4832,305,8.48,7.1566,34.5839,N/A,1.9718,1.9102,2.8096,1.534,8.7678,9.9376,14104.2,N/A,N/A,1623.01,16.3737,4.5153,2.1836,62.21,1.8891,44.813,12.5374,
2008-10-31,1.2757,124.97,1.9558,N/A,24.22,7.4467,15.6466,0.7869,261.43,3.4528,0.7095,N/A,3.5966,N/A,3.6798,9.906,N/A,30.445,1.4686,305,8.53,7.1696,34.5256,N/A,1.9906,1.9247,2.6906,1.5681,8.7252,9.888,13905.13,N/A,N/A,1666.13,16.1695,4.53,2.1887,62.19,1.8928,44.726,12.8383,
2008-10-30,1.3035,128.73,1.9558,N/A,24.48,7.4478,15.6466,0.7907,257.24,3.4528,0.7093,N/A,3.565,N/A,3.6375,9.811,N/A,30.39,1.48,305,8.52,7.1699,34.7912,N/A,1.9842,1.9204,2.7521,1.5697,8.9133,10.1052,13914.86,N/A,N/A,1665.72,16.6978,4.6046,2.2015,63.09,1.9141,45.381,13.0194,
2008-10-29,1.277,124,1.9558,N/A,23.88,7.4504,15.6466,0.7958,256.05,3.4528,0.7095,N/A,3.5936,N/A,3.653,9.9045,N/A,30.476,1.4695,305,8.554,7.1788,34.5345,N/A,1.9392,1.9672,2.7782,1.6075,8.7436,9.8998,13791.6,N/A,N/A,1806.96,16.6138,4.5723,2.2182,62.57,1.9124,44.564,12.9277,
2008-10-28,1.2526,119.42,1.9558,N/A,24.34,7.4549,15.6466,0.7979,262,3.4528,0.7096,N/A,3.7003,N/A,3.725,9.9473,N/A,30.479,1.452,305,8.55,7.2006,34.1862,N/A,1.9571,2.0037,2.757,1.6133,8.5665,9.7118,13528.08,N/A,N/A,1828.8,16.5468,4.4874,2.2684,61.59,1.8864,43.753,13.2494,
2008-10-27,1.246,115.75,1.9558,N/A,24.668,7.4525,15.6466,0.8063,271.03,3.4528,0.7093,N/A,3.839,N/A,3.697,10.096,N/A,30.53,1.4438,305,8.815,7.2069,34.0985,N/A,2.0949,2.0396,2.8469,1.5969,8.538,9.6574,13643.7,N/A,N/A,1791.25,16.4285,4.4619,2.3002,61.55,1.8834,43.33,13.8642,
2008-10-24,1.2596,117.4,1.9558,N/A,24.995,7.4565,15.6466,0.8061,277,3.4528,0.7097,N/A,3.8675,N/A,3.675,9.9815,N/A,30.505,1.4566,305,8.8,7.2377,34.3035,N/A,2.1434,2.0506,2.9916,1.5994,8.6198,9.7632,12864.29,N/A,N/A,1833.98,17.4455,4.5106,2.2829,61.49,1.9011,43.702,14.01,
2008-10-23,1.281,124.41,1.9558,N/A,25.827,7.4576,15.6466,0.7917,284,3.4528,0.7097,N/A,3.9025,N/A,3.628,10.0615,N/A,30.575,1.4928,305,9.155,7.2332,34.5917,N/A,2.2204,1.9372,3.2362,1.6285,8.7561,9.9312,12810,N/A,N/A,1812.62,18.1902,4.5777,2.1802,62.37,1.9268,44.361,14.8724,
2008-10-22,1.2843,126.88,1.9558,N/A,25.485,7.4534,15.6466,0.78815,275.55,3.4528,0.7095,N/A,3.764,N/A,3.58,10.1225,N/A,30.475,1.4991,305,9.0135,7.2259,34.6084,N/A,2.1097,1.9073,3.0008,1.6088,8.777,9.9566,12714.57,N/A,N/A,1785.18,17.4408,4.5541,2.1554,62.35,1.9241,44.334,14.0926,
2008-10-21,1.3184,133.06,1.9558,N/A,25.308,7.4542,15.6466,0.777,274.78,3.4528,0.7093,N/A,3.6105,N/A,3.629,9.992,N/A,30.467,1.5224,305,8.894,7.18,35.0523,N/A,2.0483,1.928,2.8372,1.5928,9.0096,10.2233,12979.65,N/A,N/A,1769.27,17.4029,4.65,2.1557,63.76,1.9527,45.313,13.7212,
2008-10-20,1.3424,136.45,1.9558,N/A,24.986,7.4538,15.6466,0.77165,268.27,3.4528,0.7091,N/A,3.5766,N/A,3.6545,9.919,N/A,30.465,1.5299,305,8.787,7.1792,35.2765,N/A,2.0331,1.936,2.8329,1.59,9.1685,10.4133,13215.93,N/A,N/A,1768.61,17.1693,4.7279,2.179,64.3,1.9853,46.017,13.5213,
2008-10-17,1.3404,135.57,1.9558,N/A,25.232,7.4523,15.6466,0.7751,268.5,3.4528,0.7093,N/A,3.57,N/A,3.713,10.0191,N/A,30.515,1.5213,305,8.895,7.1664,35.3465,N/A,2.0321,1.9617,2.8745,1.5936,9.1603,10.3971,13139.27,N/A,N/A,1742.52,17.2979,4.7269,2.1852,64.21,1.9848,45.922,13.7626,
2008-10-16,1.3507,135.91,1.9558,N/A,24.813,7.4528,15.6466,0.78265,266,3.4528,0.7086,N/A,3.58,N/A,3.7868,10.0475,N/A,30.545,1.5294,305,8.9,7.1618,35.4654,N/A,2.0064,2.0018,3.0452,1.6056,9.2249,10.4747,13473.23,N/A,N/A,1803.18,18.2345,4.7632,2.2124,64.97,1.9993,46.282,13.6151,
2008-10-15,1.3625,138.18,1.9558,N/A,24.758,7.4539,15.6466,0.77615,263,3.4528,0.7082,N/A,3.5192,N/A,3.7945,9.8413,N/A,30.475,1.5425,305,8.6035,7.1545,35.6145,N/A,1.9035,1.9571,2.8435,1.5833,9.3086,10.5715,13325.25,N/A,N/A,1691.54,16.9359,4.7858,2.1744,64.65,2.0022,46.509,12.6116,
2008-10-14,1.3752,141.25,1.9558,N/A,24.611,7.4533,15.6466,0.78105,250,3.4528,0.709,N/A,3.4705,N/A,3.765,9.677,N/A,30.455,1.5526,305,8.4375,7.1407,35.75,N/A,1.8905,1.9066,2.8258,1.565,9.405,10.6753,13366.94,N/A,N/A,1628.92,16.3401,4.8056,2.1744,64.85,2.0072,46.832,12.2187,
2008-10-13,1.3639,136.63,1.9558,N/A,24.653,7.4526,15.6466,0.7854,253,3.4528,0.7092,N/A,3.5576,N/A,3.7827,9.6689,N/A,30.56,1.5416,305,8.4285,7.142,35.6393,N/A,1.9216,2.032,3.022,1.5903,9.3097,10.587,13393.5,N/A,N/A,1680.32,17.2407,4.7757,2.2551,64.24,2.0043,46.707,12.6035,
2008-10-10,1.3579,134.68,1.9558,N/A,24.935,7.4487,15.6466,0.798,261.05,3.4528,0.7093,N/A,3.549,N/A,3.806,9.651,N/A,30.695,1.5175,305,8.4175,7.1466,35.5595,N/A,1.938,2.0538,3.1232,1.5839,9.2822,10.5369,13388.89,N/A,N/A,1775.59,18.4674,4.7696,2.2677,64.85,2.0116,46.671,12.6385,
2008-10-09,1.3682,137.84,1.9558,N/A,24.675,7.4534,15.6466,0.7895,252.98,3.4528,0.7094,N/A,3.4525,N/A,3.828,9.6575,N/A,30.415,1.5462,305,8.364,7.135,35.6684,N/A,1.8943,1.9503,3.062,1.5398,9.3318,10.6252,13168.93,N/A,N/A,1863.15,16.6305,4.7996,2.2093,64.72,2.0113,46.957,12.4249,
2008-10-08,1.3731,138.42,1.9558,N/A,24.568,7.4543,15.6466,0.7809,251.95,3.4528,0.7095,N/A,3.4545,N/A,3.8791,9.68,N/A,30.38,1.5541,265,8.3975,7.1331,35.7465,N/A,1.9122,2.0022,3.341,1.5105,9.3606,10.6617,13279.25,N/A,N/A,1914.1,17.5345,4.8028,2.248,65.5,2.0123,47.193,12.5625,
2008-10-07,1.3632,139.51,1.9558,N/A,24.48,7.4623,15.6466,0.77725,249.13,3.4528,0.7093,N/A,3.433,N/A,3.9223,9.6586,N/A,30.395,1.5526,197,8.381,7.1404,35.6045,N/A,1.854,1.8785,2.9602,1.4991,9.2928,10.5871,13018.56,N/A,N/A,1793.63,16.2084,4.761,2.1437,64.48,1.9948,47.058,12.0043,
2008-10-06,1.3634,140.78,1.9558,N/A,24.675,7.4598,15.6466,0.7728,248.88,3.4528,0.7095,N/A,3.4444,N/A,3.943,9.766,N/A,30.355,1.5534,195,8.348,7.1245,35.6235,N/A,1.819,1.8218,2.8922,1.4787,9.3297,10.5905,13075.01,N/A,N/A,1754.19,15.449,4.7549,2.1021,64.49,1.9941,46.908,11.8045,
2008-10-03,1.3834,145.09,1.9558,N/A,24.795,7.4612,15.6466,0.78355,246.1,3.4528,0.7096,N/A,3.4277,N/A,3.8765,9.7017,N/A,30.329,1.5654,156.13,8.292,7.1208,35.8525,N/A,1.8092,1.78,2.8411,1.4899,9.4742,10.7503,13045.46,N/A,N/A,1697.85,15.5978,4.7969,2.0878,65.05,2.0063,47.298,11.8073,
2008-10-02,1.3903,146.45,1.9558,N/A,24.764,7.4599,15.6466,0.7872,243.88,3.4528,0.7097,N/A,3.4088,N/A,3.8095,9.7273,N/A,30.331,1.5732,162.02,8.291,7.1094,35.9529,N/A,1.813,1.7676,2.7201,1.4804,9.5215,10.8014,13110.53,N/A,N/A,1704.58,15.3667,4.7917,2.0754,65.35,2.0057,47.381,11.6734,
2008-10-01,1.4081,149.55,1.9558,N/A,24.513,7.4604,15.6466,0.7919,241.65,3.4528,0.7091,N/A,3.3819,N/A,3.7364,9.7268,N/A,30.304,1.5818,156.68,8.26,7.1123,36.1395,N/A,1.792,1.7658,2.6829,1.4912,9.6434,10.9381,13370.85,N/A,N/A,1680.57,15.3976,4.8474,2.0839,66.67,2.0196,47.854,11.6408,
2008-09-30,1.4303,150.47,1.9558,N/A,24.66,7.4611,15.6466,0.7903,242.83,3.4528,0.7086,N/A,3.3967,N/A,3.7413,9.7943,N/A,30.3,1.5774,145.91,8.333,7.1049,36.4095,N/A,1.8136,1.7739,2.7525,1.4961,9.7954,11.1124,13487.73,N/A,N/A,1726.3,15.7126,4.9238,2.1143,67.3,2.0439,48.473,11.827,
2008-09-29,1.4349,152.3,1.9558,N/A,24.605,7.4603,15.6466,0.7959,242.62,3.4528,0.7086,N/A,3.384,N/A,3.701,9.7009,N/A,30.305,1.5845,143.38,8.308,7.1075,36.446,N/A,1.8056,1.7615,2.7115,1.4929,9.8269,11.1412,13549.76,N/A,N/A,1700.21,15.5603,4.9468,2.1223,67.32,2.0558,48.866,11.759,
2008-09-26,1.464,154.13,1.9558,N/A,24.436,7.4609,15.6466,0.79475,240.65,3.4528,0.7082,N/A,3.3645,N/A,3.6843,9.687,N/A,30.291,1.5879,140.53,8.268,7.1047,36.6184,N/A,1.8164,1.7664,2.7091,1.5148,10.0262,11.3802,13739.64,N/A,N/A,1709.95,15.8478,5.0303,2.1354,68.22,2.0856,49.703,11.9642,
2008-09-25,1.47,155.91,1.9558,N/A,24.414,7.46,15.6466,0.792,240.75,3.4528,0.7085,N/A,3.3395,N/A,3.6829,9.6829,N/A,30.29,1.5944,137.29,8.271,7.122,36.722,N/A,1.8178,1.7491,2.7235,1.5205,10.021,11.4253,13777.58,N/A,N/A,1691.24,15.9172,5.0377,2.1372,68.27,2.0895,49.862,11.9893,
2008-09-24,1.469,155.57,1.9558,N/A,24.329,7.4599,15.6466,0.79235,241.34,3.4528,0.7083,N/A,3.3266,N/A,3.6755,9.6435,N/A,30.3,1.5951,139.91,8.259,7.111,36.714,N/A,1.8266,1.7558,2.7024,1.5205,10.024,11.4051,13713.12,N/A,N/A,1694.49,15.8108,5.0277,2.1489,68.01,2.088,49.953,12.0385,
2008-09-23,1.4731,155.42,1.9558,N/A,24.143,7.4599,15.6466,0.79505,240.7,3.4528,0.708,N/A,3.3116,N/A,3.6624,9.5924,N/A,30.285,1.5926,139.35,8.215,7.1292,36.853,N/A,1.8295,1.7511,2.67,1.5233,10.037,11.4339,13744.02,N/A,N/A,1692,15.7181,5.024,2.1393,68.26,2.081,49.732,11.8953,
2008-09-22,1.4571,155.2,1.9558,N/A,24.075,7.4593,15.6466,0.792,239.93,3.4528,0.708,N/A,3.303,N/A,3.6282,9.536,N/A,30.29,1.5988,130.68,8.1675,7.1147,36.7209,N/A,1.8096,1.7436,2.6283,1.5305,9.952,11.3263,13536.46,N/A,N/A,1646.52,15.4198,4.9818,2.1166,67.35,2.0674,49.396,11.7209,
2008-09-19,1.4236,153.03,1.9558,N/A,24.242,7.4599,15.6466,0.7873,239.96,3.4528,0.7084,N/A,3.3042,N/A,3.642,9.5383,N/A,30.275,1.5975,131.47,8.258,7.1152,36.3283,N/A,1.788,1.7505,2.628,1.5154,9.7303,11.0818,13346.25,N/A,N/A,1605.82,15.201,4.9278,2.1003,65.98,2.0433,48.63,11.4902,
2008-09-18,1.4502,151.96,1.9558,N/A,23.965,7.4602,15.6466,0.7944,242.15,3.4528,0.7077,N/A,3.3449,N/A,3.6685,9.5995,N/A,30.275,1.5838,134.64,8.334,7.1169,36.6129,N/A,1.854,1.7961,2.7169,1.539,9.9107,11.2836,13631.88,N/A,N/A,1673.53,15.6259,5.0315,2.1449,68.2,2.0718,49.408,11.8592,
2008-09-17,1.4224,150.26,1.9558,N/A,24.005,7.4599,15.6466,0.79515,241.89,3.4528,0.7059,N/A,3.348,N/A,3.6425,9.6125,N/A,30.255,1.5921,132.94,8.29,7.1128,36.3158,N/A,1.8006,1.7905,2.5831,1.5176,9.7249,11.0667,13370.56,N/A,N/A,1587.75,15.2182,4.9137,2.1589,66.95,2.042,48.838,11.5929,
2008-09-16,1.4267,148.07,1.9558,N/A,24.07,7.458,15.6466,0.7975,243.3,3.4528,0.7054,N/A,3.402,N/A,3.6505,9.6408,N/A,30.26,1.5823,130.4,8.246,7.1145,36.3905,N/A,1.8203,1.7958,2.5945,1.5283,9.7715,11.0989,13489.45,N/A,N/A,1654.26,15.3399,4.9314,2.1729,67.35,2.041,48.872,11.6486,
2008-09-15,1.4151,149.87,1.9558,N/A,24.313,7.4573,15.6466,0.79395,240.92,3.4528,0.7046,N/A,3.349,N/A,3.6195,9.5519,N/A,30.27,1.5903,129.73,8.183,7.1102,36.2,N/A,1.7865,1.7544,2.5871,1.514,9.6864,11.0295,13372.7,N/A,N/A,1570.76,15.2052,4.8892,2.1524,66.51,2.0342,48.977,11.5609,
2008-09-12,1.4066,150.91,1.9558,N/A,24.436,7.4561,15.6466,0.7962,239.6,3.4528,0.7044,N/A,3.3665,N/A,3.608,9.5173,N/A,30.26,1.5998,128.02,8.1165,7.1112,36.106,N/A,1.7605,1.7442,2.536,1.5036,9.6282,10.9689,13264.24,N/A,N/A,1564.84,14.9315,4.8563,2.1452,65.88,2.0209,48.788,11.4952,
2008-09-11,1.3934,148.69,1.9558,N/A,24.63,7.4565,15.6466,0.7941,241.16,3.4528,0.705,N/A,3.4223,N/A,3.6138,9.5135,N/A,30.28,1.5857,127.88,8.097,7.1161,35.9635,N/A,1.769,1.7524,2.5243,1.495,9.5399,10.8673,13132.8,N/A,N/A,1550.16,14.869,4.84,2.1506,65.82,2.0142,48.449,11.5798,
2008-09-10,1.4094,150.52,1.9558,N/A,24.85,7.4574,15.6466,0.802,241.39,3.4528,0.7045,N/A,3.4755,N/A,3.602,9.5115,N/A,30.265,1.5928,129.01,8.06,7.1253,36.1515,N/A,1.7484,1.7541,2.5159,1.509,9.6382,10.9921,13149.7,N/A,N/A,1546.11,14.9255,4.8758,2.1118,66.32,2.0226,48.822,11.3586,
2008-09-09,1.4144,152.9,1.9558,N/A,24.768,7.4569,15.6466,0.803,239.23,3.4528,0.704,N/A,3.4515,N/A,3.5835,9.4684,N/A,30.265,1.5995,127.29,8.033,7.1332,36.1315,N/A,1.7298,1.7387,2.4591,1.503,9.6718,11.0318,13182.21,N/A,N/A,1551.6,14.8194,4.8783,2.097,66.06,2.0235,48.86,11.1663,
2008-09-08,1.4214,154.42,1.9558,N/A,24.938,7.4568,15.6466,0.8072,241.1,3.4528,0.7039,N/A,3.472,N/A,3.5908,9.4591,N/A,30.29,1.6052,123.98,7.9975,7.136,36.168,N/A,1.7359,1.7346,2.4199,1.5091,9.7271,11.0912,13217.6,N/A,N/A,1536.68,14.7939,4.8832,2.1086,66.13,2.0285,49.067,11.1397,
2008-09-05,1.4247,151.54,1.9558,N/A,24.822,7.4561,15.6466,0.8093,241.95,3.4528,0.7041,N/A,3.4332,N/A,3.6064,9.4789,N/A,30.281,1.5888,126.07,8.0065,7.1345,36.2945,N/A,1.7659,1.7608,2.4622,1.5194,9.7481,11.1229,13356.56,N/A,N/A,1592.74,15.0277,4.9273,2.1447,66.77,2.0473,49.302,11.4646,
2008-09-04,1.4488,156.76,1.9558,N/A,24.782,7.4561,15.6466,0.813,238.73,3.4528,0.7042,N/A,3.386,N/A,3.5555,9.4839,N/A,30.278,1.6035,123.23,8.022,7.138,36.6433,N/A,1.768,1.7328,2.4315,1.5344,9.9047,11.31,13344.9,N/A,N/A,1635.19,15.0936,4.9658,2.1107,67.48,2.0692,49.883,11.4275,
2008-09-03,1.4441,156.75,1.9558,N/A,24.798,7.4566,15.6466,0.8133,238.85,3.4528,0.7036,N/A,3.3695,N/A,3.544,9.4661,N/A,30.285,1.605,122.65,8.011,7.1552,36.356,N/A,1.7515,1.7343,2.4064,1.55,9.8826,11.2755,13295.83,N/A,N/A,1658.62,15.0202,4.9699,2.119,67.21,2.077,49.78,11.3903,
2008-09-02,1.4516,158.01,1.9558,N/A,24.848,7.457,15.6466,0.81295,238.24,3.4528,0.7038,N/A,3.353,N/A,3.527,9.462,N/A,30.29,1.6096,122.17,8.0065,7.1368,35.9845,N/A,1.7248,1.7394,2.4027,1.5483,9.9285,11.3334,13369.24,N/A,N/A,1645.03,15.0502,4.9739,2.1153,67.43,2.0801,50,11.3099,
2008-09-01,1.4621,157.72,1.9558,N/A,24.815,7.4569,15.6466,0.81165,237.7,3.4528,0.7037,N/A,3.34,N/A,3.5158,9.4608,N/A,30.335,1.6064,122.68,7.9635,7.14,36.07,N/A,1.7315,1.7136,2.4011,1.5585,9.9797,11.4135,13392.84,N/A,N/A,1631.85,15.0633,4.9777,2.0974,67.67,2.0808,50.15,11.3004,
2008-08-29,1.4735,160.22,1.9558,N/A,24.735,7.458,15.6466,0.805,237.68,3.4528,0.7035,N/A,3.3508,N/A,3.537,9.4381,N/A,30.336,1.6164,122.35,7.9435,7.1515,36.2401,N/A,1.7415,1.7066,2.4071,1.551,10.0714,11.5034,13482.53,N/A,N/A,1602.8,15.11,5.0003,2.089,67.76,2.0846,50.453,11.3597,
2008-08-28,1.4771,161.44,1.9558,N/A,24.703,7.4584,15.6466,0.8047,238.56,3.4528,0.7035,N/A,3.3498,N/A,3.5547,9.438,N/A,30.307,1.6108,121.81,7.917,7.163,36.2855,N/A,1.7568,1.7045,2.3922,1.5456,10.0849,11.5322,13530.24,N/A,N/A,1597.85,14.9844,5.0037,2.0958,67.5,2.0917,50.369,11.3987,
2008-08-27,1.4767,160.98,1.9558,N/A,24.533,7.4589,15.6466,0.7997,235.71,3.4528,0.7035,N/A,3.327,N/A,3.5475,9.3877,N/A,30.315,1.6132,121.69,7.926,7.1644,36.295,N/A,1.7595,1.7114,2.3959,1.5417,10.0977,11.53,13526.57,N/A,N/A,1597.42,14.9634,4.9898,2.103,67.34,2.0914,50.274,11.4775,
2008-08-26,1.4598,160.19,1.9558,N/A,24.52,7.459,15.6466,0.7953,236.6,3.4528,0.7037,N/A,3.3242,N/A,3.5615,9.3755,N/A,30.304,1.6138,121.61,7.9155,7.1663,36.021,N/A,1.7447,1.712,2.3985,1.5379,9.9923,11.3979,13393.67,N/A,N/A,1588.99,14.8624,4.9502,2.1083,67.16,2.0794,49.998,11.43,
2008-08-25,1.4767,162.32,1.9558,N/A,24.402,7.4595,15.6466,0.7966,233.93,3.4528,0.7035,N/A,3.3045,N/A,3.5195,9.351,N/A,30.315,1.6214,120.75,7.933,7.1701,36.0795,N/A,1.7528,1.7021,2.3979,1.5424,10.1126,11.5326,13526.57,N/A,N/A,1594.4,14.9376,4.9824,2.0837,67.29,2.0923,50.355,11.3964,
2008-08-22,1.4808,162.55,1.9558,N/A,24.373,7.4599,15.6466,0.7966,233.68,3.4528,0.7033,N/A,3.2963,N/A,3.5213,9.3777,N/A,30.308,1.6228,120.77,7.9335,7.1708,36.0899,N/A,1.7562,1.702,2.3893,1.5502,10.1188,11.5608,13534.51,N/A,N/A,1573.28,14.9576,4.9459,2.0782,67.38,2.0882,50.281,11.3757,
2008-08-21,1.4814,160.35,1.9558,N/A,24.385,7.4595,15.6466,0.7936,233.88,3.4528,0.7032,N/A,3.3123,N/A,3.5319,9.3825,N/A,30.307,1.6172,122.21,7.945,7.17,36.072,N/A,1.766,1.7011,2.3922,1.5598,10.139,11.5654,13556.29,N/A,N/A,1561.77,14.9918,4.948,2.0738,67.35,2.0905,50.294,11.4312,
2008-08-20,1.4734,162.22,1.9558,N/A,24.408,7.459,15.6466,0.79315,234.66,3.4528,0.7032,N/A,3.3165,N/A,3.526,9.3895,N/A,30.311,1.6177,121.82,7.956,7.1682,35.9915,N/A,1.7545,1.6924,2.3903,1.564,10.0996,11.5073,13496.34,N/A,N/A,1541.91,14.9057,4.9101,2.0705,67.34,2.0829,50.309,11.4006,
2008-08-19,1.4677,161.11,1.9558,N/A,24.398,7.4585,15.6466,0.7885,235.78,3.4528,0.7032,N/A,3.3308,N/A,3.519,9.36,N/A,30.306,1.6109,121.27,7.9525,7.1801,36.055,N/A,1.748,1.6931,2.4132,1.5637,10.0765,11.4637,13485.23,N/A,N/A,1540.35,14.9698,4.8933,2.0688,66.71,2.0818,50.034,11.3827,
2008-08-18,1.4704,162.2,1.9558,N/A,24.523,7.4587,15.6466,0.7881,236.82,3.4528,0.7033,N/A,3.3425,N/A,3.5315,9.3475,N/A,30.31,1.617,120.14,7.974,7.2247,36.0915,N/A,1.7415,1.6837,2.4025,1.5558,10.1031,11.4877,13512.98,N/A,N/A,1536.57,14.9437,4.9001,2.0603,66.63,2.0786,49.81,11.4283,
2008-08-15,1.4729,162.7,1.9558,N/A,24.485,7.4586,15.6466,0.7907,239.45,3.4528,0.7032,N/A,3.338,N/A,3.549,9.355,N/A,30.305,1.6158,121.13,7.9665,7.2177,36.132,N/A,1.7474,1.7031,2.3994,1.5685,10.1188,11.509,13535.95,N/A,N/A,1531.37,15.0024,4.9313,2.1044,66.5,2.0845,49.872,11.6987,
2008-08-14,1.4907,163.36,1.9558,N/A,24.351,7.4591,15.6466,0.7953,237.28,3.4528,0.7035,N/A,3.309,N/A,3.5265,9.3838,N/A,30.325,1.6219,120.63,8.006,7.1874,36.2275,N/A,1.766,1.701,2.3983,1.5775,10.2262,11.6426,13685.37,N/A,N/A,1549.88,15.1261,4.9655,2.1197,66.86,2.0984,50.274,11.6461,
2008-08-13,1.4903,162.05,1.9558,N/A,23.942,7.4594,15.6466,0.7942,237.14,3.4528,0.7036,N/A,3.2861,N/A,3.5463,9.3771,N/A,30.337,1.6211,122.3,7.996,7.2177,36.1045,N/A,1.7583,1.712,2.4127,1.5916,10.219,11.6362,13680.95,N/A,N/A,1549.17,15.1556,4.9441,2.1369,66.56,2.0931,50.201,11.6612,
2008-08-12,1.4907,163.97,1.9558,N/A,23.954,7.4597,15.6466,0.7844,236.47,3.4528,0.7042,N/A,3.2753,N/A,3.539,9.3889,N/A,30.343,1.6215,121.93,8.012,7.2065,36.154,N/A,1.7609,1.7048,2.4134,1.5936,10.231,11.6396,13669.72,N/A,N/A,1541.01,15.1288,4.9588,2.1389,66.58,2.1029,50.222,11.571,
2008-08-11,1.5012,164.73,1.9558,N/A,24.101,7.4597,15.6466,0.78165,236.71,3.4528,0.7044,N/A,3.266,N/A,3.5735,9.3977,N/A,30.361,1.6202,122.24,7.9975,7.2076,36.557,N/A,1.7729,1.685,2.4094,1.6013,10.2948,11.7233,13773.51,N/A,N/A,1551.11,15.2222,4.9795,2.1315,66.53,2.1126,50.647,11.5484,
2008-08-08,1.5074,165.61,1.9558,N/A,24.211,7.4601,15.6466,0.7841,236.08,3.4528,0.7048,N/A,3.2645,N/A,3.505,9.3945,N/A,30.346,1.6238,125.21,7.9915,7.2172,36.4515,N/A,1.7883,1.6885,2.436,1.6075,10.339,11.7783,13822.86,N/A,N/A,1549.53,15.2624,4.9767,2.1394,66.7,2.1143,50.769,11.5798,
2008-08-07,1.5471,169.16,1.9558,N/A,24.105,7.4609,15.6466,0.79255,234.2,3.4528,0.7051,N/A,3.2458,N/A,3.4805,9.4127,N/A,30.363,1.6322,123.88,7.997,7.2126,36.473,N/A,1.805,1.6986,2.4356,1.6201,10.6153,12.076,14078.61,N/A,N/A,1572.55,15.3828,5.0822,2.1537,67.76,2.144,51.971,11.5027,
2008-08-06,1.5478,168.16,1.9558,N/A,23.98,7.4611,15.6466,0.79205,236.28,3.4528,0.7049,N/A,3.2398,N/A,3.478,9.4458,N/A,30.375,1.6291,121.56,8.028,7.223,36.5,N/A,1.7977,1.692,2.4333,1.6159,10.5996,12.0814,14042.42,N/A,N/A,1570.63,15.3464,5.0721,2.1398,67.75,2.1358,52.014,11.4769,
2008-08-05,1.5487,167.06,1.9558,N/A,23.928,7.4606,15.6466,0.79285,235.13,3.4528,0.7049,N/A,3.2159,N/A,3.4965,9.4622,N/A,30.375,1.6312,122.74,8.0315,7.2173,36.4325,N/A,1.7882,1.689,2.4308,1.6168,10.6173,12.0873,14059.1,N/A,N/A,1575.8,15.3331,5.0666,2.1388,68.14,2.1339,52.075,11.434,
2008-08-04,1.5566,168.39,1.9558,N/A,23.994,7.4605,15.6466,0.79165,233.74,3.4528,0.7051,N/A,3.2131,N/A,3.5076,9.456,N/A,30.385,1.6346,123.95,7.9995,7.225,36.4466,N/A,1.7935,1.6697,2.4325,1.6035,10.665,12.148,14144.82,N/A,N/A,1582.83,15.472,5.087,2.1317,68.72,2.137,52.193,11.2142,
2008-08-01,1.5574,167.44,1.9558,N/A,24.003,7.4598,15.6466,0.78785,233.76,3.4528,0.7052,N/A,3.223,N/A,3.5167,9.4451,N/A,30.375,1.6324,123.46,7.996,7.2271,36.554,N/A,1.805,1.6662,2.4353,1.598,10.6565,12.1535,14166.11,N/A,N/A,1581.54,15.6067,5.0826,2.1377,68.88,2.1325,52.224,11.4139,
2008-07-31,1.5611,169.02,1.9558,N/A,23.947,7.4613,15.6466,0.78895,231.26,3.4528,0.7043,N/A,3.2063,N/A,3.5098,9.4649,N/A,30.371,1.6354,123.4,8.0205,7.2263,36.5767,N/A,1.809,1.6545,2.4419,1.597,10.6651,12.1809,14198.2,N/A,N/A,1579.05,15.6375,5.0829,2.1296,68.9,2.1354,52.328,11.459,
2008-07-30,1.5589,168.2,1.9558,N/A,23.941,7.4619,15.6466,0.7867,231.72,3.4528,0.7042,N/A,3.2185,N/A,3.5381,9.449,N/A,30.395,1.6315,124.54,8.043,7.215,36.535,N/A,1.8552,1.6468,2.4405,1.5945,10.6429,12.1653,14221.84,N/A,N/A,1578.78,15.6708,5.0867,2.1256,68.818,2.1344,52.215,11.5507,
2008-07-29,1.5705,169.33,1.9558,N/A,23.724,7.4618,15.6466,0.78975,230.76,3.4528,0.7035,N/A,3.2067,N/A,3.5445,9.45,N/A,30.385,1.63,125.6,8.0725,7.224,36.6859,N/A,1.8917,1.6454,2.4734,1.6087,10.7209,12.252,14327.67,N/A,N/A,1585.03,15.7953,5.1238,2.1236,69.691,2.1422,52.604,11.7751,
2008-07-28,1.5746,169.63,1.9558,N/A,23.695,7.4617,15.6466,0.7925,230.87,3.4528,0.7033,N/A,3.2053,N/A,3.5455,9.4538,N/A,30.39,1.6285,129.58,8.075,7.2203,36.75,N/A,1.8963,1.6466,2.4735,1.6087,10.765,12.2839,14357.99,N/A,N/A,1584.99,15.8846,5.145,2.1163,69.125,2.1453,52.666,11.8339,
2008-07-25,1.5734,168.77,1.9558,N/A,23.595,7.4619,15.6466,0.7888,231.35,3.4528,0.7032,N/A,3.208,N/A,3.5675,9.461,N/A,30.385,1.6268,127.51,8.0815,7.2182,36.7435,N/A,1.8966,1.6438,2.4808,1.5968,10.7275,12.2698,14352.55,N/A,N/A,1584.41,15.7525,5.1129,2.1159,69.143,2.1407,52.608,11.9481,
2008-07-24,1.5677,168.92,1.9558,N/A,23.58,7.4617,15.6466,0.789,232.3,3.4528,0.7035,N/A,3.2202,N/A,3.5743,9.4665,N/A,30.364,1.6273,126.37,8.1,7.2208,36.6645,N/A,1.8883,1.6319,2.4718,1.5832,10.7057,12.2271,14316.24,N/A,N/A,1577.89,15.7123,5.0997,2.1145,69.065,2.1349,52.455,11.8606,
2008-07-23,1.5741,169.75,1.9558,N/A,23.753,7.4618,15.6466,0.7872,232.1,3.4528,0.7029,N/A,3.2505,N/A,3.5738,9.47,N/A,30.353,1.6287,124.6,8.09,7.2185,36.7125,N/A,1.8847,1.633,2.488,1.5869,10.7506,12.2801,14390.42,N/A,N/A,1592.6,15.817,5.0993,2.0966,69.032,2.1471,52.595,11.8202,
2008-07-22,1.5919,169.26,1.9558,N/A,23.013,7.461,15.6466,0.79355,229.07,3.4528,0.7034,N/A,3.2308,N/A,3.5635,9.4763,N/A,30.363,1.6174,126.67,8.0555,7.2175,36.9075,N/A,1.9054,1.6284,2.5168,1.5943,10.8595,12.4119,14562.7,N/A,N/A,1618.96,16.1339,5.153,2.0876,70.76,2.154,53.09,12.0362,
2008-07-21,1.5858,169.65,1.9558,N/A,22.968,7.4614,15.6466,0.7946,229.36,3.4528,0.7032,N/A,3.2212,N/A,3.548,9.4539,N/A,30.33,1.622,124.27,8.0585,7.2178,36.8495,N/A,1.8907,1.626,2.5122,1.5921,10.831,12.3665,14513.24,N/A,N/A,1603.64,16.122,5.1348,2.083,70.14,2.1441,52.863,12.0414,
2008-07-18,1.5816,169.03,1.9558,N/A,23.063,7.4599,15.6466,0.79315,228.16,3.4528,0.703,N/A,3.2188,N/A,3.5528,9.4496,N/A,30.335,1.6207,125.16,8.059,7.2231,36.7559,N/A,1.8795,1.6288,2.5179,1.5901,10.7816,12.3335,14468.48,N/A,N/A,1603.74,16.1469,5.1315,2.0719,70.025,2.1432,52.711,11.917,
2008-07-17,1.5849,167.43,1.9558,N/A,23.142,7.4588,15.6466,0.7914,230.13,3.4528,0.7027,N/A,3.2235,N/A,3.562,9.4778,N/A,30.318,1.6145,122.11,8.064,7.2271,36.83,N/A,1.9109,1.6246,2.519,1.586,10.8111,12.3581,14498.67,N/A,N/A,1603.13,16.2001,5.1232,2.0661,70.631,2.1414,52.985,11.9765,
2008-07-16,1.5888,165.66,1.9558,N/A,23.213,7.4587,15.6466,0.79395,232.37,3.4528,0.7029,N/A,3.2217,N/A,3.5935,9.5163,N/A,30.302,1.604,124.08,8.066,7.2259,36.8453,N/A,1.9303,1.627,2.531,1.592,10.8218,12.3906,14523.22,N/A,N/A,1603.5,16.3527,5.1279,2.0591,72.235,2.1435,53.157,12.1245,
2008-07-15,1.599,167.48,1.9558,N/A,23.375,7.4597,15.6466,0.79555,232.76,3.4528,0.7026,N/A,3.259,N/A,3.6075,9.4932,N/A,30.305,1.6065,124.23,8.037,7.2251,36.925,N/A,1.952,1.628,2.5562,1.5979,10.9069,12.4702,14614.86,N/A,N/A,1614.59,16.5137,5.148,2.0696,72.651,2.1518,53.536,12.25,
2008-07-14,1.5847,169.24,1.9558,N/A,23.31,7.4607,15.6466,0.7975,230.21,3.4528,0.7028,N/A,3.2533,N/A,3.5754,9.4674,N/A,30.295,1.6232,121.55,8.0525,7.2325,36.844,N/A,1.923,1.6369,2.5316,1.5995,10.8473,12.3657,14502.38,N/A,N/A,1592.62,16.3002,5.1194,2.083,71.652,2.1485,53.325,12.073,
2008-07-11,1.5835,168.35,1.9558,N/A,23.515,7.4608,15.6466,0.79915,231.51,3.4528,0.7026,N/A,3.2699,N/A,3.612,9.4795,N/A,30.29,1.6197,121,8.0605,7.2368,36.9535,N/A,1.9421,1.6423,2.545,1.609,10.8216,12.3571,14501.69,N/A,N/A,1585.88,16.3386,5.1369,2.0816,72.263,2.1509,53.302,12.2765,
2008-07-10,1.5708,168.5,1.9558,N/A,23.465,7.46,15.6466,0.79565,230.6,3.4528,0.7025,N/A,3.27,N/A,3.5478,9.44,N/A,30.289,1.6223,118.33,8.0605,7.237,36.8385,N/A,1.9159,1.6357,2.5274,1.5878,10.7487,12.2554,14386.96,N/A,N/A,1570.41,16.1847,5.1059,2.0734,71.511,2.1392,52.92,12.0692,
2008-07-09,1.5715,168.87,1.9558,N/A,23.49,7.4597,15.6466,0.79655,230.49,3.4528,0.7029,N/A,3.2711,N/A,3.5228,9.4484,N/A,30.278,1.6225,118.39,8.048,7.2429,36.8495,N/A,1.92,1.6502,2.5282,1.5953,10.7758,12.2606,14415.37,N/A,N/A,1571.11,16.1809,5.0987,2.0834,71.346,2.1413,52.881,12.0418,
2008-07-08,1.5687,167.96,1.9558,N/A,23.608,7.4576,15.6466,0.7944,231.06,3.4528,0.7034,N/A,3.3004,N/A,3.5818,9.4185,N/A,30.265,1.6098,120.53,8.0135,7.245,36.8884,N/A,1.9263,1.6476,2.511,1.5973,10.7472,12.2358,14439.88,N/A,N/A,1616.75,16.2149,5.1163,2.0909,71.823,2.1395,52.904,12.1887,
2008-07-07,1.5651,168.47,1.9558,N/A,23.55,7.4572,15.6466,0.7963,232.92,3.4528,0.7039,N/A,3.311,N/A,3.6026,9.4065,N/A,30.245,1.6149,120.46,7.9855,7.242,36.8463,N/A,1.9224,1.6363,2.5168,1.5988,10.7507,12.2087,14415.35,N/A,N/A,1629.66,16.1565,5.1108,2.0781,71.369,2.1351,52.658,12.1202,
2008-07-04,1.5671,167.31,1.9558,N/A,23.694,7.4571,15.6466,0.7908,233.81,3.4528,0.705,N/A,3.3255,N/A,3.609,9.3935,N/A,30.27,1.6085,121.35,7.986,7.2416,36.8605,N/A,1.9372,1.628,2.5274,1.593,10.7486,12.2203,14436.13,N/A,N/A,1643.65,16.2342,5.1221,2.0693,71.162,2.1356,52.45,12.0789,
2008-07-03,1.5885,168.62,1.9558,N/A,23.816,7.4575,15.6466,0.7992,236.74,3.4528,0.7046,N/A,3.3486,N/A,3.6408,9.4538,N/A,30.3,1.6097,124.17,8.0475,7.2459,37.115,N/A,1.995,1.6509,2.5535,1.6117,10.8828,12.3873,14630.09,N/A,N/A,1663.16,16.5164,5.1857,2.0941,72.118,2.1598,52.992,12.4429,
2008-07-02,1.5806,168.41,1.9558,N/A,23.865,7.4579,15.6466,0.7952,236.3,3.4528,0.7048,N/A,3.3575,N/A,3.6359,9.4538,N/A,30.302,1.6135,123.54,8.04,7.2399,37.033,N/A,1.9661,1.6438,2.5231,1.6142,10.8319,12.3267,14565.23,N/A,N/A,1640.66,16.39,5.1749,2.0833,71.34,2.1531,52.8,12.402,
2008-07-01,1.5775,166.57,1.9558,N/A,23.825,7.4574,15.6466,0.7909,235.96,3.4528,0.7051,N/A,3.3611,N/A,3.6476,9.4578,N/A,30.196,1.6055,125.64,8.004,7.2388,36.991,N/A,1.9569,1.6519,2.5371,1.6063,10.8155,12.3023,14544.55,N/A,N/A,1661.03,16.3177,5.1529,2.074,71.153,2.1466,52.83,12.469,
2008-06-30,1.5764,166.44,1.9558,N/A,23.893,7.4579,15.6466,0.79225,235.43,3.4528,0.7047,N/A,3.3513,N/A,3.6415,9.4703,N/A,30.205,1.6056,125.42,8.009,7.2365,36.9477,N/A,1.9323,1.6371,2.5112,1.5942,10.8051,12.2943,14550.17,N/A,N/A,1652.22,16.2298,5.1509,2.0632,70.867,2.1446,52.738,12.3426,
2008-06-27,1.5748,167.08,1.9558,N/A,24.002,7.458,15.6466,0.79235,238.38,3.4528,0.7044,N/A,3.3671,N/A,3.6518,9.4263,N/A,30.31,1.6053,128.27,7.979,7.2438,36.9134,N/A,1.941,1.6383,2.5282,1.585,10.8066,12.2857,14511.78,N/A,N/A,1639.76,16.2323,5.1378,2.0737,70.394,2.1449,52.819,12.488,
2008-06-26,1.5731,169.23,1.9558,N/A,24.086,7.4589,15.6466,0.79195,236.71,3.4528,0.7029,N/A,3.3555,N/A,3.6521,9.4162,N/A,30.316,1.6184,127.43,7.959,7.2465,36.9035,N/A,1.9121,1.6389,2.5015,1.5899,10.8004,12.2777,14464.65,N/A,N/A,1631.7,16.1715,5.1181,2.076,69.932,2.1474,52.809,12.3772,
2008-06-25,1.5599,168.4,1.9558,N/A,24.07,7.4584,15.6466,0.7907,236.96,3.4528,0.7024,N/A,3.3573,N/A,3.668,9.4128,N/A,30.335,1.6218,126.91,7.9405,7.2425,36.769,N/A,1.9098,1.6308,2.5021,1.5786,10.7092,12.1771,14436.87,N/A,N/A,1618.01,16.049,5.09,2.0609,69.416,2.1345,52.381,12.4642,
2008-06-24,1.5568,168,1.9558,N/A,24.075,7.4589,15.6466,0.79095,239.16,3.4528,0.7025,N/A,3.3663,N/A,3.6793,9.4026,N/A,30.344,1.6185,131.35,7.9745,7.2473,36.752,N/A,1.9173,1.6326,2.5089,1.5823,10.6951,12.1544,14420.64,N/A,N/A,1609.73,16.1096,5.0666,2.0576,69.2,2.1305,52.2,12.5556,
2008-06-23,1.5521,167.46,1.9558,N/A,24.125,7.4583,15.6466,0.79155,239.51,3.4528,0.7025,N/A,3.3633,N/A,3.6726,9.3931,N/A,30.347,1.6223,130.74,8.013,7.2499,36.679,N/A,1.9068,1.6305,2.4956,1.5768,10.6691,12.1177,14392.62,N/A,N/A,1615.35,15.9346,5.0637,2.0468,69.068,2.1249,51.91,12.5057,
2008-06-20,1.561,167.83,1.9558,N/A,24.17,7.458,15.6466,0.78965,238.55,3.4528,0.7028,N/A,3.366,N/A,3.6745,9.398,N/A,30.35,1.6165,125.32,8.0435,7.2477,36.774,N/A,1.914,1.6352,2.5048,1.5805,10.7398,12.1853,14454.86,N/A,N/A,1607.44,16.0998,5.0826,2.0448,69.191,2.1319,52.005,12.4622,
2008-06-19,1.5481,166.94,1.9558,N/A,24.11,7.4591,15.6466,0.7863,240.45,3.4528,0.704,N/A,3.3677,N/A,3.6671,9.403,N/A,30.355,1.6196,126.95,8.0365,7.2482,36.652,N/A,1.9015,1.6344,2.488,1.5712,10.6472,12.0893,14377.2,N/A,N/A,1592.61,15.9748,5.0468,2.0432,68.898,2.1211,51.738,12.3936,
2008-06-18,1.5493,167.62,1.9558,N/A,24,7.4593,15.6466,0.7933,243.44,3.4528,0.7044,N/A,3.3779,N/A,3.6643,9.3838,N/A,30.36,1.616,126.28,8.0405,7.246,36.655,N/A,1.9041,1.6461,2.5015,1.5797,10.6624,12.0932,14385.25,N/A,N/A,1596.24,15.9462,5.0468,2.0529,68.58,2.1215,51.568,12.5086,
2008-06-17,1.5477,167.59,1.9558,N/A,24.194,7.4584,15.6466,0.7944,246.34,3.4528,0.7058,N/A,3.3821,N/A,3.66,9.3581,N/A,30.31,1.6169,123.74,8.0235,7.2442,36.636,N/A,1.9034,1.6472,2.5062,1.5816,10.666,12.0855,14398.25,N/A,N/A,1579.43,15.9415,5.02,2.0533,68.199,2.1192,51.376,12.4059,
2008-06-16,1.5459,167.26,1.9558,N/A,24.211,7.4581,15.6466,0.7873,247.23,3.4528,0.7061,N/A,3.3893,N/A,3.6628,9.3458,N/A,30.305,1.6129,122.49,8.031,7.2451,36.6305,N/A,1.9231,1.6434,2.5189,1.5888,10.6673,12.0766,14400.06,N/A,N/A,1608.12,15.9862,5.0566,2.0534,68.638,2.1275,51.44,12.4984,
2008-06-13,1.5336,166.05,1.9558,N/A,24.195,7.4567,15.6466,0.78835,247.5,3.4528,0.706,N/A,3.388,N/A,3.6715,9.365,N/A,30.3,1.6113,122.16,8.05,7.246,36.53,N/A,1.93,1.6394,2.5131,1.5747,10.5846,11.9834,14277.82,N/A,N/A,1601.85,15.9234,5.0264,2.0552,68.268,2.118,50.939,12.533,
2008-06-12,1.5417,166.08,1.9558,N/A,24.331,7.4576,15.6466,0.7912,246.78,3.4528,0.7023,N/A,3.3915,N/A,3.665,9.3805,N/A,30.32,1.6112,120.92,8.0375,7.248,36.61,N/A,1.935,1.6495,2.5307,1.5806,10.6493,12.0393,14376.35,N/A,N/A,1596.43,16.0452,5.0518,2.0564,68.552,2.128,51.107,12.284,
2008-06-11,1.5515,166.37,1.9558,N/A,24.4,7.4591,15.6466,0.79145,247.01,3.4528,0.7022,N/A,3.374,N/A,3.6636,9.3571,N/A,30.305,1.6117,120.5,7.99,7.2492,36.7412,N/A,1.9464,1.6376,2.5435,1.5777,10.7339,12.1169,14436.71,N/A,N/A,1598.43,16.1581,5.0765,2.0518,68.941,2.1297,51.359,12.3864,
2008-06-10,1.5526,165.77,1.9558,N/A,24.433,7.4597,15.6466,0.79335,247.66,3.4528,0.7027,N/A,3.3815,N/A,3.6712,9.3145,N/A,30.28,1.608,119.45,7.969,7.2489,36.722,N/A,1.9365,1.6335,2.5328,1.5979,10.7525,12.1251,14493.52,N/A,N/A,1595.3,16.1004,5.0708,2.0598,69.052,2.1252,51.275,12.3525,
2008-06-09,1.5784,166.76,1.9558,N/A,24.653,7.4599,15.6466,0.7974,247.2,3.4528,0.7028,N/A,3.3848,N/A,3.6795,9.348,N/A,30.338,1.6103,118.93,7.937,7.2488,37.1536,N/A,1.964,1.6414,2.5745,1.6136,10.9273,12.3246,14734.36,N/A,N/A,1630.49,16.3838,5.1503,2.0563,69.45,2.1494,52.584,12.42,
2008-06-06,1.5597,165.75,1.9558,N/A,24.583,7.4592,15.6466,0.7971,245.43,3.4528,0.7016,N/A,3.3818,N/A,3.6395,9.3338,N/A,30.348,1.6184,118.59,7.9415,7.2471,36.936,N/A,1.9301,1.626,2.5353,1.5906,10.7978,12.1799,14544.2,N/A,N/A,1597.52,16.044,5.0823,2.0322,68.837,2.1295,51.688,12.2031,
2008-06-05,1.5402,163.46,1.9558,N/A,24.57,7.4589,15.6466,0.7897,241.86,3.4528,0.7009,N/A,3.377,N/A,3.6229,9.3118,N/A,30.325,1.6147,118.72,7.968,7.2506,36.7125,N/A,1.89,1.6169,2.5048,1.5727,10.699,12.0271,14331.56,N/A,N/A,1581.02,15.8795,5.0172,2.0168,67.915,2.1103,50.688,12.0391,
2008-06-04,1.5466,161.82,1.9558,N/A,24.67,7.4586,15.6466,0.7902,242.7,3.4528,0.7006,N/A,3.3763,N/A,3.6276,9.3448,N/A,30.325,1.6037,119.48,7.9755,7.2497,36.75,N/A,1.92,1.61,2.5271,1.561,10.7319,12.0754,14407.35,N/A,N/A,1575.99,15.9609,5.0179,1.974,67.996,2.1081,50.574,12.0403,
2008-06-03,1.5593,163,1.9558,N/A,24.84,7.4583,15.6466,0.79105,241.48,3.4528,0.7031,N/A,3.365,N/A,3.62,9.3408,N/A,30.36,1.611,118.79,7.9615,7.252,36.902,N/A,1.9132,1.6272,2.5267,1.562,10.7982,12.1702,14517.08,N/A,N/A,1587.29,16.0686,5.0256,1.9822,68.212,2.1202,50.841,12.0315,
2008-06-02,1.5521,162.64,1.9558,N/A,25.03,7.4591,15.6466,0.7915,241.06,3.4528,0.7025,N/A,3.3809,N/A,3.612,9.3454,N/A,30.331,1.6182,116.52,7.9425,7.2468,36.8485,N/A,1.903,1.6243,2.533,1.546,10.7607,12.1129,14442.29,N/A,N/A,1588.96,16.0573,5.0001,1.9796,67.361,2.1173,50.583,11.9883,
2008-05-30,1.5508,163.74,1.9558,N/A,25.088,7.4588,15.6466,0.786,241.33,3.4528,0.7013,N/A,3.3749,N/A,3.6256,9.328,N/A,30.28,1.6276,115.53,7.908,7.2498,36.8,N/A,1.8834,1.6212,2.5391,1.5382,10.7657,12.1049,14445.7,N/A,N/A,1595.39,16.0105,5.0246,1.9812,67.824,2.1183,50.405,11.8211,
2008-05-29,1.5551,163.76,1.9558,N/A,25.06,7.4592,15.6466,0.7866,241.32,3.4528,0.701,N/A,3.3842,N/A,3.6445,9.33,N/A,30.24,1.6291,115.07,7.876,7.2528,36.8385,N/A,1.9039,1.6214,2.5637,1.5302,10.7894,12.1364,14477.98,N/A,N/A,1605.64,16.0346,5.058,1.9895,68.191,2.1267,50.51,11.8895,
2008-05-28,1.5656,164.07,1.9558,N/A,25.209,7.4597,15.6466,0.79315,243.79,3.4528,0.7012,N/A,3.3956,N/A,3.6682,9.322,N/A,30.662,1.6255,115.07,7.8655,7.2505,36.95,N/A,1.923,1.6339,2.6033,1.5578,10.8722,12.2185,14560.08,N/A,N/A,1615.7,16.2206,5.0725,1.9946,68.393,2.1358,50.71,12.0089,
2008-05-27,1.576,163.65,1.9558,N/A,25.143,7.4595,15.6466,0.797,244.03,3.4528,0.6997,N/A,3.3977,N/A,3.6781,9.2845,N/A,31.105,1.6159,114.44,7.876,7.2513,37.1475,N/A,1.9677,1.6371,2.6065,1.5571,10.95,12.3019,14711.96,N/A,N/A,1639.83,16.389,5.109,1.9938,68.792,2.1479,50.85,12.2334,
2008-05-26,1.5761,162.97,1.9558,N/A,25.083,7.4602,15.6466,0.79655,243.93,3.4528,0.6987,N/A,3.398,N/A,3.6691,9.309,N/A,31.145,1.6156,113.87,7.8895,7.2563,37.0945,N/A,1.9648,1.642,2.6154,1.5588,10.9328,12.2994,14736.54,N/A,N/A,1652.86,16.3631,5.09,2.0022,68.623,2.146,50.648,12.1342,
2008-05-23,1.5742,162.97,1.9558,N/A,25.103,7.4602,15.6466,0.7944,244.97,3.4528,0.6988,N/A,3.4021,N/A,3.6641,9.3024,N/A,31.075,1.6175,113.7,7.901,7.2539,37.121,N/A,1.9591,1.6376,2.6024,1.5533,10.9276,12.2829,14660.52,N/A,N/A,1645.43,16.3347,5.0634,1.999,68.454,2.1402,50.429,12.05,
2008-05-22,1.5755,162.71,1.9558,N/A,25.147,7.4599,15.6466,0.79405,245.45,3.4528,0.6993,N/A,3.4195,N/A,3.6846,9.3045,N/A,31.147,1.6194,115.04,7.8545,7.2523,37.1575,N/A,1.9705,1.64,2.6111,1.5494,10.9387,12.2899,14667.91,N/A,N/A,1646,16.3694,5.055,2.0031,68.542,2.1391,50.294,12.1458,
2008-05-21,1.5753,162.82,1.9558,N/A,25.085,7.4588,15.6466,0.80145,243.27,3.4528,0.6985,N/A,3.3905,N/A,3.6487,9.2993,N/A,31.215,1.6228,115.82,7.855,7.2503,37.171,N/A,1.9648,1.6346,2.5893,1.5509,10.9636,12.2886,14637.69,N/A,N/A,1639.1,16.3422,5.0748,2.0216,68.029,2.1389,50.225,12.066,
2008-05-20,1.5639,162.84,1.9558,N/A,25.062,7.4591,15.6466,0.7964,245.67,3.4528,0.698,N/A,3.3882,N/A,3.6398,9.279,N/A,31.324,1.6294,115.36,7.819,7.2518,37.074,N/A,1.933,1.6294,2.5773,1.5502,10.9059,12.1989,14520.81,N/A,N/A,1634.28,16.2427,5.0756,2.0146,67.318,2.1368,50.006,11.9363,
2008-05-19,1.5577,162.04,1.9558,N/A,25.056,7.4612,15.6466,0.7976,246.23,3.4528,0.6985,N/A,3.385,N/A,3.6235,9.2875,N/A,31.482,1.6308,114.01,7.7885,7.2491,36.9736,N/A,1.9177,1.6325,2.5565,1.5487,10.8654,12.1506,14455.46,N/A,N/A,1621.57,16.1923,5.0407,2.0053,66.693,2.1304,50.232,11.703,
2008-05-16,1.5498,162.29,1.9558,N/A,24.977,7.4604,15.6466,0.79585,246.98,3.4528,0.6985,N/A,3.389,N/A,3.6428,9.337,N/A,31.525,1.6342,115.34,7.856,7.2507,36.8775,N/A,1.9111,1.632,2.5513,1.5466,10.8316,12.0892,14389.89,N/A,N/A,1607.84,16.1773,5.0152,2.0131,66.262,2.1244,50.012,11.6281,
2008-05-15,1.5474,162.61,1.9558,N/A,25.04,7.4628,15.6466,0.7972,249.66,3.4528,0.6981,N/A,3.4006,N/A,3.661,9.322,N/A,31.645,1.6341,119.77,7.859,7.2524,36.935,N/A,1.9315,1.6541,2.5733,1.5496,10.8234,12.0703,14406.29,N/A,N/A,1619.35,16.2121,5.0685,2.0525,66.175,2.1386,50.128,11.7983,
2008-05-14,1.5439,162.48,1.9558,N/A,25.029,7.4626,15.6466,0.7951,249.96,3.4528,0.6978,N/A,3.3991,N/A,3.6671,9.3078,N/A,31.72,1.631,122.88,7.844,7.2525,36.9008,N/A,1.9399,1.6558,2.582,1.5407,10.8119,12.0429,14350.55,N/A,N/A,1616.46,16.2171,5.0424,2.0295,66.241,2.1317,50.107,11.8396,
2008-05-13,1.5473,160.71,1.9558,N/A,24.939,7.4625,15.6466,0.7938,250.1,3.4528,0.6975,N/A,3.3838,N/A,3.654,9.294,N/A,31.71,1.6227,122.75,7.846,7.2537,36.8267,N/A,1.9364,1.6408,2.5739,1.5562,10.8139,12.0649,14328,N/A,N/A,1616.93,16.2191,4.9815,2.0118,66.124,2.1204,49.97,11.7429,
2008-05-12,1.543,160.42,1.9558,N/A,24.95,7.4611,15.6466,0.78885,250.73,3.4528,0.6975,N/A,3.3928,N/A,3.6811,9.2873,N/A,31.775,1.622,122.98,7.8413,7.254,36.7225,N/A,1.9426,1.6374,2.5892,1.5509,10.7828,12.0295,14263.49,N/A,N/A,1612.82,16.2763,4.96,2.0107,65.848,2.1146,49.646,11.8317,
2008-05-09,1.5458,158.81,1.9558,N/A,25.147,7.4614,15.6466,0.7938,252.87,3.4528,0.6979,N/A,3.401,N/A,3.694,9.2904,N/A,31.992,1.6086,123.75,7.844,7.2585,36.7455,N/A,1.9679,1.6466,2.6279,1.5592,10.8079,12.0522,14283.19,N/A,N/A,1616.52,16.3399,4.9427,2.0175,65.859,2.1151,49.381,11.9105,
2008-05-08,1.5347,160.15,1.9558,N/A,25.171,7.4619,15.6466,0.78505,253.05,3.4528,0.6975,N/A,3.4231,N/A,3.6873,9.302,N/A,32.05,1.621,118.5,7.874,7.2573,36.617,N/A,1.9496,1.6312,2.6041,1.5548,10.7509,11.9633,14242.02,N/A,N/A,1604.91,16.2034,4.9394,1.9929,65.509,2.1137,48.995,11.6884,
2008-05-07,1.543,162.55,1.9558,N/A,25.142,7.4623,15.6466,0.78865,252.03,3.4528,0.6977,N/A,3.4229,N/A,3.6588,9.2953,N/A,32.05,1.63,118.5,7.8545,7.2614,36.71,N/A,1.931,1.6312,2.5652,1.5462,10.7811,12.0276,14234.18,N/A,N/A,1587.75,16.2354,4.8921,1.9644,65.724,2.1063,48.979,11.6126,
2008-05-06,1.5528,162.25,1.9558,N/A,25.175,7.4627,15.6466,0.7881,252.04,3.4528,0.6977,N/A,3.4372,N/A,3.6575,9.336,N/A,32.158,1.6274,119.72,7.869,7.257,36.8215,N/A,1.9524,1.6448,2.5795,1.5719,10.8499,12.1031,14301.29,N/A,N/A,1577.26,16.271,4.8936,1.9739,65.753,2.1095,49.247,11.6926,
2008-05-05,1.546,162.73,1.9558,N/A,25.227,7.4624,15.6466,0.7852,252.14,3.4528,0.6985,N/A,3.4423,N/A,3.635,9.3485,N/A,32.243,1.6305,118.32,7.915,7.2569,36.74,N/A,1.9538,1.6424,2.5596,1.5717,10.8033,12.051,14243.3,N/A,N/A,1557.98,16.1858,4.8807,1.9738,65.218,2.1041,48.993,11.7728,
2008-05-02,1.5458,161.94,1.9558,N/A,25.265,7.4618,15.6466,0.779,251.93,3.4528,0.6985,N/A,3.4518,N/A,3.6395,9.3555,N/A,32.237,1.6238,116.22,7.926,7.26,36.7635,N/A,1.9532,1.6554,2.5588,1.5715,10.8013,12.0498,14260.01,N/A,N/A,1563.19,16.2085,4.8909,1.9772,65.233,2.1058,49.025,11.7563,
2008-04-30,1.554,162.62,1.9558,N/A,25.205,7.462,15.6466,0.79015,253.32,3.4528,0.6983,N/A,3.4515,N/A,3.679,9.3575,N/A,32.229,1.6147,115.88,7.974,7.2681,36.832,N/A,2.003,1.6614,2.643,1.5689,10.8586,12.1127,14330.99,N/A,N/A,1562.55,16.3597,4.9091,1.9992,65.61,2.1149,49.215,11.8205,
2008-04-29,1.5571,161.73,1.9558,N/A,25.25,7.4613,15.6466,0.78895,252.93,3.4528,0.6983,N/A,3.4564,N/A,3.6856,9.3578,N/A,32.238,1.6153,115.2,7.98,7.2629,36.863,N/A,2.0008,1.671,2.6408,1.5782,10.8763,12.1328,14356.46,N/A,N/A,1559.44,16.3464,4.9072,2.0097,65.686,2.119,49.385,11.8167,
2008-04-28,1.5628,163.55,1.9558,N/A,25.161,7.4623,15.6466,0.7847,252.28,3.4528,0.698,N/A,3.433,N/A,3.6228,9.3514,N/A,32.252,1.6181,114.52,7.9655,7.2631,36.911,N/A,1.9995,1.6666,2.6008,1.5853,10.9418,12.1745,14401.2,N/A,N/A,1556.94,16.3227,4.9377,1.9906,66.036,2.1293,49.533,11.7966,
2008-04-25,1.5596,163.01,1.9558,N/A,25.254,7.4627,15.6466,0.78605,252.9,3.4528,0.6979,N/A,3.427,N/A,3.6195,9.338,N/A,32.415,1.617,115,8.024,7.263,36.889,N/A,2.0131,1.6744,2.6197,1.5861,10.9328,12.1556,14387.31,N/A,N/A,1551.41,16.3134,4.9213,1.9992,65.378,2.1295,49.455,11.9151,
2008-04-24,1.5769,163.07,1.9558,N/A,25.128,7.4627,15.6466,0.798,252.26,3.4528,0.6987,N/A,3.4181,N/A,3.592,9.302,N/A,32.406,1.6156,116.96,7.9595,7.268,37.071,N/A,2.0471,1.6689,2.6137,1.6042,11.0336,12.2875,14539.02,N/A,N/A,1570.99,16.5204,4.957,1.9922,66.19,2.1393,49.814,12.2194,
2008-04-23,1.594,164.3,1.9558,N/A,25.075,7.4623,15.6466,0.80345,251.7,3.4528,0.698,N/A,3.4169,N/A,3.578,9.3185,N/A,32.355,1.6077,117.43,7.925,7.267,37.243,N/A,2.0656,1.6755,2.6382,1.6154,11.1304,12.4247,14680.74,N/A,N/A,1583.24,16.6938,4.9924,1.9923,66.836,2.1518,50.163,12.218,
2008-04-22,1.5931,164.43,1.9558,N/A,25.055,7.4619,15.6466,0.7998,251.73,3.4528,0.6974,N/A,3.4148,N/A,3.557,9.3605,N/A,32.341,1.6065,118.33,7.923,7.2598,37.224,N/A,2.0865,1.6851,2.6469,1.6039,11.1353,12.4194,14632.62,N/A,N/A,1591.91,16.7691,4.9999,1.9987,66.512,2.1529,50.103,12.201,
2008-04-21,1.5898,164.43,1.9558,N/A,25.091,7.4618,15.6466,0.8007,252.47,3.4528,0.6971,N/A,3.4187,N/A,3.5621,9.3805,N/A,32.445,1.6059,119.38,7.9445,7.2555,37.204,N/A,2.0878,1.6873,2.6519,1.5935,11.1286,12.3954,14602.31,N/A,N/A,1579.86,16.657,4.9944,2.004,66.621,2.1524,50.087,12.3809,
2008-04-18,1.578,163.99,1.9558,N/A,25.12,7.4611,15.6466,0.7907,253.16,3.4528,0.6973,N/A,3.419,N/A,3.5708,9.394,N/A,32.431,1.6138,119.39,7.951,7.2558,37.071,N/A,2.081,1.6882,2.6116,1.5957,11.0357,12.2984,14493.93,N/A,N/A,1577.61,16.4814,4.9581,1.9972,66.158,2.139,49.616,12.2462,
2008-04-17,1.5872,162.74,1.9558,N/A,24.975,7.4611,15.6466,0.8017,253.35,3.4528,0.6971,N/A,3.4198,N/A,3.6118,9.3845,N/A,32.442,1.5992,117.58,7.9105,7.2582,37.173,N/A,2.1085,1.6935,2.6336,1.5896,11.0847,12.369,14586.37,N/A,N/A,1582.04,16.6267,4.9949,2.0173,66.559,2.1453,49.925,12.4803,
2008-04-16,1.5928,161.41,1.9558,N/A,24.848,7.4603,15.6466,0.8061,254.26,3.4528,0.6972,N/A,3.4213,N/A,3.6278,9.4038,N/A,32.355,1.5896,117.81,7.8985,7.257,37.239,N/A,2.1189,1.7069,2.6641,1.6073,11.1365,12.4135,14639.42,N/A,N/A,1576.39,16.6417,5.0229,2.0223,66.778,2.1551,50.149,12.71,
2008-04-15,1.5828,159.87,1.9558,N/A,24.819,7.4594,15.6466,0.8049,252.17,3.4528,0.6971,N/A,3.4103,N/A,3.6213,9.419,N/A,32.334,1.5817,117.6,7.9105,7.262,37.136,N/A,2.0828,1.7121,2.6635,1.6168,11.0677,12.3355,14553.85,N/A,N/A,1564.6,16.5545,5.0151,2.0184,66.003,2.1471,50.009,12.538,
2008-04-14,1.5869,159.38,1.9558,N/A,24.94,7.4583,15.6466,0.7986,252.39,3.4528,0.6969,N/A,3.4125,N/A,3.6266,9.406,N/A,32.302,1.5777,118.11,7.9445,7.264,37.17,N/A,2.0898,1.7158,2.6898,1.6223,11.1067,12.3652,14583.61,N/A,N/A,1555.56,16.7212,5.017,2.0049,66.015,2.1547,50.106,12.5051,
2008-04-11,1.5833,159.83,1.9558,N/A,25.025,7.459,15.6466,0.8017,252.73,3.4528,0.6966,N/A,3.4336,N/A,3.629,9.412,N/A,32.414,1.5808,116.46,7.9415,7.2626,37.134,N/A,2.068,1.7024,2.6774,1.6139,11.0934,12.332,14539.44,N/A,N/A,1545.62,16.6983,4.9906,1.9913,65.549,2.151,49.98,12.4255,
2008-04-10,1.5875,159.18,1.9558,N/A,25.129,7.4608,15.6466,0.8011,253.53,3.4528,0.6967,N/A,3.441,N/A,3.6678,9.386,N/A,32.334,1.5735,115.55,7.927,7.2605,37.186,N/A,2.0856,1.702,2.6861,1.6166,11.0992,12.3636,14593.09,N/A,N/A,1550.67,16.7877,5.003,1.984,65.961,2.1537,50.1,12.5659,
2008-04-09,1.5726,161.36,1.9558,N/A,25.098,7.4602,15.6466,0.7977,253.3,3.4528,0.6969,N/A,3.4551,N/A,3.6695,9.3622,N/A,32.402,1.5935,112.84,7.941,7.265,37.03,N/A,2.0295,1.6941,2.6645,1.6022,11.0109,12.2513,14483.65,N/A,N/A,1535.49,16.6035,4.9985,1.9766,65.499,2.1696,49.94,12.3024,
2008-04-08,1.5694,160.75,1.9558,N/A,24.985,7.4598,15.6466,0.7974,253.8,3.4528,0.6962,N/A,3.4595,N/A,3.671,9.361,N/A,32.386,1.5914,114.49,7.9565,7.2732,36.998,N/A,2.0272,1.6968,2.6768,1.591,10.9871,12.2264,14430.63,N/A,N/A,1534.72,16.5627,5.004,1.9781,65.287,2.1664,49.758,12.2217,
2008-04-07,1.5693,161.13,1.9558,N/A,25.019,7.4592,15.6466,0.78935,254.05,3.4528,0.6971,N/A,3.4568,N/A,3.6808,9.3687,N/A,32.388,1.5917,113.51,7.9685,7.2725,36.99,N/A,2.0071,1.6977,2.6703,1.5804,10.9875,12.2257,14429.71,N/A,N/A,1529.91,16.5404,5.0037,1.976,65.471,2.1682,49.692,12.2705,
2008-04-04,1.5722,160.88,1.9558,N/A,25.035,7.4584,15.6466,0.7855,257.25,3.4528,0.6972,N/A,3.4743,N/A,3.7145,9.368,N/A,32.431,1.5872,116.41,7.998,7.2773,37.037,N/A,2.0339,1.711,2.6954,1.5822,11.0302,12.2497,14519.27,N/A,N/A,1534.47,16.5757,5.0224,1.9972,65.325,2.1757,49.823,12.3143,
2008-04-03,1.5526,159.75,1.9558,N/A,24.938,7.4586,15.6466,0.7832,257.44,3.4528,0.6973,N/A,3.4833,N/A,3.7103,9.342,N/A,32.403,1.5845,116.66,8.003,7.2754,36.817,N/A,1.9933,1.7065,2.6798,1.5722,10.8927,12.0975,14361.55,N/A,N/A,1521.55,16.411,4.9644,1.9821,64.355,2.1532,49.093,12.087,
2008-04-02,1.5632,159.4,1.9558,N/A,25.07,7.4576,15.6466,0.7885,256.97,3.4528,0.6977,N/A,3.4932,N/A,3.7136,9.3697,N/A,32.453,1.5814,116.86,8.065,7.2731,36.918,N/A,2.0118,1.7145,2.7122,1.5896,10.9712,12.1751,14350.18,N/A,N/A,1524.59,16.4996,4.9858,1.9759,64.638,2.1567,49.288,12.3094,
2008-04-01,1.566,157.55,1.9558,N/A,25.184,7.4567,15.6466,0.7888,258.55,3.4528,0.698,N/A,3.5107,N/A,3.731,9.3945,N/A,32.475,1.5737,120.38,8.072,7.2745,36.951,N/A,2.0588,1.7215,2.7452,1.6069,10.9802,12.1953,14443.22,N/A,N/A,1541.96,16.6513,5.0026,2.0044,64.911,2.1602,49.31,12.6595,
2008-03-31,1.5812,157.37,1.9558,N/A,25.335,7.4568,15.6466,0.7958,259.43,3.4528,0.6982,N/A,3.522,N/A,3.7268,9.397,N/A,32.582,1.5738,119.58,8.051,7.269,37.113,N/A,2.0675,1.7334,2.7554,1.6226,11.0874,12.3075,14570.76,N/A,N/A,1566.97,16.8983,5.0575,2.0079,65.715,2.1819,49.784,12.8118,
2008-03-28,1.5796,157.86,1.9558,N/A,25.25,7.4568,15.6466,0.7908,257.73,3.4528,0.6979,N/A,3.5224,N/A,3.7212,9.3769,N/A,32.612,1.5735,122.8,8.0475,7.2733,37.097,N/A,2.0437,1.7171,2.7551,1.608,11.0762,12.2929,14540.22,N/A,N/A,1570.91,16.905,5.0508,1.9677,65.964,2.179,49.667,12.7671,
2008-03-27,1.5786,157.53,1.9558,N/A,25.383,7.4588,15.6466,0.7829,256.05,3.4528,0.6966,N/A,3.5256,N/A,3.7165,9.3937,N/A,32.556,1.5688,118.52,8.017,7.2586,37.085,N/A,2.0004,1.7088,2.7275,1.6085,11.0668,12.2837,14523.12,N/A,N/A,1558.47,16.876,5.0665,1.959,66.017,2.179,49.544,12.6095,
2008-03-26,1.571,155.89,1.9558,N/A,25.595,7.4595,15.6466,0.7881,256.94,3.4528,0.6967,N/A,3.532,N/A,3.7175,9.3964,N/A,32.633,1.5684,120.15,8.0475,7.2598,37.032,N/A,1.9845,1.7043,2.7166,1.5949,11.047,12.2251,14437.49,N/A,N/A,1556.08,16.7846,5.0154,1.9455,65.322,2.167,49.4,12.6712,
2008-03-25,1.5569,155.9,1.9558,N/A,25.455,7.4597,15.6466,0.78105,256.49,3.4528,0.6965,N/A,3.531,N/A,3.7165,9.419,N/A,32.663,1.5728,118.15,8.0865,7.2602,36.868,N/A,1.9409,1.7036,2.7034,1.587,10.968,12.1126,14300.13,N/A,N/A,1522.65,16.6464,4.9782,1.9376,64.425,2.1527,49.042,12.5875,
2008-03-20,1.5423,153.2,1.9558,N/A,25.491,7.4598,15.6466,0.7783,258.19,3.4528,0.6963,N/A,3.5368,N/A,3.731,9.4121,N/A,32.774,1.5632,121.56,8.1178,7.261,36.728,N/A,1.9237,1.7087,2.6853,1.5817,10.8757,11.9983,14243.14,N/A,N/A,1557.11,16.5373,4.9014,1.9458,63.697,2.1427,48.313,12.5545,
2008-03-19,1.5692,156.16,1.9558,N/A,25.463,7.4593,15.6466,0.7859,256.86,3.4528,0.6965,N/A,3.5305,N/A,3.725,9.4241,N/A,32.524,1.5662,125.06,8.0448,7.2565,36.989,N/A,1.9274,1.6841,2.6414,1.5635,11.0833,12.1986,14413.1,N/A,N/A,1585.83,16.7379,4.9869,1.9268,65.122,2.1646,48.881,12.576,
2008-03-18,1.5771,154.42,1.9558,N/A,25.25,7.4595,15.6466,0.7817,257.51,3.4528,0.6971,N/A,3.5297,N/A,3.7285,9.455,N/A,32.408,1.561,121.79,8.0675,7.255,37.079,N/A,1.9505,1.6974,2.6861,1.5674,11.1675,12.2535,14509.32,N/A,N/A,1600.91,16.9262,4.9951,1.9509,65.134,2.1708,49.218,12.6424,
2008-03-17,1.577,152.5,1.9558,N/A,25.017,7.4594,15.6466,0.7857,260.54,3.4528,0.6971,N/A,3.5468,N/A,3.7538,9.473,N/A,32.478,1.5519,118.55,8.057,7.2591,37.075,N/A,2.0027,1.7102,2.7199,1.5689,11.1699,12.2537,14610.91,N/A,N/A,1615.48,17.0198,5.0354,1.9646,65.761,2.18,49.518,12.8557,
2008-03-14,1.5561,157.07,1.9558,N/A,25.034,7.4569,15.6466,0.76755,257.07,3.4528,0.6975,N/A,3.528,N/A,3.6986,9.4361,N/A,32.302,1.5741,108.95,7.9885,7.2584,36.85,N/A,1.8898,1.6531,2.611,1.5479,11.0318,12.1104,14367.47,N/A,N/A,1552.05,16.7001,4.9212,1.8998,64.648,2.1536,48.893,12.2348,
2008-03-13,1.5577,156.45,1.9558,N/A,25.12,7.4576,15.6466,0.7658,259.81,3.4528,0.697,N/A,3.5435,N/A,3.714,9.451,N/A,32.309,1.5727,109.82,7.9005,7.2555,36.865,N/A,1.9312,1.6616,2.6364,1.5362,11.0441,12.1261,14354.21,N/A,N/A,1530.75,16.8037,4.92,1.9281,64.489,2.1494,48.959,12.3588,
2008-03-12,1.5477,158.45,1.9558,N/A,25.066,7.4556,15.6466,0.7666,259.3,3.4528,0.697,N/A,3.5371,N/A,3.694,9.3978,N/A,32.32,1.5817,106.32,7.8905,7.2663,36.769,N/A,1.891,1.6654,2.6151,1.5302,10.9902,12.0544,14176.93,N/A,N/A,1497.4,16.6966,4.9279,1.9273,63.843,2.1424,48.83,12.1098,
2008-03-11,1.5379,158.37,1.9558,N/A,25.125,7.4562,15.6466,0.76455,260.69,3.4528,0.6969,N/A,3.5338,N/A,3.6919,9.3765,N/A,32.347,1.579,104.67,7.878,7.2715,36.66,N/A,1.8942,1.6603,2.6,1.5261,10.9235,11.9787,14128.69,N/A,N/A,1487.92,16.5986,4.9228,1.9158,63.208,2.1351,48.521,12.1032,
2008-03-10,1.534,156.87,1.9558,N/A,25.041,7.4576,15.6466,0.7605,263.47,3.4528,0.6967,N/A,3.5635,N/A,3.7129,9.3918,N/A,32.379,1.5696,104.93,7.8855,7.2784,36.618,N/A,1.9044,1.6601,2.5839,1.5194,10.8958,11.9477,14082.12,N/A,N/A,1481.38,16.6094,4.9088,1.9314,62.817,2.1303,48.344,12.1895,
2008-03-07,1.5417,157.47,1.9558,N/A,25.17,7.4534,15.6466,0.7647,264.88,3.4528,0.6965,N/A,3.5814,N/A,3.7335,9.3911,N/A,32.617,1.5735,104.81,7.9145,7.2775,36.706,N/A,1.9247,1.6481,2.6086,1.5069,10.963,12.0015,13967.8,N/A,N/A,1478.49,16.7159,4.8826,1.9299,63.21,2.1343,48.618,12.3305,
2008-03-06,1.5319,158.55,1.9558,N/A,25.125,7.4495,15.6466,0.7638,263.18,3.4528,0.6966,N/A,3.5371,N/A,3.6929,9.3581,N/A,32.68,1.5818,101.72,7.834,7.2772,36.599,N/A,1.8664,1.6351,2.5483,1.5097,10.8855,11.9298,13879.01,N/A,N/A,1454.62,16.4137,4.85,1.9075,61.889,2.1226,48.354,11.914,
2008-03-05,1.5196,157.65,1.9558,N/A,25.048,7.4493,15.6466,0.7685,263.01,3.4528,0.6971,N/A,3.5291,N/A,3.7185,9.3627,N/A,32.369,1.5807,100.99,7.8565,7.2795,36.512,N/A,1.8383,1.6405,2.5452,1.5084,10.8015,11.8362,13811.64,N/A,N/A,1441.11,16.2688,4.8376,1.9076,61.946,2.1129,48.019,11.7997,
2008-03-04,1.5206,156.78,1.9558,N/A,24.916,7.4502,15.6466,0.7656,263.27,3.4528,0.6975,N/A,3.5322,N/A,3.7288,9.361,N/A,32.38,1.5773,100.51,7.8535,7.271,36.522,N/A,1.8482,1.6304,2.5356,1.5035,10.8054,11.8365,13814.65,N/A,N/A,1440.92,16.2583,4.8431,1.8939,61.66,2.1116,48.089,11.9466,
2008-03-03,1.5203,156.79,1.9558,N/A,25.068,7.4505,15.6466,0.766,264.43,3.4528,0.697,N/A,3.5269,N/A,3.7474,9.3655,N/A,32.54,1.5787,100.59,7.925,7.2709,36.5245,N/A,1.8577,1.6274,2.5704,1.4948,10.8004,11.8328,13849.93,N/A,N/A,1440.64,16.2915,4.8627,1.9065,61.724,2.1185,48.117,11.9897,
2008-02-29,1.5167,158.03,1.9558,N/A,25.228,7.4515,15.6466,0.7652,264.15,3.4528,0.697,N/A,3.5305,N/A,3.733,9.3948,N/A,32.53,1.5885,99.68,7.914,7.2715,36.4511,N/A,1.8183,1.6226,2.5496,1.4895,10.786,11.8027,13800,N/A,N/A,1425.07,16.2363,4.8451,1.8854,61.153,2.1162,46.79,11.7309,
2008-02-28,1.5121,160.57,1.9558,N/A,25.143,7.4532,15.6466,0.76135,260.22,3.4528,0.6969,N/A,3.5234,N/A,3.6665,9.3686,N/A,32.79,1.6037,99.02,7.8665,7.2734,36.392,N/A,1.789,1.6038,2.5263,1.4779,10.756,11.7726,13722.31,N/A,N/A,1416.31,16.1686,4.8425,1.8606,61.013,2.1103,44.91,11.3784,
2008-02-27,1.5044,159.95,1.9558,N/A,25.048,7.4546,15.6466,0.7576,257.98,3.4528,0.6965,N/A,3.5385,N/A,3.6498,9.3356,N/A,32.817,1.6074,98.65,7.854,7.277,36.368,N/A,1.7793,1.6021,2.5185,1.4742,10.7444,11.7148,13619.33,N/A,N/A,1415.72,16.1525,4.8186,1.8365,60.507,2.1013,44.9,11.2168,
2008-02-26,1.4874,160.45,1.9558,N/A,25.02,7.455,15.6466,0.7536,259.2,3.4528,0.6965,N/A,3.5303,N/A,3.643,9.3005,N/A,32.779,1.6163,98.35,7.8845,7.2812,36.219,N/A,1.7758,1.6048,2.5278,1.4722,10.6468,11.5936,13516,N/A,N/A,1409.31,16.0096,4.779,1.8338,60.121,2.0905,45.291,11.3057,
2008-02-25,1.4817,159.71,1.9558,N/A,25,7.4558,15.6466,0.7537,262.78,3.4528,0.6966,N/A,3.551,N/A,3.656,9.3154,N/A,32.803,1.6133,98.69,7.881,7.284,36.223,N/A,1.7765,1.6017,2.5196,1.4885,10.5974,11.5534,13527.92,N/A,N/A,1405.69,15.9483,4.7651,1.831,60.083,2.0836,45.52,11.4195,
2008-02-22,1.4848,158.76,1.9558,N/A,25.046,7.455,15.6466,0.7548,264.41,3.4528,0.6965,N/A,3.572,N/A,3.6674,9.304,N/A,32.814,1.61,98.89,7.8895,7.2865,36.2695,N/A,1.789,1.6079,2.5279,1.4995,10.6041,11.5753,13618.59,N/A,N/A,1408.56,16.0195,4.7766,1.8412,60.268,2.0874,46.45,11.4555,
2008-02-21,1.4736,159.27,1.9558,N/A,25.088,7.4551,15.6466,0.7527,264.02,3.4528,0.6964,N/A,3.5666,N/A,3.6533,9.3136,N/A,33.06,1.6205,98.77,7.8615,7.2839,36.177,N/A,1.7743,1.6037,2.5241,1.4925,10.5234,11.4937,13505.54,N/A,N/A,1396.97,15.8729,4.7465,1.8415,59.784,2.078,46.271,11.4705,
2008-02-20,1.4656,158.32,1.9558,N/A,25.29,7.4536,15.6466,0.7544,265.87,3.4528,0.6964,N/A,3.5835,N/A,3.6556,9.3196,N/A,33.177,1.6116,98.81,7.877,7.284,36.052,N/A,1.778,1.6031,2.5523,1.4899,10.4697,11.434,13468.86,N/A,N/A,1386.9,15.8063,4.7258,1.8449,59.723,2.0709,46.313,11.541,
2008-02-19,1.4742,158.64,1.9558,N/A,25.319,7.4548,15.6466,0.7555,263.57,3.4528,0.6967,N/A,3.5682,N/A,3.6353,9.3164,N/A,33.051,1.6123,98.42,7.8605,7.2815,36.158,N/A,1.7565,1.5984,2.548,1.4836,10.5523,11.5,13518.41,N/A,N/A,1392.31,15.8287,4.7513,1.841,59.853,2.0829,46.658,11.2474,
2008-02-18,1.4636,158.36,1.9558,N/A,25.234,7.4555,15.6466,0.7503,263.18,3.4528,0.6968,N/A,3.5777,N/A,3.642,9.3001,N/A,32.9,1.6129,98.07,7.915,7.2836,36.008,N/A,1.7494,1.604,2.5508,1.4732,10.4827,11.4179,13408.04,N/A,N/A,1383.03,15.7249,4.7139,1.8432,59.451,2.0668,46.4,11.2024,
2008-02-15,1.4674,157.78,1.9558,N/A,25.224,7.4544,15.6466,0.7478,263.59,3.4528,0.6965,N/A,3.59,N/A,3.6445,9.314,N/A,33.019,1.6022,98.23,7.9255,7.2575,36.0742,N/A,1.7603,1.6189,2.5757,1.4635,10.5396,11.4454,13456.06,N/A,N/A,1386.77,15.79,4.7272,1.8602,59.723,2.0734,46.663,11.2647,
2008-02-14,1.4626,158.22,1.9558,N/A,25.346,7.4542,15.6466,0.7416,261.43,3.4528,0.6963,N/A,3.5848,N/A,3.6491,9.3288,N/A,32.931,1.6112,97.31,7.951,7.261,36.018,N/A,1.7499,1.6164,2.5473,1.456,10.5167,11.4093,13477.86,N/A,N/A,1381.65,15.701,4.7308,1.8522,59.879,2.0722,46.803,11.224,
2008-02-13,1.4586,156.83,1.9558,N/A,25.48,7.4557,15.6466,0.74315,263.05,3.4528,0.6964,N/A,3.5998,N/A,3.641,9.3493,N/A,33.032,1.6083,98.3,7.983,7.2661,35.963,N/A,1.7545,1.6251,2.5483,1.4562,10.5019,11.3782,13506.64,N/A,N/A,1379.84,15.6953,4.7237,1.8576,59.657,2.0659,46.748,11.2064,
2008-02-12,1.4538,156.18,1.9558,N/A,25.605,7.454,15.6466,0.7451,262.7,3.4528,0.6967,N/A,3.6054,N/A,3.629,9.4163,N/A,33.11,1.6041,98.99,8.003,7.2777,35.866,N/A,1.7689,1.6057,2.5428,1.4525,10.4441,11.3363,13469.46,N/A,N/A,1374.57,15.6305,4.7096,1.8344,59.112,2.0594,46.805,11.3044,
2008-02-11,1.4542,155.42,1.9558,N/A,25.65,7.4538,15.6466,0.7462,264.47,3.4528,0.6968,N/A,3.6138,N/A,3.654,9.4202,N/A,33.256,1.6005,99.24,8.0265,7.2799,35.871,N/A,1.7795,1.6061,2.5601,1.4536,10.447,11.3376,13487.71,N/A,N/A,1375.96,15.6428,4.716,1.8394,59.491,2.0619,46.5,11.3238,
2008-02-08,1.4513,155.89,1.9558,N/A,25.658,7.4527,15.6466,0.7448,265.48,3.4528,0.6963,N/A,3.6161,N/A,3.6725,9.4125,N/A,33.536,1.6014,98.01,8.0245,7.2795,35.9075,N/A,1.75,1.6233,2.563,1.4537,10.4261,11.322,13406.38,N/A,N/A,1366.69,15.6472,4.6899,1.8466,58.894,2.0581,45.73,11.346,
2008-02-07,1.4569,154.59,1.9558,N/A,25.621,7.4524,15.6466,0.7491,265.9,3.4528,0.6964,N/A,3.618,N/A,3.6785,9.4403,N/A,33.675,1.5985,97.96,8.07,7.272,36.0085,N/A,1.762,1.6367,2.5802,1.4732,10.476,11.369,13464.67,N/A,N/A,1372.25,15.7842,4.718,1.8565,59.004,2.065,45.75,11.369,
2008-02-06,1.4621,155.58,1.9558,N/A,25.635,7.4527,15.6466,0.747,260.8,3.4528,0.6963,N/A,3.596,N/A,3.661,9.4288,N/A,33.4,1.6061,96.46,8.0555,7.265,36.053,N/A,1.7335,1.6315,2.5737,1.4705,10.5037,11.4044,13512.73,N/A,N/A,1379.64,15.8383,4.7248,1.8634,59.361,2.0696,45.303,11.1924,
2008-02-05,1.4688,157.79,1.9558,N/A,25.671,7.4538,15.6466,0.74605,258.21,3.4528,0.697,N/A,3.58,N/A,3.6335,9.4074,N/A,33.379,1.6177,95.8,8.0095,7.2545,36.121,N/A,1.7205,1.6263,2.5645,1.467,10.5511,11.4555,13527.65,N/A,N/A,1383.24,15.8669,4.7402,1.8638,59.34,2.0803,45.552,10.9558,
2008-02-04,1.4829,158.5,1.9558,N/A,25.751,7.4526,15.6466,0.7502,256.8,3.4528,0.698,N/A,3.5725,N/A,3.6347,9.41,N/A,33.314,1.6158,95.98,8.029,7.2348,36.317,N/A,1.7253,1.6336,2.5813,1.4824,10.6597,11.568,13664.18,N/A,N/A,1397.93,16.0033,4.789,1.8662,60.28,2.0974,46.12,10.9411,
2008-02-01,1.4889,158.51,1.9558,N/A,25.858,7.4534,15.6466,0.74955,257.38,3.4528,0.6975,N/A,3.5945,N/A,3.6705,9.451,N/A,33.408,1.6065,95.73,8.0265,7.2294,36.332,N/A,1.7364,1.651,2.6026,1.4847,10.7037,11.6086,13709.05,N/A,N/A,1405.52,16.0831,4.8173,1.8783,60.055,2.1066,46.305,10.992,
2008-01-31,1.487,157.93,1.9558,N/A,26.07,7.4528,15.6466,0.7477,259.46,3.4528,0.6978,N/A,3.6244,N/A,3.717,9.4725,N/A,33.775,1.6051,96.78,8.076,7.2284,36.314,N/A,1.7483,1.6682,2.6241,1.4846,10.6793,11.5951,13749.55,N/A,N/A,1404.03,16.1087,4.8112,1.896,60.224,2.1078,46.45,11.1115,
2008-01-30,1.481,158.39,1.9558,N/A,26.006,7.4525,15.6466,0.7434,257.86,3.4528,0.6977,N/A,3.6115,N/A,3.7105,9.4399,N/A,33.661,1.6135,95.24,8.045,7.2344,36.227,N/A,1.7445,1.6654,2.631,1.4724,10.6508,11.5551,13754.79,N/A,N/A,1399.55,16.0577,4.791,1.9013,60.084,2.1019,46.689,10.7628,
2008-01-29,1.4773,158.02,1.9558,N/A,25.903,7.4524,15.6466,0.74295,258.23,3.4528,0.6975,N/A,3.6173,N/A,3.735,9.4487,N/A,33.659,1.6154,95.6,8.035,7.2496,36.163,N/A,1.7402,1.6641,2.6226,1.4759,10.6284,11.5299,13772.87,N/A,N/A,1395.61,16.0413,4.7828,1.8988,59.86,2.0979,46.3,10.5927,
2008-01-28,1.4755,157.67,1.9558,N/A,25.89,7.4526,15.6466,0.743,258.52,3.4528,0.6975,N/A,3.6196,N/A,3.7655,9.483,N/A,33.585,1.6093,95.66,8.0655,7.2632,36.145,N/A,1.7546,1.6703,2.6429,1.4843,10.6192,11.5179,13795.93,N/A,N/A,1401.73,16.0763,4.7821,1.9053,60.237,2.0973,46.404,10.5864,
2008-01-25,1.4705,158.35,1.9558,N/A,25.912,7.4518,15.6466,0.7425,257.62,3.4528,0.6976,N/A,3.6183,N/A,3.825,9.4603,N/A,33.489,1.6136,95.76,8.024,7.275,36.058,N/A,1.738,1.6652,2.6234,1.4819,10.6026,11.4861,13719.77,N/A,N/A,1392.42,16.0035,4.7666,1.9011,60.018,2.0935,46.14,10.4589,
2008-01-24,1.4663,156.3,1.9558,N/A,25.974,7.4527,15.6466,0.74685,257.52,3.4528,0.6978,N/A,3.6165,N/A,3.7576,9.486,N/A,33.525,1.598,96.62,8.036,7.2675,36,N/A,1.7525,1.6763,2.6339,1.4893,10.5996,11.447,13748.76,N/A,N/A,1392.55,15.9973,4.7985,1.9065,60.309,2.0969,45.9,10.3191,
2008-01-23,1.4574,153.5,1.9558,N/A,26.07,7.4509,15.6466,0.7472,259.03,3.4528,0.6983,N/A,3.639,N/A,3.7735,9.5105,N/A,33.907,1.5879,97.34,8.063,7.3095,36.003,N/A,1.768,1.6883,2.6503,1.4987,10.5399,11.3782,13684.99,N/A,N/A,1389.05,15.9651,4.7839,1.9231,59.87,2.0965,45.2,10.4408,
2008-01-22,1.4494,154.13,1.9558,N/A,26.2,7.4508,15.6466,0.74265,259.72,3.4528,0.6982,N/A,3.6523,N/A,3.7813,9.4995,N/A,33.948,1.599,96.98,8.044,7.3123,35.918,N/A,1.7754,1.6876,2.6579,1.4953,10.4925,11.3186,13740.31,N/A,N/A,1382.8,15.9188,4.775,1.9336,59.947,2.0943,44.775,10.4966,
2008-01-21,1.4482,153.85,1.9558,N/A,26.319,7.4518,15.6466,0.74325,258.48,3.4528,0.6981,N/A,3.6459,N/A,3.735,9.4752,N/A,33.882,1.5991,96.5,8.0265,7.3245,35.857,N/A,1.7579,1.6734,2.6412,1.493,10.4799,11.3128,13699.97,N/A,N/A,1373.62,15.8868,4.7682,1.9287,59.593,2.092,44.988,10.41,
2008-01-18,1.4674,157.7,1.9558,N/A,26.118,7.4539,15.6466,0.7481,256.13,3.4528,0.6988,N/A,3.6165,N/A,3.6749,9.4283,N/A,33.693,1.6144,95.41,7.9915,7.3367,35.923,N/A,1.7341,1.6697,2.6026,1.5024,10.6266,11.455,13863.26,N/A,N/A,1383.9,16.0269,4.7999,1.9127,59.723,2.105,45.45,10.2954,
2008-01-17,1.4691,157.07,1.9558,N/A,26.128,7.4514,15.6466,0.74615,255.28,3.4528,0.6985,N/A,3.6001,N/A,3.686,9.4097,N/A,33.68,1.6144,95.57,7.954,7.338,35.935,N/A,1.7387,1.6642,2.595,1.5007,10.6488,11.4642,13863.9,N/A,N/A,1389.47,16.0808,4.8135,1.9069,59.866,2.108,44.217,10.3314,
2008-01-16,1.4792,157.29,1.9558,N/A,26.051,7.4461,15.6466,0.754,255.18,3.4528,0.6979,N/A,3.6021,N/A,3.7155,9.4194,N/A,33.465,1.6142,96.15,7.942,7.3424,36.041,N/A,1.7356,1.6806,2.6127,1.5122,10.6982,11.5344,13971.04,N/A,N/A,1390.52,16.2039,4.8348,1.9255,60.233,2.1142,43.93,10.2508,
2008-01-15,1.4886,160.02,1.9558,N/A,25.905,7.4451,15.6466,0.7565,253.68,3.4528,0.6984,N/A,3.5738,N/A,3.7049,9.3965,N/A,33.364,1.6218,95.35,7.833,7.3449,36.141,N/A,1.7132,1.6533,2.5824,1.5096,10.7806,11.6071,14037.5,N/A,N/A,1392.59,16.2421,4.8484,1.8842,60.288,2.1262,44.256,10.063,
2008-01-14,1.4895,160.55,1.9558,N/A,25.865,7.4453,15.6466,0.76,253.44,3.4528,0.699,N/A,3.5822,N/A,3.7144,9.3987,N/A,33.277,1.6265,95.05,7.8275,7.3495,36.152,N/A,1.7147,1.6555,2.5956,1.5172,10.8013,11.6218,14045.99,N/A,N/A,1396.18,16.2854,4.8446,1.8852,60.392,2.1295,44.18,10.033,
2008-01-11,1.4792,161.18,1.9558,N/A,25.908,7.4465,15.6466,0.7555,253.7,3.4528,0.699,N/A,3.582,N/A,3.6789,9.398,N/A,33.268,1.6312,93.65,7.8185,7.35,36.048,N/A,1.7031,1.6545,2.6004,1.5082,10.742,11.5417,13956.99,N/A,N/A,1386.82,16.1934,4.8207,1.8822,60.24,2.1191,43.725,10.1,
2008-01-10,1.4662,161.08,1.9558,N/A,25.856,7.4478,15.6466,0.7493,254.17,3.4528,0.6987,N/A,3.597,N/A,3.68,9.4087,N/A,33.314,1.6294,92.42,7.839,7.3465,35.899,N/A,1.702,1.6611,2.5873,1.4787,10.6621,11.4429,13837.26,N/A,N/A,1375.15,16.0556,4.7918,1.8926,59.733,2.0994,43.121,10.0774,
2008-01-09,1.468,160.61,1.9558,N/A,25.98,7.4481,15.6466,0.74865,254.34,3.4528,0.6974,N/A,3.593,N/A,3.6525,9.403,N/A,33.328,1.6362,92.4,7.891,7.35,35.919,N/A,1.7066,1.661,2.5897,1.4739,10.6606,11.4587,13857.19,N/A,N/A,1376.1,16.0416,4.793,1.8981,59.546,2.1016,43.42,10.0535,
2008-01-08,1.4705,161.23,1.9558,N/A,26.125,7.4485,15.6466,0.7445,254.45,3.4528,0.6977,N/A,3.5944,N/A,3.5914,9.3806,N/A,33.413,1.6428,91.38,7.8895,7.3476,35.98,N/A,1.7055,1.6712,2.5796,1.4724,10.6822,11.4727,13896.96,N/A,N/A,1381.24,15.9902,4.81,1.9084,59.945,2.1047,43.772,10.109,
2008-01-07,1.4723,160.65,1.9558,N/A,26.145,7.4498,15.6466,0.74625,255.32,3.4528,0.6984,N/A,3.605,N/A,3.5955,9.3625,N/A,33.418,1.6396,91.01,7.8685,7.35,35.995,N/A,1.7228,1.6856,2.6027,1.4714,10.7021,11.4862,13899.25,N/A,N/A,1384.55,16.0863,4.8314,1.9228,60.217,2.1116,43.801,10.1662,
2008-01-04,1.4727,160.86,1.9558,N/A,26.129,7.4509,15.6466,0.74495,253.64,3.4528,0.6985,N/A,3.6016,N/A,3.5775,9.3755,N/A,33.339,1.6406,90.45,7.865,7.3444,35.978,N/A,1.7107,1.671,2.5709,1.4553,10.7109,11.4874,13894.92,N/A,N/A,1382.42,16.0171,4.8349,1.9043,60.337,2.1102,43.874,10.0643,
2008-01-03,1.4753,160.68,1.9558,N/A,26.175,7.4532,15.6466,0.7448,253.67,3.4528,0.6987,N/A,3.6075,N/A,3.606,9.4078,N/A,33.446,1.6422,91.66,7.925,7.3406,36.017,N/A,1.7292,1.674,2.5979,1.4666,10.7291,11.5122,13893.64,N/A,N/A,1382.06,16.1123,4.8523,1.9066,60.6,2.1144,44.062,10.085,
2008-01-02,1.4688,163.83,1.9558,N/A,26.364,7.4552,15.6466,0.7413,253.22,3.4528,0.6988,N/A,3.6013,N/A,3.583,9.4257,N/A,33.586,1.6529,91.99,7.9855,7.3363,35.947,N/A,1.7134,1.6673,2.601,1.4515,10.7125,11.4731,13777.34,N/A,N/A,1376.19,16.0143,4.8625,1.8949,60.47,2.1135,44.013,10.0143,
2007-12-31,1.4721,164.93,1.9558,0.585274,26.628,7.4583,15.6466,0.73335,253.73,3.4528,0.6964,0.4293,3.5935,N/A,3.6077,9.4415,N/A,33.583,1.6547,91.9,7.958,7.3308,35.986,N/A,1.717,1.6757,N/A,1.4449,10.7524,11.48,13826.7,N/A,N/A,1377.96,N/A,4.8682,1.9024,60.724,2.1163,43.8,10.0298,
2007-12-28,1.4692,166.13,1.9558,0.585274,26.58,7.4566,15.6466,0.7348,253.81,3.4528,0.697,0.4293,3.6015,N/A,3.6083,9.4483,N/A,33.601,1.6604,91.31,7.974,7.3308,35.986,N/A,1.7178,1.6731,N/A,1.4389,10.7312,11.462,13802.4,N/A,N/A,1375.76,N/A,4.8748,1.8991,60.641,2.1246,44.04,10.0012,
2007-12-27,1.4516,166.22,1.9558,0.585274,26.608,7.4568,15.6466,0.72885,254.02,3.4528,0.6967,0.4293,3.608,N/A,3.5388,9.4685,N/A,33.614,1.6682,91.75,7.9955,7.3278,35.796,N/A,1.7072,1.6624,N/A,1.4265,10.6221,11.3219,13670.44,N/A,N/A,1365.37,N/A,4.8396,1.8882,60.205,2.1063,43.46,9.9752,
2007-12-24,1.4398,164.25,1.9558,0.585274,26.545,7.4612,15.6466,0.7271,253.96,3.4528,0.6968,0.4293,3.6054,N/A,3.4815,9.4685,N/A,33.658,1.6629,91.29,7.9918,7.3126,35.59,N/A,1.7048,1.6527,N/A,1.4217,10.5789,11.2367,13555.72,N/A,N/A,1352.91,N/A,4.8089,1.8785,59.507,2.0941,43.32,10.0683,
2007-12-21,1.438,163.27,1.9558,0.585274,26.448,7.4624,15.6466,0.7236,254.04,3.4528,0.6968,0.4293,3.625,N/A,3.4965,9.4453,N/A,33.599,1.6612,91.73,8.034,7.306,35.563,N/A,1.7172,1.6613,N/A,1.4356,10.5975,11.2184,13556.75,N/A,N/A,1352.58,N/A,4.8166,1.8786,59.619,2.0935,43.62,10.1045,
2007-12-20,1.4349,162.3,1.9558,0.585274,26.372,7.462,15.6466,0.7215,253.98,3.4528,0.6969,0.4293,3.6198,N/A,3.519,9.461,N/A,33.624,1.6603,91.68,8.03,7.302,35.535,N/A,1.7152,1.672,N/A,1.4338,10.5744,11.195,13531.11,N/A,N/A,1354.55,N/A,4.8098,1.8978,59.728,2.0969,43.98,10.0489,
2007-12-19,1.4385,162.54,1.9558,0.585274,26.3,7.4614,15.6466,0.7175,253.89,3.4528,0.6966,0.4293,3.6148,N/A,3.5355,9.4754,N/A,33.661,1.66,91.21,8.0385,7.302,35.57,N/A,1.7187,1.6724,N/A,1.4461,10.6115,11.2227,13565.06,N/A,N/A,1351.76,N/A,4.8219,1.9016,59.856,2.1008,44.16,9.9418,
2007-12-18,1.4416,163.44,1.9558,0.585274,26.353,7.462,15.6466,0.71485,253.8,3.4528,0.6964,0.4293,3.6115,N/A,3.5397,9.4381,N/A,33.561,1.6602,90.69,8.026,7.303,35.613,N/A,1.7146,1.6703,N/A,1.4503,10.6465,11.2456,13543.83,N/A,N/A,1354.31,N/A,4.833,1.9034,60.547,2.1035,44.075,9.9649,
2007-12-17,1.4393,163.12,1.9558,0.585274,26.395,7.4623,15.6466,0.7137,254.23,3.4528,0.6966,0.4293,3.6176,N/A,3.5549,9.4593,N/A,33.555,1.6612,90.74,7.978,7.3131,35.581,N/A,1.7121,1.6766,N/A,1.4561,10.6325,11.2237,13551.01,N/A,N/A,1343.73,N/A,4.808,1.9042,59.63,2.1011,43.74,9.934,
2007-12-14,1.4509,163.99,1.9558,0.585274,26.415,7.4622,15.6466,0.7157,253.01,3.4528,0.6967,0.4293,3.6123,N/A,3.5503,9.4217,N/A,33.399,1.6668,90.75,7.975,7.3106,35.702,N/A,1.7142,1.6704,N/A,1.485,10.6953,11.3143,13533.27,N/A,N/A,1349.92,N/A,4.8155,1.8701,59.777,2.0982,43.74,9.9093,
2007-12-13,1.4683,164.21,1.9558,0.585274,26.248,7.4614,15.6466,0.71935,252.41,3.4528,0.6969,0.4293,3.5864,N/A,3.526,9.4398,N/A,33.293,1.6683,89.6,7.932,7.3174,35.908,N/A,1.7231,1.6724,N/A,1.4915,10.8202,11.4481,13669.87,N/A,N/A,1358.1,N/A,4.8634,1.8766,60.215,2.1154,44.372,9.942,
2007-12-12,1.4675,163.41,1.9558,0.585274,26.04,7.4607,15.6466,0.7196,252.36,3.4528,0.6973,0.4293,3.5793,N/A,3.524,9.4289,N/A,33.18,1.6631,89.72,7.9565,7.32,35.893,N/A,1.7213,1.6644,N/A,1.486,10.8257,11.4436,13648.48,N/A,N/A,1360.08,N/A,4.8684,1.8663,60.344,2.1151,44.363,9.9,
2007-12-11,1.4672,164.24,1.9558,0.585274,26.04,7.4607,15.6466,0.716,251.62,3.4528,0.6976,0.4293,3.5744,N/A,3.5196,9.405,N/A,33.098,1.665,89.87,7.9975,7.3195,35.894,N/A,1.7175,1.6575,N/A,1.482,10.8287,11.4415,13608.28,N/A,N/A,1356.13,N/A,4.863,1.8709,60.683,2.1161,44.419,9.8583,
2007-12-10,1.4718,164.53,1.9558,0.585274,25.998,7.4607,15.6466,0.7195,251.61,3.4528,0.6979,0.4293,3.5749,N/A,3.5175,9.4182,N/A,33.068,1.6557,90.24,7.992,7.312,35.951,N/A,1.719,1.6707,N/A,1.48,10.8843,11.4755,13637.7,N/A,N/A,1359.65,N/A,4.8849,1.892,61.109,2.1188,44.588,9.8282,
2007-12-07,1.4649,163.38,1.9558,0.585274,26.164,7.4594,15.6466,0.7202,252.39,3.4528,0.6978,0.4293,3.5854,N/A,3.5115,9.401,N/A,33.173,1.655,90.16,8.017,7.3125,35.884,N/A,1.7185,1.6712,N/A,1.4708,10.8447,11.4201,13583.29,N/A,N/A,1346.83,N/A,4.8745,1.8795,61.086,2.1114,44.399,9.8262,
2007-12-06,1.4554,161.55,1.9558,0.5853,26.121,7.4587,15.6466,0.7185,252.09,3.4528,0.6989,0.4293,3.5823,N/A,3.5207,9.3905,N/A,33.188,1.6503,90.28,8.046,7.326,35.759,N/A,1.715,1.6726,N/A,1.4817,10.7838,11.346,13484.28,N/A,N/A,1342.32,N/A,4.8741,1.8866,60.981,2.1062,44.239,9.856,
2007-12-05,1.472,162.33,1.9558,0.5842,26.237,7.4574,15.6466,0.7224,252.89,3.4528,0.699,0.4293,3.6,N/A,3.5474,9.3985,N/A,33.26,1.6458,91.31,8.07,7.3265,35.964,N/A,1.733,1.695,N/A,1.4975,10.8751,11.4751,13638.08,N/A,N/A,1359.47,N/A,4.9216,1.9216,61.861,2.1265,44.44,10.0165,
2007-12-04,1.4741,161.85,1.9558,0.5842,26.29,7.4569,15.6466,0.7149,253.45,3.4528,0.7004,0.4293,3.6183,N/A,3.5569,9.42,N/A,33.315,1.648,91.25,8.109,7.3317,35.986,N/A,1.7505,1.6843,N/A,1.4815,10.9061,11.4831,13698.81,N/A,N/A,1360.45,N/A,4.9264,1.9334,62.015,2.1336,45.134,10.0785,
2007-12-03,1.4666,161.82,1.9558,0.5842,26.242,7.4566,15.6466,0.7107,253.16,3.4528,0.7007,0.4293,3.6176,N/A,3.5106,9.3775,N/A,33.241,1.6568,90.11,8.102,7.334,35.9,N/A,1.734,1.6612,N/A,1.4682,10.8565,11.4233,13683.38,N/A,N/A,1357.19,N/A,4.9212,1.9159,62.045,2.1262,45.01,10.0062,
2007-11-30,1.4761,163.43,1.9558,0.5842,26.261,7.4575,15.6466,0.71455,253,3.4528,0.7005,0.4293,3.6133,N/A,3.4861,9.3715,N/A,33.161,1.6541,90.02,8.114,7.324,36.006,N/A,1.734,1.6643,N/A,1.4695,10.9231,11.4954,13831.06,N/A,N/A,1359.71,N/A,4.9663,1.9105,63.133,2.1336,45.365,9.956,
2007-11-29,1.4738,162.26,1.9558,0.5842,26.38,7.4574,15.6466,0.71475,254.5,3.4528,0.6988,0.4293,3.6468,N/A,3.529,9.3689,N/A,33.37,1.6505,90.69,8.0925,7.3155,35.993,N/A,1.7571,1.6717,N/A,1.4605,10.8802,11.4784,13824.24,N/A,N/A,1369.16,N/A,4.9689,1.9114,63.02,2.1362,45.43,10.1365,
2007-11-28,1.4747,162.02,1.9558,0.5842,26.494,7.4568,15.6466,0.71375,255.27,3.4528,0.6984,0.4293,3.6489,N/A,3.5445,9.3367,N/A,33.239,1.6463,91.89,8.1075,7.319,35.983,N/A,1.7676,1.6719,N/A,1.4676,10.9047,11.4817,13887.99,N/A,N/A,1374.13,N/A,4.9882,1.9184,63.184,2.1293,45.627,10.2344,
2007-11-27,1.4874,160.11,1.9558,0.5842,26.767,7.4567,15.6466,0.71855,258.68,3.4528,0.6985,0.4293,3.695,N/A,3.5997,9.3135,N/A,33.558,1.6326,93.84,8.08,7.316,36.118,N/A,1.8245,1.7044,N/A,1.4767,10.983,11.5781,13981.56,N/A,N/A,1382.69,N/A,5.0177,1.9705,63.512,2.1478,46.37,10.4695,
2007-11-26,1.4845,160.96,1.9558,0.5842,26.765,7.4554,15.6466,0.71795,256.9,3.4528,0.6989,0.4293,3.676,N/A,3.5852,9.289,N/A,33.434,1.6372,92.77,8.0375,7.329,36.093,N/A,1.7727,1.684,N/A,1.4633,10.9807,11.5477,13924.61,N/A,N/A,1380.14,N/A,4.9827,1.9599,63.358,2.1394,46.326,10.124,
2007-11-23,1.4809,159.87,1.9558,0.5842,26.759,7.4551,15.6466,0.72025,257.31,3.4528,0.6987,0.4293,3.6915,N/A,3.5977,9.3188,N/A,33.569,1.6322,92.94,8.0485,7.3223,36.054,N/A,1.7815,1.6968,N/A,1.4616,10.9675,11.5195,13870.11,N/A,N/A,1378.42,N/A,4.9773,1.9691,63.457,2.1354,46.229,10.1065,
2007-11-22,1.4829,161.22,1.9558,0.5842,26.765,7.4549,15.6466,0.71855,256.64,3.4528,0.6992,0.4293,3.6875,N/A,3.6405,9.329,N/A,33.469,1.6352,93.52,8.0255,7.33,36.082,N/A,1.7773,1.7011,N/A,1.4628,10.995,11.5358,13910.34,N/A,N/A,1384.44,N/A,5.0159,1.9674,64.061,2.1515,46.568,10.0774,
2007-11-21,1.4814,160.92,1.9558,0.5842,26.781,7.4544,15.6466,0.7197,256.25,3.4528,0.6985,0.4293,3.6895,N/A,3.5421,9.317,N/A,33.445,1.6379,92.07,8.0415,7.336,36.065,N/A,1.7861,1.6952,N/A,1.4639,10.9787,11.525,13932.57,N/A,N/A,1376.52,N/A,5.0108,1.9601,64.1,2.1516,46.615,10.0942,
2007-11-20,1.4785,162.85,1.9558,0.5842,26.69,7.4524,15.6466,0.71715,255,3.4528,0.6992,0.4293,3.687,N/A,3.498,9.2823,N/A,33.203,1.6408,92.96,7.995,7.3378,36.036,N/A,1.765,1.6657,N/A,1.4525,10.9731,11.5063,13823.98,N/A,N/A,1363.47,N/A,4.9715,1.9433,63.746,2.1402,46.548,9.9651,
2007-11-19,1.4654,161.58,1.9558,0.5842,26.693,7.4529,15.6466,0.71445,254.23,3.4528,0.6993,0.4293,3.6706,N/A,3.4825,9.2829,N/A,33.142,1.6379,89.49,8.078,7.3468,35.888,N/A,1.7409,1.6456,N/A,1.4318,10.8859,11.4079,13672.18,N/A,N/A,1347.29,N/A,4.9421,1.9313,63.305,2.1209,46.165,9.8263,
2007-11-16,1.4651,161.98,1.9558,0.5842,26.655,7.4533,15.6466,0.71625,254.17,3.4528,0.6993,0.4293,3.6672,N/A,3.485,9.2587,N/A,33.09,1.6406,89.05,8.0315,7.3472,35.882,N/A,1.7343,1.6399,N/A,1.4302,10.8794,11.4076,13654.73,N/A,N/A,1344.38,N/A,4.952,1.9241,63.732,2.1274,46.214,9.7782,
2007-11-15,1.4639,161.98,1.9558,0.5842,26.624,7.4527,15.6466,0.71485,254.42,3.4528,0.7001,0.4293,3.6672,N/A,3.458,9.248,N/A,33.09,1.6454,88.44,7.9935,7.3525,35.865,N/A,1.732,1.6425,N/A,1.4273,10.8662,11.3961,13631.84,N/A,N/A,1340.35,N/A,4.9355,1.9329,63.24,2.1255,46.21,9.7941,
2007-11-14,1.47,163.26,1.9558,0.5842,26.695,7.4517,15.6466,0.7104,253.82,3.4528,0.7016,0.4293,3.6435,N/A,3.4571,9.247,N/A,32.927,1.645,87.85,7.9275,7.349,35.934,N/A,1.7375,1.6308,N/A,1.4041,10.9152,11.4501,13553.4,N/A,N/A,1342.55,N/A,4.9172,1.9227,62.887,2.1254,46.268,9.8372,
2007-11-13,1.4607,160.96,1.9558,0.5842,26.691,7.4525,15.6466,0.7047,254.27,3.4528,0.7023,0.4293,3.6445,N/A,3.443,9.2805,N/A,32.866,1.6436,88.22,7.909,7.3457,35.835,N/A,1.7601,1.6294,N/A,1.3945,10.8581,11.3708,13415.07,N/A,N/A,1342.09,N/A,4.8933,1.922,62.788,2.1159,46.221,9.8775,
2007-11-12,1.4579,159.55,1.9558,0.5842,26.645,7.4525,15.6466,0.70445,254.5,3.4528,0.7024,0.4293,3.6437,N/A,3.4451,9.3214,N/A,33,1.6403,88.74,7.874,7.344,35.801,N/A,1.766,1.6516,N/A,1.3956,10.8064,11.3519,13368.94,N/A,N/A,1329.02,N/A,4.8657,1.9524,62.602,2.1113,46.079,9.8305,
2007-11-09,1.4683,163.22,1.9558,0.5842,26.73,7.4538,15.6466,0.7004,253.71,3.4528,0.7018,0.4293,3.6365,N/A,3.4122,9.2908,N/A,33.144,1.6483,88.31,7.8115,7.3385,35.914,N/A,1.7536,1.5993,N/A,1.379,10.8813,11.4198,13398.24,N/A,N/A,1331.45,N/A,4.8726,1.9056,62.961,2.1171,46.316,9.6572,
2007-11-08,1.4666,165.9,1.9558,0.5842,26.894,7.4548,15.6466,0.69625,253.34,3.4528,0.7017,0.4293,3.637,N/A,3.403,9.262,N/A,33.122,1.6601,87,7.741,7.3365,35.882,N/A,1.7359,1.5783,N/A,1.3629,10.8832,11.3896,13396.66,N/A,N/A,1332.7,N/A,4.8845,1.8923,63.284,2.1117,46.271,9.508,
2007-11-07,1.4722,166.07,1.9558,0.5842,26.934,7.454,15.6466,0.6996,253.64,3.4528,0.7021,0.4293,3.6435,N/A,3.4001,9.2535,N/A,33.183,1.6589,86.4,7.766,7.3315,35.96,N/A,1.7345,1.5703,N/A,1.3354,10.9563,11.4372,13426.46,N/A,N/A,1333.89,N/A,4.9032,1.8767,63.709,2.118,46.571,9.5611,
2007-11-06,1.4547,166.9,1.9558,0.5842,26.95,7.4542,15.6466,0.69685,252.22,3.4528,0.7024,0.4293,3.6377,N/A,3.376,9.25,N/A,33.185,1.6658,85.36,7.78,7.3434,35.768,N/A,1.7059,1.5695,N/A,1.3482,10.8419,11.2932,13263.23,N/A,N/A,1321.01,N/A,4.8551,1.8733,63.432,2.1058,45.82,9.4697,
2007-11-05,1.4488,165.39,1.9558,0.5842,26.975,7.4543,15.6466,0.6962,252.92,3.4528,0.7027,0.4293,3.6446,N/A,3.3686,9.258,N/A,33.29,1.6687,85.82,7.8155,7.345,35.702,N/A,1.7235,1.5765,N/A,1.3527,10.8009,11.2492,13271.01,N/A,N/A,1315.66,N/A,4.8513,1.8896,63.313,2.1013,45.869,9.5433,
2007-11-02,1.4479,166.88,1.9558,0.5842,26.941,7.454,15.6466,0.6951,252.33,3.4528,0.7024,0.4293,3.649,N/A,3.341,9.253,N/A,33.27,1.673,85.24,7.843,7.3465,35.694,N/A,1.706,1.5696,N/A,1.3531,10.7953,11.2334,13222.95,N/A,N/A,1313.39,N/A,4.8361,1.8921,62.694,2.0975,45.995,9.4801,
2007-11-01,1.4423,166.29,1.9558,0.5842,27.026,7.4537,15.6466,0.6924,251.96,3.4528,0.7025,0.4293,3.6453,N/A,3.3312,9.2225,N/A,33.357,1.6735,84.95,7.8295,7.3472,35.628,N/A,1.6998,1.5626,N/A,1.3664,10.749,11.1886,13135.03,N/A,N/A,1303.69,N/A,4.806,1.8817,62.452,2.0899,45.56,9.49,
2007-10-31,1.4447,166.49,1.9558,0.5842,26.973,7.4547,15.6466,0.6973,251.41,3.4528,0.7022,0.4293,3.6377,N/A,3.336,9.2191,N/A,33.332,1.6762,86.62,7.791,7.3463,35.675,N/A,1.6987,1.5658,N/A,1.3768,10.7818,11.1966,13142.44,N/A,N/A,1301.39,N/A,4.8181,1.8863,63.104,2.0931,45.787,9.4822,
2007-10-30,1.4407,165.41,1.9558,0.5842,26.86,7.4546,15.6466,0.6972,251.05,3.4528,0.7026,0.4293,3.6381,N/A,3.3437,9.1782,N/A,33.351,1.6751,86.72,7.721,7.344,35.598,N/A,1.7179,1.5688,N/A,1.3763,10.7632,11.1659,13117.57,N/A,N/A,1306.57,N/A,4.8184,1.8779,63.167,2.0898,45.572,9.4923,
2007-10-29,1.4391,165.17,1.9558,0.5842,26.922,7.4546,15.6466,0.69895,250.65,3.4528,0.7022,0.4293,3.6246,N/A,3.3406,9.192,N/A,33.278,1.6776,86.77,7.722,7.3505,35.574,N/A,1.7132,1.5652,N/A,1.3822,10.7566,11.1544,13088.61,N/A,N/A,1305.41,N/A,4.8044,1.872,63.069,2.0887,45.591,9.405,
2007-10-26,1.4384,164.5,1.9558,0.5842,26.962,7.4549,15.6466,0.701,252.25,3.4528,0.7021,0.4293,3.6309,N/A,3.3541,9.18,N/A,33.291,1.6732,86.85,7.7095,7.3449,35.579,N/A,1.7161,1.5734,N/A,1.383,10.7845,11.1488,13121.8,N/A,N/A,1308.94,N/A,4.8122,1.8792,63.372,2.0927,45.626,9.363,
2007-10-25,1.4309,163.64,1.9558,0.5842,27.114,7.4546,15.6466,0.69765,250.79,3.4528,0.7029,0.4293,3.6275,N/A,3.3465,9.2103,N/A,33.27,1.6701,86.68,7.73,7.344,35.503,N/A,1.7121,1.5813,N/A,1.3785,10.706,11.0912,13099.89,N/A,N/A,1312.14,N/A,4.8007,1.8902,63.031,2.0832,45.145,9.4439,
2007-10-24,1.423,162.67,1.9558,0.5842,27.178,7.4542,15.6466,0.6955,251.32,3.4528,0.7023,0.4293,3.6549,N/A,3.3674,9.2127,N/A,33.437,1.6706,86.67,7.7455,7.337,35.417,N/A,1.7254,1.5833,N/A,1.3797,10.662,11.0306,13059.58,N/A,N/A,1306.6,N/A,4.7948,1.8941,62.79,2.0801,44.974,9.4715,
2007-10-23,1.4254,163.5,1.9558,0.5842,27.182,7.4548,15.6466,0.69575,251.66,3.4528,0.7018,0.4293,3.6568,N/A,3.3698,9.19,N/A,33.553,1.6707,86.2,7.69,7.3399,35.445,N/A,1.7279,1.5948,N/A,1.3734,10.6972,11.0482,13028.16,N/A,N/A,1308.94,N/A,4.8079,1.8909,62.86,2.0886,44.88,9.611,
2007-10-22,1.4166,161.4,1.9558,0.5842,27.215,7.4549,15.6466,0.6975,253.55,3.4528,0.7014,0.4293,3.6888,N/A,3.398,9.2145,N/A,33.693,1.665,87.6,7.7335,7.3476,35.336,N/A,1.7628,1.612,N/A,1.3866,10.6367,10.9798,12940.64,N/A,N/A,1299.09,N/A,4.7803,1.9136,62.472,2.0778,44.608,9.7485,
2007-10-19,1.4288,164.86,1.9558,0.5842,27.239,7.4543,15.6466,0.6973,250.55,3.4528,0.7017,0.4293,3.684,N/A,3.3614,9.1677,N/A,33.466,1.6714,85.46,7.6715,7.3404,35.485,N/A,1.7161,1.5932,N/A,1.3809,10.7274,11.0747,12987.79,N/A,N/A,1308.92,N/A,4.7986,1.8958,63.01,2.0896,44.901,9.6997,
2007-10-18,1.4299,165,1.9558,0.5842,27.447,7.4539,15.6466,0.698,251.28,3.4528,0.702,0.4293,3.7107,N/A,3.3635,9.153,N/A,33.548,1.6697,85.54,7.6705,7.3225,35.508,N/A,1.7335,1.6054,N/A,1.395,10.7401,11.0833,13001.37,N/A,N/A,1313.36,N/A,4.8123,1.9132,62.844,2.0864,45.105,9.7787,
2007-10-17,1.42,166.27,1.9558,0.5842,27.44,7.4539,15.6466,0.6973,250.44,3.4528,0.7029,0.4293,3.7021,N/A,3.3437,9.1456,N/A,33.625,1.6767,85.28,7.672,7.3225,35.364,N/A,1.7099,1.5901,N/A,1.387,10.6719,11.0099,12914.9,N/A,N/A,1304.41,N/A,4.7932,1.8886,62.764,2.0779,44.597,9.6592,
2007-10-16,1.415,165.17,1.9558,0.5842,27.526,7.4528,15.6466,0.6965,251.05,3.4528,0.703,0.4293,3.7196,N/A,3.3513,9.1538,N/A,33.687,1.6753,86.25,7.666,7.3235,35.305,N/A,1.7314,1.5929,N/A,1.3878,10.638,10.9724,12819.9,N/A,N/A,1297.84,N/A,4.7862,1.893,62.755,2.0767,44.424,9.7399,
2007-10-15,1.4226,167.52,1.9558,0.5842,27.523,7.4511,15.6466,0.69695,250.09,3.4528,0.7031,0.4293,3.7058,N/A,3.3381,9.0923,N/A,33.549,1.6792,85.34,7.661,7.3197,35.392,N/A,1.7183,1.5685,N/A,1.3835,10.7099,11.0284,12888.76,N/A,N/A,1304.95,N/A,4.7927,1.842,62.452,2.0813,44.855,9.6043,
2007-10-12,1.4173,166.51,1.9558,0.5842,27.482,7.4509,15.6466,0.6985,250.2,3.4528,0.7029,0.4293,3.7358,N/A,3.3411,9.1145,N/A,33.627,1.6803,85.39,7.649,7.3219,35.335,N/A,1.6956,1.572,N/A,1.3865,10.6475,10.9888,12840.74,N/A,N/A,1301.44,N/A,4.7763,1.8388,61.865,2.075,44.51,9.5884,
2007-10-11,1.4199,166.96,1.9558,0.5842,27.473,7.451,15.6466,0.697,249.22,3.4528,0.7041,0.4293,3.737,N/A,3.3305,9.1093,N/A,33.56,1.6733,85.13,7.6815,7.324,35.364,N/A,1.6851,1.5721,N/A,1.3874,10.6573,11.0099,12864.29,N/A,N/A,1302.62,N/A,4.7773,1.8445,62.49,2.0764,44.696,9.7164,
2007-10-10,1.4146,166.05,1.9558,0.5842,27.49,7.4517,15.6466,0.6926,249.68,3.4528,0.7036,0.4293,3.7465,N/A,3.327,9.1532,N/A,33.582,1.672,85.62,7.697,7.3143,35.296,N/A,1.6782,1.5757,N/A,1.388,10.6258,10.9729,12837.5,N/A,N/A,1296.13,N/A,4.7736,1.8558,62.242,2.0725,44.489,9.6835,
2007-10-09,1.4037,164.54,1.9558,0.5842,27.483,7.4521,15.6466,0.69185,250.18,3.4528,0.7049,0.4293,3.7508,N/A,3.3538,9.163,N/A,33.577,1.6669,85.17,7.7055,7.3395,35.174,N/A,1.6679,1.569,N/A,1.3869,10.5516,10.892,12738.58,N/A,N/A,1289.37,N/A,4.7677,1.8466,62.184,2.0687,44.104,9.6537,
2007-10-08,1.4089,165.49,1.9558,0.5842,27.513,7.4517,15.6466,0.69125,249.85,3.4528,0.7049,0.4293,3.7465,N/A,3.3473,9.1665,N/A,33.664,1.6679,85.77,7.67,7.3268,35.233,N/A,1.6711,1.568,N/A,1.3863,10.5755,10.9316,12778.72,N/A,N/A,1288.58,N/A,4.7804,1.8448,62.273,2.0731,44.228,9.6373,
2007-10-05,1.4136,164.6,1.9558,0.5842,27.53,7.4518,15.6466,0.69285,250.8,3.4528,0.7043,0.4293,3.7609,N/A,3.359,9.1848,N/A,33.912,1.6623,86.25,7.653,7.3255,35.291,N/A,1.6779,1.5846,N/A,1.3947,10.6106,10.9643,12849.62,N/A,N/A,1296.13,N/A,4.8077,1.8662,63.202,2.0847,44.691,9.7256,
2007-10-04,1.4109,164.51,1.9559,0.5842,27.535,7.4527,15.6466,0.69355,252.61,3.4528,0.7037,0.4293,3.7711,N/A,3.376,9.1755,N/A,34.237,1.6626,86.73,7.693,7.2969,35.259,N/A,1.7023,1.5943,N/A,1.4082,10.5904,10.9436,12874.46,N/A,N/A,1293.37,N/A,4.8112,1.8736,63.349,2.0895,44.655,9.778,
2007-10-03,1.4195,164.86,1.9558,0.5842,27.592,7.4544,15.6466,0.6956,252.1,3.4528,0.7032,0.4293,3.7741,N/A,3.3723,9.2037,N/A,34.229,1.6633,87.27,7.699,7.3066,35.36,N/A,1.7121,1.596,N/A,1.4131,10.6549,11.0115,12951.52,N/A,N/A,1297.28,N/A,4.8426,1.8642,63.948,2.1008,44.95,9.8028,
2007-10-02,1.4165,163.92,1.9558,0.5842,27.495,7.4546,15.6466,0.6938,251.3,3.4528,0.7036,0.4293,3.7692,N/A,3.3574,9.2163,N/A,33.955,1.6646,87.52,7.6965,7.3045,35.325,N/A,1.7126,1.5972,N/A,1.4122,10.6324,10.9953,12876.69,N/A,N/A,1294.4,N/A,4.8239,1.8619,63.544,2.0995,44.969,9.7728,
2007-10-01,1.4232,164.76,1.9558,0.5842,27.538,7.4549,15.6466,0.69735,251.42,3.4528,0.704,0.4293,3.77,N/A,3.3565,9.194,N/A,33.923,1.6603,88.1,7.6875,7.3114,35.4,N/A,1.718,1.6022,N/A,1.4142,10.6827,11.0576,12929.77,N/A,N/A,1300.45,N/A,4.8318,1.8666,63.781,2.1056,45.3,9.7958,
2007-09-28,1.4179,163.55,1.9558,0.5842,27.532,7.4544,15.6466,0.6968,250.69,3.4528,0.7038,0.4293,3.773,N/A,3.3441,9.2147,N/A,33.877,1.6601,87.87,7.7185,7.2773,35.349,N/A,1.7159,1.6073,N/A,1.4122,10.6429,11.0055,12966.7,N/A,N/A,1297.59,N/A,4.8315,1.8737,63.841,2.1066,45.063,9.7562,
2007-09-27,1.418,163.29,1.9558,0.5842,27.606,7.4559,15.6466,0.6993,250.14,3.4528,0.7048,0.4293,3.7785,N/A,3.3751,9.2207,N/A,33.881,1.6577,87.26,7.75,7.2848,35.346,N/A,1.7238,1.6079,N/A,1.4163,10.656,11.0011,12960.52,N/A,N/A,1304.84,N/A,4.846,1.8862,63.916,2.115,44.92,9.737,
2007-09-26,1.4127,162.93,1.9558,0.5842,27.59,7.456,15.6466,0.7005,250.94,3.4528,0.706,0.4293,3.7763,N/A,3.3801,9.2095,N/A,34.083,1.6527,87.87,7.771,7.2871,35.285,N/A,1.7212,1.6153,N/A,1.4208,10.6164,10.973,12941.74,N/A,N/A,1301.17,N/A,4.8406,1.8995,63.875,2.1153,44.99,9.8258,
2007-09-25,1.4106,161.24,1.9558,0.5842,27.554,7.4561,15.6466,0.70035,250.64,3.4528,0.7058,0.4293,3.771,N/A,3.3923,9.2181,N/A,34.151,1.6488,88.14,7.806,7.2949,35.261,N/A,1.7405,1.6339,N/A,1.4137,10.5953,10.9567,12931.68,N/A,N/A,1299.23,N/A,4.8482,1.923,63.724,2.1173,45.066,9.8883,
2007-09-24,1.4113,162.35,1.9558,0.5842,27.568,7.4542,15.6466,0.6969,250.06,3.4528,0.7044,0.4293,3.7605,N/A,3.3878,9.1815,N/A,34.135,1.654,88.02,7.783,7.2995,35.266,N/A,1.7297,1.6249,N/A,1.4113,10.5997,10.9754,12878.11,N/A,N/A,1300.09,N/A,4.8386,1.8904,63.692,2.1162,44.806,9.8622,
2007-09-21,1.4049,162.46,1.9558,0.5842,27.523,7.4532,15.6466,0.6973,249.94,3.4528,0.7059,0.4293,3.7655,N/A,3.3993,9.206,N/A,33.925,1.6517,88.07,7.7865,7.3057,35.246,N/A,1.7294,1.6324,N/A,1.4071,10.5418,10.9352,12868.88,N/A,N/A,1294.33,N/A,4.8392,1.8987,63.6,2.1167,44.554,9.887,
2007-09-20,1.403,161.43,1.9558,0.5842,27.487,7.4537,15.6466,0.6988,250.85,3.4528,0.7074,0.4293,3.7701,N/A,3.3824,9.214,N/A,33.833,1.6461,88.2,7.7815,7.311,35.225,N/A,1.735,1.6248,N/A,1.4037,10.5428,10.9202,12851.48,N/A,N/A,1294.69,N/A,4.8361,1.8878,63.556,2.1097,44.447,9.9326,
2007-09-19,1.3975,161.8,1.9558,0.5842,27.673,7.4508,15.6466,0.69865,252.2,3.4528,0.7039,0.4293,3.775,N/A,3.3722,9.2565,N/A,33.788,1.6493,88.41,7.7775,7.3235,35.201,N/A,1.7313,1.6407,N/A,1.4155,10.5001,10.8835,12891.94,N/A,N/A,1294.99,N/A,4.8291,1.9131,63.726,2.1067,44.606,9.9004,
2007-09-18,1.3867,160.16,1.9558,0.5842,27.499,7.4508,15.6466,0.6952,254.49,3.4528,0.7021,0.4293,3.7837,N/A,3.38,9.2953,N/A,33.866,1.6479,90.13,7.807,7.3226,35.158,N/A,1.7524,1.6594,N/A,1.4226,10.4319,10.7992,13003.78,N/A,N/A,1290.6,N/A,4.8375,1.9612,63.941,2.1026,44.259,9.9727,
2007-09-17,1.3877,159.45,1.9558,0.5842,27.501,7.4491,15.6466,0.6943,255.21,3.4528,0.7019,0.4293,3.7832,N/A,3.3895,9.2845,N/A,33.845,1.6458,90.31,7.802,7.3276,35.127,N/A,1.7576,1.653,N/A,1.4252,10.4393,10.8081,13027.03,N/A,N/A,1288.62,N/A,4.8417,1.9516,64.195,2.1025,44.376,9.9908,
2007-09-14,1.386,159.2,1.9558,0.5842,27.508,7.4488,15.6466,0.68915,254.95,3.4528,0.702,0.4293,3.7886,N/A,3.3651,9.2735,N/A,33.76,1.6463,89.75,7.8275,7.328,35.148,N/A,1.7526,1.6499,N/A,1.4286,10.4172,10.7951,13000.68,N/A,N/A,1287.04,N/A,4.8267,1.9407,63.978,2.0964,44.269,9.9654,
2007-09-13,1.3897,159.52,1.9558,0.5842,27.483,7.4476,15.6466,0.68525,253.94,3.4528,0.702,0.4293,3.7815,N/A,3.3265,9.2766,N/A,33.662,1.6415,88.74,7.8345,7.3285,35.225,N/A,1.7576,1.6565,N/A,1.436,10.4373,10.8256,13066.65,N/A,N/A,1294.64,N/A,4.8327,1.9437,64.357,2.0987,44.535,9.9189,
2007-09-12,1.3885,158.14,1.9558,0.5842,27.515,7.4479,15.6466,0.6837,254.69,3.4528,0.7007,0.4293,3.7801,N/A,3.3151,9.2903,N/A,33.635,1.6422,89.29,7.8325,7.3222,35.269,N/A,1.775,1.6613,N/A,1.4461,10.4437,10.8141,13062.31,N/A,N/A,1294.78,N/A,4.8507,1.964,64.912,2.106,44.608,9.99,
2007-09-11,1.3824,157.31,1.9558,0.5842,27.63,7.4473,15.6466,0.6802,254.58,3.4528,0.7004,0.4293,3.7895,N/A,3.3163,9.32,N/A,33.637,1.6401,89.86,7.8515,7.3237,35.225,N/A,1.779,1.6715,N/A,1.4467,10.4001,10.761,13049.86,N/A,N/A,1294.48,N/A,4.8584,1.9819,65.056,2.1049,44.709,9.9094,
2007-09-10,1.3795,156.64,1.9558,0.5842,27.6,7.447,15.6466,0.67945,256.86,3.4528,0.6985,0.4293,3.8113,N/A,3.313,9.3725,N/A,33.737,1.6377,89.87,7.896,7.3252,35.223,N/A,1.7955,1.6757,N/A,1.4569,10.3758,10.7331,12987.99,N/A,N/A,1295.42,N/A,4.8455,1.9891,64.278,2.1024,44.774,9.9704,
2007-09-07,1.3696,157.79,1.9558,0.5842,27.631,7.4467,15.6466,0.6773,254.47,3.4528,0.6984,0.4293,3.8081,N/A,3.3032,9.326,N/A,33.726,1.6437,88.02,7.9085,7.3209,35.112,N/A,1.7697,1.6564,N/A,1.4398,10.3261,10.6646,12870.82,N/A,N/A,1284.96,N/A,4.7998,1.9834,63.734,2.0867,44.546,9.8556,
2007-09-06,1.3669,157.32,1.9558,0.5842,27.608,7.4472,15.6466,0.6773,255.59,3.4528,0.6991,0.4293,3.82,N/A,3.3235,9.345,N/A,33.765,1.6427,88.42,7.9075,7.3225,35.07,N/A,1.782,1.6571,N/A,1.4433,10.3042,10.6491,12845.44,N/A,N/A,1283.72,N/A,4.7886,1.9828,63.629,2.0862,44.486,9.891,
2007-09-05,1.3588,157.11,1.9558,0.5842,27.64,7.4489,15.6466,0.676,255.75,3.4528,0.6987,0.4293,3.8225,N/A,3.3248,9.3948,N/A,33.781,1.6462,87.87,7.9105,7.3216,34.909,N/A,1.7717,1.6553,N/A,1.4329,10.2585,10.5897,12770.68,N/A,N/A,1274.62,N/A,4.768,1.9643,63.381,2.0752,44.222,9.8628,
2007-09-04,1.358,156.84,1.9558,0.5842,27.645,7.4487,15.6466,0.6752,255.67,3.4528,0.6971,0.4293,3.8243,N/A,3.3042,9.389,N/A,33.764,1.6466,88.4,7.929,7.321,34.898,N/A,1.776,1.6466,N/A,1.4305,10.2525,10.5866,12771.99,N/A,N/A,1275.64,N/A,4.7652,1.9415,63.351,2.0762,44.101,9.8713,
2007-09-03,1.3632,157.86,1.9558,0.5842,27.67,7.4485,15.6466,0.67575,254.97,3.4528,0.6981,0.4293,3.8199,N/A,3.2683,9.382,N/A,33.727,1.6479,87.27,7.9315,7.3198,34.903,N/A,1.7763,1.6592,N/A,1.4362,10.2844,10.6254,12799.08,N/A,N/A,1277.8,N/A,4.7746,1.9395,63.484,2.076,44.065,9.8359,
2007-08-31,1.3705,159.25,1.9558,0.5842,27.726,7.4491,15.6466,0.67795,253.91,3.4528,0.698,0.4293,3.8162,N/A,3.2666,9.3662,N/A,33.689,1.6451,86.16,7.944,7.3207,35.067,N/A,1.7817,1.6692,N/A,1.4446,10.3404,10.6866,12869,N/A,N/A,1285.87,N/A,4.7988,1.9347,63.783,2.0848,44.528,9.779,
2007-08-30,1.361,157.33,1.9558,0.5842,27.594,7.4472,15.6466,0.678,255.44,3.4528,0.6974,0.4293,3.8271,N/A,3.2616,9.3832,N/A,33.74,1.6402,86.71,7.959,7.3212,34.928,N/A,1.7943,1.6677,N/A,1.4454,10.2633,10.6142,12820.62,N/A,N/A,1280.02,N/A,4.7689,1.9404,63.695,2.0761,44.344,9.7932,
2007-08-29,1.3631,156.48,1.9558,0.5842,27.628,7.4464,15.6466,0.6772,257.57,3.4528,0.6984,0.4293,3.8358,N/A,3.255,9.3987,N/A,33.833,1.637,87.52,7.9565,7.3212,35.033,N/A,1.811,1.6713,N/A,1.4464,10.2896,10.6331,12833.59,N/A,N/A,1284.04,N/A,4.7749,1.9527,63.793,2.0774,44.594,9.8985,
2007-08-28,1.3664,157.55,1.9558,0.5842,27.716,7.4442,15.6466,0.6789,257.42,3.4528,0.7013,0.4293,3.832,N/A,3.2475,9.3721,N/A,33.754,1.6366,87.2,7.9475,7.3232,35.086,N/A,1.8128,1.6552,N/A,1.4421,10.3252,10.6584,12837.33,N/A,N/A,1284.28,N/A,4.7742,1.9197,63.845,2.0796,44.652,9.8993,
2007-08-27,1.3658,158.63,1.9558,0.5842,27.808,7.4423,15.6466,0.6777,255.95,3.4528,0.6991,0.4293,3.8265,N/A,3.2404,9.372,N/A,33.718,1.6436,87.44,7.9515,7.3255,35.0479,N/A,1.7969,1.6425,N/A,1.4327,10.326,10.6602,12811.2,N/A,N/A,1282.01,N/A,4.7578,1.887,63.715,2.0764,44.753,9.8111,
2007-08-24,1.3615,157.7,1.9558,0.5842,27.693,7.442,15.6466,0.67885,258.37,3.4528,0.698,0.4293,3.8335,N/A,3.26,9.378,N/A,33.74,1.6362,88.36,7.954,7.3275,35.064,N/A,1.8116,1.6581,N/A,1.4328,10.3019,10.6228,12804.91,N/A,N/A,1282.19,N/A,4.7482,1.9036,63.596,2.0748,44.156,9.8811,
2007-08-23,1.3574,158.26,1.9558,0.5842,27.734,7.4416,15.6466,0.6765,257.23,3.4528,0.6977,0.4293,3.83,N/A,3.2509,9.369,N/A,33.718,1.6387,87.38,7.9645,7.3268,34.91,N/A,1.7963,1.6554,N/A,1.425,10.2986,10.6061,12695.76,N/A,N/A,1278.2,N/A,4.7271,1.8914,63.119,2.0651,44.206,9.834,
2007-08-22,1.3493,155.32,1.9558,0.5842,27.749,7.4415,15.6466,0.67865,258.85,3.4528,0.6969,0.4293,3.834,N/A,3.2655,9.3852,N/A,33.761,1.6306,88.31,7.992,7.3275,34.834,N/A,1.8122,1.6752,N/A,1.4299,10.2547,10.5339,12676.67,N/A,N/A,1273.87,N/A,4.6989,1.9281,62.635,2.0611,43.908,9.8522,
2007-08-21,1.3508,154.98,1.9558,0.5842,27.668,7.4417,15.6466,0.68105,260.39,3.4528,0.6965,0.4293,3.8454,N/A,3.2727,9.3645,N/A,33.779,1.6248,90.28,7.9985,7.3292,34.922,N/A,1.837,1.682,N/A,1.4297,10.2534,10.5518,12751.55,N/A,N/A,1274.55,N/A,4.7244,1.9269,63.217,2.0615,44.385,9.9727,
2007-08-20,1.3476,155.14,1.9558,0.5842,27.699,7.4412,15.6466,0.6789,259.19,3.4528,0.6977,0.4293,3.8377,N/A,3.2588,9.3296,N/A,33.657,1.6284,91.17,7.991,7.3252,34.756,N/A,1.8185,1.6791,N/A,1.4298,10.2244,10.5331,12653.96,N/A,N/A,1270.72,N/A,4.7011,1.9336,63,2.0587,44.22,9.9213,
2007-08-17,1.3454,152.74,1.9558,0.5842,27.663,7.4409,15.6466,0.6792,260.2,3.4528,0.6975,0.4293,3.8337,N/A,3.2769,9.359,N/A,33.74,1.6245,92.87,8.0375,7.333,34.774,N/A,1.8636,1.7213,N/A,1.4416,10.2184,10.5081,12747.67,N/A,N/A,1278.74,N/A,4.7298,1.9727,63.039,2.066,44.903,10.0198,
2007-08-16,1.3405,153.19,1.9558,0.5842,27.51,7.4419,15.6466,0.6756,260.2,3.4528,0.6968,0.4293,3.838,N/A,3.2575,9.413,N/A,33.8,1.6302,92.95,8.035,7.3062,34.599,N/A,1.8755,1.7072,N/A,1.4469,10.1932,10.4786,12701.24,N/A,N/A,1268.65,N/A,4.6991,1.979,62.199,2.0679,44.169,10.0182,
2007-08-15,1.3476,157.39,1.9558,0.5842,27.935,7.4417,15.6466,0.6775,258.92,3.4528,0.6975,0.4293,3.8301,N/A,3.2316,9.3633,N/A,33.667,1.6383,90.72,7.991,7.3062,34.599,N/A,1.8085,1.6381,N/A,1.4508,10.2226,10.535,12702.48,N/A,N/A,1256.57,N/A,4.7003,1.886,62.259,2.0653,43.728,10.0043,
2007-08-14,1.3591,160.74,1.9558,0.5842,27.978,7.4422,15.6466,0.6788,254.41,3.4528,0.6991,0.4293,3.7897,N/A,3.2021,9.315,N/A,33.502,1.6421,89.31,7.975,7.3068,34.721,N/A,1.7752,1.6184,N/A,1.4352,10.2965,10.6306,12714.38,N/A,N/A,1267.22,N/A,4.7276,1.8571,62.247,2.0673,43.079,9.8424,
2007-08-13,1.3651,161.47,1.9558,0.5842,28.046,7.4427,15.6466,0.67775,252.03,3.4528,0.7013,0.4293,3.7755,N/A,3.1984,9.3143,N/A,33.416,1.6394,89.5,7.9845,7.3058,34.809,N/A,1.7595,1.6183,N/A,1.4372,10.3495,10.6791,12753.45,N/A,N/A,1269.13,N/A,4.7437,1.8461,62.249,2.0752,42.91,9.7871,
2007-08-10,1.365,160.37,1.9558,0.5842,28.044,7.4429,15.6466,0.67685,253.15,3.4528,0.6982,0.4293,3.7787,N/A,3.2133,9.2924,N/A,33.53,1.6314,90.59,7.9985,7.3058,34.833,N/A,1.781,1.6219,N/A,1.4399,10.3385,10.6734,12759.34,N/A,N/A,1271.98,N/A,4.7461,1.8403,62.312,2.0799,42.809,9.8619,
2007-08-09,1.3729,162.68,1.9558,0.5842,28.119,7.4433,15.6466,0.67705,250.65,3.4528,0.6977,0.4293,3.777,N/A,3.1739,9.2788,N/A,33.476,1.6401,88.73,7.942,7.3111,34.888,N/A,1.7523,1.6058,N/A,1.4479,10.3854,10.7406,12809.16,N/A,N/A,1267.12,N/A,4.7633,1.8134,62.192,2.0802,42.896,9.7414,
2007-08-08,1.3794,164.5,1.9558,0.5842,28.183,7.4439,15.6466,0.67795,248.93,3.4528,0.6964,0.4293,3.7728,N/A,3.1674,9.2347,N/A,33.323,1.6468,87.32,7.9625,7.3055,35.083,N/A,1.7349,1.6039,N/A,1.4496,10.4487,10.7993,12820.83,N/A,N/A,1274.77,N/A,4.7672,1.8044,62.28,2.0843,42.853,9.7,
2007-08-07,1.3794,163.67,1.9558,0.5842,28.149,7.443,15.6466,0.68055,250.75,3.4528,0.6965,0.4293,3.785,N/A,3.1748,9.2162,N/A,33.39,1.6447,87.13,7.9765,7.3055,35.06,N/A,1.7558,1.6141,N/A,1.4569,10.4425,10.7997,12876.7,N/A,N/A,1273.12,N/A,4.7831,1.81,62.666,2.0889,41.888,9.732,
2007-08-06,1.3818,162.88,1.9558,0.5842,28.067,7.4426,15.6466,0.68015,251.32,3.4528,0.6968,0.4293,3.7886,N/A,3.1768,9.2192,N/A,33.38,1.6385,88.09,7.9425,7.3022,35.197,N/A,1.7715,1.613,N/A,1.455,10.4478,10.8183,12850.74,N/A,N/A,1276.02,N/A,4.79,1.8153,62.734,2.0924,41.385,9.8274,
2007-08-03,1.3694,163.24,1.9558,0.5842,28.043,7.4421,15.6466,0.6733,250.55,3.4528,0.6969,0.4293,3.7868,N/A,3.1653,9.2137,N/A,33.37,1.6501,85.65,7.9305,7.3102,35.013,N/A,1.745,1.5985,N/A,1.4473,10.3636,10.7212,12698.45,N/A,N/A,1263.68,N/A,4.7409,1.7858,62.102,2.0783,40.826,9.6814,
2007-08-02,1.3664,162.8,1.9558,0.5842,28.017,7.4414,15.6466,0.67325,251.81,3.4528,0.6968,0.4293,3.7905,N/A,3.1745,9.2325,N/A,33.42,1.6492,85.73,7.9635,7.3095,34.99,N/A,1.7476,1.596,N/A,1.4444,10.3461,10.6979,12707.52,N/A,N/A,1260.85,N/A,4.7407,1.7849,62.649,2.0748,40.787,9.6795,
2007-08-01,1.3663,161.9,1.9558,0.5842,28,7.4408,15.6466,0.6746,252.41,3.4528,0.6967,0.4293,3.803,N/A,3.1732,9.2597,N/A,33.476,1.6436,85.54,7.993,7.315,34.972,N/A,1.7758,1.6049,N/A,1.4557,10.3434,10.6975,12713.42,N/A,N/A,1263.9,N/A,4.7445,1.7936,62.508,2.0759,40.777,9.7616,
2007-07-31,1.3707,163.59,1.9558,0.5842,28.037,7.4409,15.6466,0.674,250.45,3.4528,0.6967,0.4293,3.789,N/A,3.159,9.19,N/A,33.365,1.6519,83.64,7.9595,7.3085,35.006,N/A,1.7498,1.5951,N/A,1.454,10.3795,10.7258,12644.71,N/A,N/A,1260.08,N/A,4.7351,1.775,62.093,2.0712,41.121,9.74,
2007-07-30,1.3659,161.58,1.9558,0.5842,28.025,7.4408,15.6466,0.6753,252.56,3.4528,0.6966,0.4293,3.8096,N/A,3.1702,9.1945,N/A,33.543,1.6437,84.96,8,7.3135,34.95,N/A,1.7947,1.6121,N/A,1.46,10.3363,10.6881,12579.94,N/A,N/A,1261.2,N/A,4.7294,1.8048,62.012,2.069,40.704,9.799,
2007-07-27,1.3651,162.12,1.9558,0.5842,28.027,7.4408,15.6466,0.672,251.91,3.4528,0.6968,0.4293,3.8039,N/A,3.1699,9.2272,N/A,33.503,1.6525,84.36,8.04,7.2898,34.916,N/A,1.7916,1.5839,N/A,1.4456,10.3233,10.6792,12552.09,N/A,N/A,1258.28,N/A,4.7219,1.7568,62.249,2.0658,40.65,9.6864,
2007-07-26,1.3722,164.52,1.9558,0.5842,28.124,7.4413,15.6466,0.6708,249.04,3.4528,0.6969,0.4293,3.806,N/A,3.1436,9.2266,N/A,33.353,1.6607,82.79,7.976,7.2905,34.975,N/A,1.7518,1.5561,N/A,1.4396,10.3814,10.7372,12539.16,N/A,N/A,1260.02,N/A,4.719,1.7262,62.174,2.079,40.651,9.5685,
2007-07-25,1.3743,165.55,1.9558,0.5842,28.121,7.441,15.6466,0.66905,246.46,3.4528,0.6966,0.4293,3.7857,N/A,3.1283,9.2103,N/A,33.188,1.666,82.2,7.951,7.2904,35.006,N/A,1.71,1.5536,N/A,1.4276,10.3871,10.7522,12513,N/A,N/A,1256.04,N/A,4.7049,1.7072,61.912,2.074,41.195,9.385,
2007-07-24,1.3833,167.22,1.9558,0.5842,28.183,7.4409,15.6466,0.6707,246.03,3.4528,0.6971,0.4293,3.7605,N/A,3.1198,9.1775,N/A,33.044,1.6645,81.68,7.9135,7.2865,35.114,N/A,1.7092,1.5631,N/A,1.4456,10.4612,10.8187,12508.49,N/A,N/A,1264.47,N/A,4.7053,1.7103,61.972,2.0823,41.084,9.435,
2007-07-23,1.3821,167.58,1.9558,0.5842,28.192,7.4408,15.6466,0.67155,245.68,3.4528,0.697,0.4293,3.7661,N/A,3.1279,9.1855,N/A,33.113,1.6633,82.38,7.912,7.2889,35.093,N/A,1.7307,1.5645,N/A,1.4436,10.4514,10.8096,12539.1,N/A,N/A,1264.97,N/A,4.7109,1.7229,61.78,2.0844,40.772,9.4228,
2007-07-20,1.3803,168.46,1.9558,0.5842,28.253,7.4409,15.6466,0.6722,245.63,3.4528,0.6978,0.4293,3.7568,N/A,3.1365,9.1677,N/A,33.136,1.662,82.1,7.902,7.289,35.081,N/A,1.752,1.5676,N/A,1.4405,10.4544,10.7946,12502.07,N/A,N/A,1262.97,N/A,4.7068,1.7339,61.837,2.0856,41.057,9.51,
2007-07-19,1.382,168.66,1.9558,0.5842,28.281,7.441,15.6466,0.67455,245.87,3.4528,0.6969,0.4293,3.757,N/A,3.1275,9.1757,N/A,33.15,1.6585,82.23,7.9035,7.2876,35.108,N/A,1.7525,1.5722,N/A,1.442,10.4523,10.808,12562.38,N/A,N/A,1265.84,N/A,4.7506,1.7433,61.983,2.0905,41.384,9.508,
2007-07-18,1.3779,168.3,1.9558,0.5842,28.248,7.4412,15.6466,0.672,245.93,3.4528,0.6969,0.4293,3.7593,N/A,3.1281,9.172,N/A,33.157,1.6572,82.31,7.9225,7.2885,35.082,N/A,1.7608,1.5702,N/A,1.4417,10.4224,10.7766,12538.89,N/A,N/A,1262.43,N/A,4.7565,1.7405,62.35,2.0931,41.668,9.6112,
2007-07-17,1.3771,168.07,1.9558,0.5842,28.271,7.4412,15.6466,0.6732,245.83,3.4528,0.6973,0.4293,3.7511,N/A,3.1279,9.1613,N/A,33.161,1.6554,82.8,7.8845,7.2925,35.073,N/A,1.7617,1.5755,N/A,1.438,10.4149,10.7682,12469.64,N/A,N/A,1264.45,N/A,4.7441,1.7398,62.217,2.0895,41.588,9.6166,
2007-07-16,1.3781,167.84,1.9558,0.5842,28.205,7.4413,15.6466,0.67655,245.5,3.4528,0.6974,0.4293,3.7493,N/A,3.1275,9.1503,N/A,33.151,1.6556,82.65,7.9025,7.2805,35.094,N/A,1.7545,1.5774,N/A,1.4419,10.4292,10.7765,12464.91,N/A,N/A,1265.37,N/A,4.742,1.7409,62.635,2.0894,41.55,9.59,
2007-07-13,1.3782,168.68,1.9558,0.5842,28.318,7.4416,15.6466,0.67795,245.7,3.4528,0.6969,0.4293,3.7487,N/A,3.134,9.156,N/A,33.238,1.6579,82.92,7.913,7.29,35.092,N/A,1.754,1.5879,N/A,1.4414,10.4323,10.7756,12434.81,N/A,N/A,1263.74,N/A,4.7479,1.7531,62.915,2.0877,41.996,9.5926,
2007-07-12,1.3788,168.39,1.9558,0.5842,28.353,7.4414,15.6466,0.6783,246.63,3.4528,0.6971,0.4293,3.7581,N/A,3.138,9.1448,N/A,33.282,1.6574,83.23,7.9325,7.296,35.162,N/A,1.772,1.5967,N/A,1.4484,10.4338,10.7771,12491.93,N/A,N/A,1266.15,N/A,4.7575,1.763,63.328,2.0897,42.743,9.6744,
2007-07-11,1.3753,167.39,1.9558,0.5841,28.475,7.4395,15.6466,0.67695,246.83,3.4528,0.6966,0.4293,3.7745,N/A,3.1352,9.1663,N/A,33.377,1.6535,83.4,7.9655,7.2885,35.115,N/A,1.783,1.5963,N/A,1.4569,10.4015,10.7501,12422.4,N/A,N/A,1264.24,N/A,4.7468,1.7719,63.47,2.0839,42.153,9.7,
2007-07-10,1.3666,167.86,1.9558,0.5841,28.629,7.4397,15.6466,0.67735,246.19,3.4528,0.6972,0.4293,3.7695,N/A,3.14,9.1873,N/A,33.399,1.6553,83.21,7.966,7.2905,35,N/A,1.7628,1.5876,N/A,1.4329,10.3602,10.6823,12296.67,N/A,N/A,1257.2,N/A,4.7011,1.7562,62.727,2.074,42.836,9.581,
2007-07-09,1.3621,168.13,1.9558,0.5841,28.675,7.4404,15.6466,0.6763,245.7,3.4528,0.6977,0.4293,3.7522,N/A,3.125,9.1677,N/A,33.382,1.6582,82.75,7.913,7.293,34.976,N/A,1.7507,1.5832,N/A,1.4264,10.354,10.6476,12286.14,N/A,N/A,1254.49,N/A,4.6863,1.7432,62.616,2.0692,43.24,9.4975,
2007-07-06,1.3596,167.57,1.9558,0.5841,28.624,7.4414,15.6466,0.67635,246.33,3.4528,0.698,0.4293,3.766,N/A,3.1188,9.1585,N/A,33.521,1.6589,83.25,7.9125,7.298,34.994,N/A,1.7607,1.5875,N/A,1.4303,10.3343,10.6293,12297.58,N/A,N/A,1250.22,N/A,4.6893,1.7368,62.542,2.0697,42.981,9.5635,
2007-07-05,1.364,167.1,1.9558,0.584,28.65,7.4415,15.6466,0.6756,246.21,3.4528,0.6963,0.4293,3.7642,N/A,3.1289,9.157,N/A,33.495,1.6553,83.77,7.924,7.3064,35.007,N/A,1.7664,1.5854,N/A,1.4426,10.3642,10.6603,12289.64,N/A,N/A,1257.68,N/A,4.7024,1.7318,62.935,2.0718,42.284,9.5598,
2007-07-04,1.3618,166.87,1.9558,0.5839,28.699,7.4415,15.6466,0.67535,246.12,3.4528,0.6962,0.4293,3.7599,N/A,3.1348,9.173,N/A,33.479,1.6558,84.43,7.9365,7.304,34.947,N/A,1.7616,1.5875,N/A,1.4415,10.3425,10.6393,12266.41,N/A,N/A,1252.65,N/A,4.6928,1.7407,62.711,2.0709,42.965,9.502,
2007-07-03,1.3601,166.63,1.9558,0.5838,28.777,7.4416,15.6466,0.6751,245.75,3.4528,0.6962,0.4293,3.7562,N/A,3.1254,9.2373,N/A,33.584,1.655,84.46,7.938,7.3105,34.936,N/A,1.7606,1.5902,N/A,1.438,10.3291,10.6265,12261.3,N/A,N/A,1248.5,N/A,4.6876,1.7384,62.293,2.0722,43.258,9.4907,
2007-07-02,1.3588,166.66,1.9558,0.5838,28.737,7.441,15.6466,0.67565,245.51,3.4528,0.6966,0.4293,3.7571,N/A,3.113,9.2655,N/A,33.561,1.649,84.08,7.969,7.2995,34.915,N/A,1.7721,1.5859,N/A,1.4395,10.3333,10.6216,12246.86,N/A,N/A,1252.34,N/A,4.6668,1.7446,62.437,2.0724,43.264,9.5323,
2007-06-29,1.3505,166.63,1.9558,0.5837,28.718,7.4422,15.6466,0.674,246.15,3.4528,0.6963,0.4293,3.7677,N/A,3.134,9.2525,N/A,33.635,1.6553,84.26,7.9725,7.3035,34.807,N/A,1.774,1.5885,N/A,1.4245,10.2816,10.5569,12201.77,N/A,N/A,1247.73,N/A,4.6626,1.7502,62.461,2.0664,42.615,9.5531,
2007-06-28,1.3467,165.61,1.9558,0.5837,28.633,7.4425,15.6466,0.67215,247.44,3.4528,0.6962,0.4293,3.782,N/A,3.1666,9.2415,N/A,33.832,1.6544,84.1,7.952,7.3042,34.742,N/A,1.7796,1.5918,N/A,1.4293,10.2553,10.5264,12224.67,N/A,N/A,1248.19,N/A,4.6683,1.7513,62.42,2.0649,42.859,9.572,
2007-06-27,1.3438,164.69,1.9558,0.5837,28.648,7.4423,15.6466,0.67295,247.72,3.4528,0.6962,0.4293,3.803,N/A,3.1695,9.2815,N/A,33.956,1.652,84.64,7.9725,7.3024,34.733,N/A,1.7886,1.5965,N/A,1.4384,10.2381,10.5025,12272.93,N/A,N/A,1246.78,N/A,4.6805,1.7627,62.554,2.0671,42.834,9.6737,
2007-06-26,1.346,165.78,1.9558,0.5837,28.696,7.4415,15.6466,0.67315,247.77,3.4528,0.6962,0.4293,3.7973,N/A,3.1764,9.2816,N/A,33.947,1.6547,84.58,8.01,7.3085,34.714,N/A,1.7827,1.5849,N/A,1.4402,10.251,10.5164,12221.68,N/A,N/A,1246.8,N/A,4.6794,1.7528,62.32,2.0697,43.207,9.6596,
2007-06-25,1.3461,166.21,1.9558,0.5837,28.718,7.4426,15.6466,0.6735,246.84,3.4528,0.6962,0.4293,3.7886,N/A,3.1799,9.2452,N/A,33.813,1.6538,84.36,8.004,7.3245,34.841,N/A,1.771,1.585,N/A,1.4424,10.2565,10.517,12162.01,N/A,N/A,1247.23,N/A,4.6649,1.7563,61.988,2.07,43.466,9.6252,
2007-06-22,1.3441,166.75,1.9558,0.5837,28.65,7.4432,15.6466,0.67305,245.7,3.4528,0.6962,0.4293,3.778,N/A,3.1662,9.2448,N/A,33.713,1.6576,83.79,7.987,7.3248,34.83,N/A,1.76,1.5847,N/A,1.4411,10.243,10.5044,12103.62,N/A,N/A,1247.46,N/A,4.6412,1.755,61.855,2.0663,43.341,9.5932,
2007-06-21,1.3397,165.5,1.9558,0.5837,28.605,7.4435,15.6466,0.6721,248.91,3.4528,0.6962,0.4293,3.7957,N/A,3.2036,9.2543,N/A,33.814,1.6613,84.03,8.0345,7.3305,34.768,N/A,1.7592,1.5819,N/A,1.4303,10.2069,10.4657,12077.4,N/A,N/A,1241.9,N/A,4.6287,1.7546,61.827,2.0587,43.404,9.6033,
2007-06-20,1.3427,165.88,1.9558,0.5837,28.728,7.4442,15.6466,0.6737,248.08,3.4528,0.696,0.4293,3.7763,N/A,3.2051,9.299,N/A,33.743,1.6605,83.4,8.0525,7.3305,34.83,N/A,1.7435,1.5851,N/A,1.431,10.2287,10.4923,12010.45,N/A,N/A,1245.76,N/A,4.6048,1.7625,61.63,2.0613,43.396,9.5004,
2007-06-19,1.3403,165.46,1.9558,0.5836,28.597,7.4452,15.6466,0.67465,249.78,3.4528,0.6962,0.4293,3.7966,N/A,3.219,9.4172,N/A,33.733,1.6627,83.5,8.079,7.34,34.785,N/A,1.7464,1.5876,N/A,1.4302,10.2097,10.4788,11962.18,N/A,N/A,1243.46,N/A,4.6073,1.7742,61.614,2.0609,43.254,9.5086,
2007-06-18,1.3404,165.46,1.9558,0.5836,28.599,7.444,15.6466,0.6763,250.2,3.4528,0.6963,0.4293,3.8011,N/A,3.214,9.4345,N/A,33.892,1.662,83.41,8.075,7.3417,34.782,N/A,1.7478,1.5931,N/A,1.4373,10.229,10.4793,11929.56,N/A,N/A,1244.43,N/A,4.5875,1.7768,61.484,2.0605,43.62,9.535,
2007-06-15,1.3314,164.42,1.9558,0.5835,28.586,7.446,15.6466,0.67595,251.69,3.4528,0.6963,0.4293,3.8114,N/A,3.2366,9.427,N/A,34.184,1.6576,83.59,8.0935,7.3475,34.668,N/A,1.7608,1.5922,N/A,1.4159,10.1525,10.4103,12043.18,N/A,N/A,1236.01,N/A,4.6033,1.7696,61.71,2.0539,43.279,9.5691,
2007-06-14,1.3304,163.56,1.9558,0.5835,28.603,7.4461,15.6466,0.67605,252.89,3.4528,0.6964,0.4293,3.8236,N/A,3.248,9.4166,N/A,34.315,1.6549,84.12,8.1075,7.3445,34.66,N/A,1.7738,1.5937,N/A,1.4202,10.1682,10.3998,12066.73,N/A,N/A,1237.07,N/A,4.6105,1.7746,62.09,2.0524,43.313,9.6057,
2007-06-13,1.3287,162.52,1.9558,0.5835,28.511,7.4474,15.6466,0.6745,254.37,3.4528,0.6963,0.4293,3.836,N/A,3.2617,9.4157,N/A,34.33,1.6532,84.49,8.101,7.3405,34.632,N/A,1.7853,1.5829,N/A,1.423,10.146,10.3829,12068.58,N/A,N/A,1237.62,N/A,4.6166,1.7724,62.05,2.051,43.269,9.6607,
2007-06-12,1.3345,162.56,1.9558,0.5835,28.462,7.4481,15.6466,0.676,252.94,3.4528,0.6959,0.4293,3.8282,N/A,3.2604,9.3923,N/A,34.227,1.6556,84.72,8.1115,7.3305,34.692,N/A,1.7816,1.5845,N/A,1.4175,10.2004,10.4304,11983.81,N/A,N/A,1240.48,N/A,4.596,1.7753,61.614,2.0532,43.471,9.6158,
2007-06-11,1.3355,162.55,1.9558,0.5835,28.442,7.4457,15.6466,0.6784,253.88,3.4528,0.6965,0.4293,3.833,N/A,3.2676,9.3367,N/A,34.277,1.6534,85.15,8.1195,7.3399,34.707,N/A,1.7893,1.5849,N/A,1.4186,10.2342,10.4352,12119.66,N/A,N/A,1245.49,N/A,4.6322,1.781,62.101,2.0615,43.2,9.702,
2007-06-08,1.3349,162.4,1.9558,0.5835,28.42,7.4457,15.6466,0.67885,254.72,3.4528,0.6967,0.4293,3.8468,N/A,3.2841,9.3425,N/A,34.398,1.6475,85.88,8.1005,7.348,34.697,N/A,1.8022,1.587,N/A,1.4261,10.2187,10.4327,12154.26,N/A,N/A,1242.86,N/A,4.6261,1.7756,62.126,2.0599,43.527,9.7505,
2007-06-07,1.347,163.43,1.9558,0.5833,28.412,7.4466,15.6466,0.679,253.15,3.4528,0.6964,0.4293,3.8355,N/A,3.2679,9.3205,N/A,34.268,1.6477,84.64,8.082,7.3534,34.846,N/A,1.7883,1.5926,N/A,1.4267,10.3028,10.5256,11954.63,N/A,N/A,1248.33,N/A,4.6135,1.7842,61.969,2.0669,43.977,9.695,
2007-06-06,1.3513,163.67,1.9558,0.5832,28.433,7.4467,15.6466,0.6783,252.99,3.4528,0.6964,0.4293,3.8315,N/A,3.2668,9.34,N/A,34.215,1.6452,84.53,8.08,7.343,34.899,N/A,1.785,1.6053,N/A,1.4341,10.3183,10.5558,12033.33,N/A,N/A,1252.66,N/A,4.6214,1.802,62.092,2.0696,44.208,9.739,
2007-06-05,1.3532,164.42,1.9558,0.5832,28.399,7.4479,15.6466,0.6783,250.72,3.4528,0.6965,0.4293,3.8126,N/A,3.258,9.325,N/A,34.034,1.6483,85.56,8.084,7.341,34.943,N/A,1.778,1.6122,N/A,1.4305,10.3401,10.5654,11901.39,N/A,N/A,1254.42,N/A,4.609,1.7956,61.922,2.0684,44.529,9.6777,
2007-06-04,1.3482,164.34,1.9558,0.5832,28.323,7.4491,15.6466,0.67795,249.8,3.4528,0.6962,0.4293,3.7957,N/A,3.2595,9.3243,N/A,33.845,1.6504,84.25,8.1085,7.3472,34.869,N/A,1.767,1.6177,N/A,1.4252,10.3153,10.5223,11830.46,N/A,N/A,1251.06,N/A,4.5778,1.8071,61.491,2.0618,44.345,9.608,
2007-06-01,1.3436,163.81,1.9558,0.5832,28.285,7.449,15.6466,0.67925,250.32,3.4528,0.6961,0.4293,3.815,N/A,3.2646,9.316,N/A,33.863,1.6514,82.5,8.111,7.3119,34.807,N/A,1.7638,1.6214,N/A,1.4335,10.2749,10.4926,11859.96,N/A,N/A,1247.4,N/A,4.5669,1.8163,62.007,2.0548,44.213,9.5686,
2007-05-31,1.3453,163.56,1.9558,0.5832,28.324,7.4488,15.6466,0.68005,250.25,3.4528,0.6962,0.4293,3.8152,N/A,3.2716,9.2945,N/A,33.968,1.6477,82.94,8.1195,7.314,34.828,N/A,1.7775,1.6269,N/A,1.4388,10.287,10.5055,11879,N/A,N/A,1248.17,N/A,4.572,1.8312,62.22,2.0584,44.337,9.611,
2007-05-30,1.342,163.26,1.9558,0.5832,28.34,7.4494,15.6466,0.6795,251.03,3.4528,0.6963,0.4293,3.8286,N/A,3.2719,9.2965,N/A,34.085,1.6467,83.27,8.1175,7.307,34.787,N/A,1.7895,1.639,N/A,1.4398,10.2624,10.4739,11863.28,N/A,N/A,1249.4,N/A,4.5638,1.8463,62.108,2.054,44.015,9.645,
2007-05-29,1.3509,164.23,1.9558,0.5832,28.288,7.4501,15.6466,0.6798,249.4,3.4528,0.6962,0.4293,3.816,N/A,3.27,9.2555,N/A,34.029,1.6504,83.46,8.099,7.309,34.901,N/A,1.7879,1.6473,N/A,1.4614,10.334,10.5625,11908.18,N/A,N/A,1253.16,N/A,4.5856,1.8539,62.276,2.0634,44.492,9.6161,
2007-05-28,1.3453,163.71,1.9558,0.5832,28.325,7.4518,15.6466,0.67853,249.83,3.4528,0.6962,0.4293,3.812,N/A,3.2697,9.2032,N/A,33.975,1.6525,83.3,8.0951,7.3125,34.831,N/A,1.7826,1.6413,N/A,1.4541,10.2848,10.52,11761.96,N/A,N/A,1249.51,N/A,4.5572,1.8509,61.843,2.0547,44.171,9.5594,
2007-05-25,1.3441,163.5,1.9558,0.5832,28.308,7.4518,15.6466,0.6775,249.83,3.4528,0.6961,0.4293,3.8105,N/A,3.2724,9.1912,N/A,34.025,1.6499,83.47,8.0945,7.3128,34.812,N/A,1.7885,1.6399,N/A,1.457,10.286,10.5146,11760.88,N/A,N/A,1247.66,N/A,4.5578,1.8506,61.963,2.0546,44.057,9.578,
2007-05-24,1.3448,163.2,1.9558,0.5832,28.252,7.4514,15.6466,0.6767,249.47,3.4528,0.6962,0.4293,3.8,N/A,3.2725,9.1957,N/A,33.787,1.6508,83.62,8.1055,7.316,34.827,N/A,1.7915,1.6351,N/A,1.4552,10.2903,10.5208,11753.55,N/A,N/A,1252.61,N/A,4.5582,1.8453,62.143,2.0538,44.222,9.5581,
2007-05-23,1.349,163.85,1.9558,0.5832,28.247,7.4524,15.6466,0.6794,247.67,3.4528,0.6963,0.4293,3.791,N/A,3.2733,9.1909,N/A,33.743,1.6537,82.86,8.121,7.3168,34.874,N/A,1.7861,1.6336,N/A,1.461,10.3239,10.5545,11749.79,N/A,N/A,1256.39,N/A,4.5724,1.8464,62.108,2.0628,44.517,9.4883,
2007-05-22,1.3454,163.47,1.9558,0.5832,28.186,7.4532,15.6466,0.68175,247.84,3.4528,0.6962,0.4293,3.7806,N/A,3.2735,9.192,N/A,33.697,1.6561,83.92,8.1325,7.3165,34.85,N/A,1.7755,1.6363,N/A,1.4579,10.2986,10.5264,11676.73,N/A,N/A,1251.69,N/A,4.5569,1.8462,61.72,2.0632,44.127,9.4415,
2007-05-21,1.3444,163.32,1.9558,0.5832,28.164,7.4534,15.6466,0.68265,248.89,3.4528,0.6962,0.4293,3.7695,N/A,3.2573,9.2187,N/A,33.694,1.6562,85.23,8.167,7.3225,34.844,N/A,1.778,1.6408,N/A,1.4611,10.3079,10.5149,11776.94,N/A,N/A,1250.43,N/A,4.5602,1.8452,62.165,2.0515,44.491,9.4145,
2007-05-18,1.3477,163,1.9558,0.5832,28.2,7.4529,15.6466,0.6839,250.83,3.4528,0.6962,0.4293,3.7872,N/A,3.2709,9.219,N/A,33.742,1.6536,85.36,8.175,7.322,34.847,N/A,1.7945,1.6401,N/A,1.4767,10.335,10.5405,11886.71,N/A,N/A,1258.82,N/A,4.5835,1.8505,62.621,2.0538,44.732,9.5173,
2007-05-17,1.3516,163.77,1.9558,0.5832,28.11,7.4536,15.6466,0.68385,249.24,3.4528,0.6963,0.4293,3.7818,N/A,3.2736,9.2065,N/A,33.687,1.6555,85.16,8.1721,7.3292,34.893,N/A,1.7876,1.6421,N/A,1.4862,10.3677,10.5698,11887.32,N/A,N/A,1254.42,N/A,4.5972,1.8483,63.16,2.0605,45.179,9.4103,
2007-05-16,1.3574,163.64,1.9558,0.5832,28.235,7.4533,15.6466,0.68485,248.74,3.4528,0.6964,0.4293,3.7898,N/A,3.2776,9.1985,N/A,33.676,1.6545,85.41,8.1725,7.3275,34.974,N/A,1.797,1.636,N/A,1.4931,10.4275,10.6122,11951.91,N/A,N/A,1254.17,N/A,4.6162,1.8434,63.73,2.0623,45.278,9.3922,
2007-05-15,1.3538,163.08,1.9558,0.5832,28.273,7.452,15.6466,0.68485,248.78,3.4528,0.6962,0.4293,3.7833,N/A,3.283,9.196,N/A,33.662,1.6505,85.94,8.1935,7.326,34.934,N/A,1.81,1.6279,N/A,1.4931,10.4064,10.5792,11920.21,N/A,N/A,1251.32,N/A,4.6056,1.841,63.696,2.0553,45.023,9.4139,
2007-05-14,1.3549,163.06,1.9558,0.5832,28.288,7.4513,15.6466,0.68435,247.23,3.4528,0.6963,0.4293,3.7648,N/A,3.276,9.2313,N/A,33.584,1.6515,86.23,8.1985,7.3185,34.944,N/A,1.809,1.6276,N/A,1.5012,10.406,10.5852,11923.12,N/A,N/A,1252.2,N/A,4.6087,1.8334,63.863,2.0539,45.24,9.4204,
2007-05-11,1.3486,161.46,1.9558,0.5829,28.272,7.4518,15.6466,0.6813,248.61,3.4528,0.6964,0.4293,3.7786,N/A,3.2835,9.226,N/A,33.686,1.6439,86.35,8.177,7.3229,34.863,N/A,1.8136,1.624,N/A,1.5036,10.3527,10.546,11962.08,N/A,N/A,1249.82,N/A,4.5981,1.8468,63.613,2.0482,44.83,9.4688,
2007-05-10,1.3527,162.86,1.9558,0.5829,28.257,7.4518,15.6466,0.6807,248.15,3.4528,0.6967,0.4293,3.7634,N/A,3.2844,9.2065,N/A,33.581,1.6473,86.06,8.159,7.3272,34.912,N/A,1.8145,1.6258,N/A,1.4983,10.4071,10.5791,11856.42,N/A,N/A,1251.45,N/A,4.6012,1.8439,63.78,2.0521,44.188,9.4209,
2007-05-09,1.3535,162.35,1.9558,0.5828,28.236,7.4525,15.6466,0.67985,247.36,3.4528,0.6968,0.4293,3.7609,N/A,3.2885,9.1935,N/A,33.579,1.6486,86.75,8.134,7.333,34.925,N/A,1.8131,1.6331,N/A,1.4984,10.4132,10.5829,11931.1,N/A,N/A,1250.02,N/A,4.606,1.8381,63.98,2.0524,44.228,9.3808,
2007-05-08,1.3558,162.29,1.9558,0.5828,28.232,7.4522,15.6466,0.6803,245.85,3.4528,0.6967,0.4293,3.7491,N/A,3.3053,9.189,N/A,33.627,1.6489,86.83,8.136,7.3415,34.956,N/A,1.819,1.6355,N/A,1.4946,10.4342,10.6018,12052.38,N/A,N/A,1251.34,N/A,4.6204,1.8363,63.824,2.0545,44.34,9.3921,
2007-05-07,1.3615,163.31,1.9558,0.5826,28.167,7.4516,15.6466,0.6823,246.2,3.4528,0.6966,0.4293,3.7413,N/A,3.312,9.1655,N/A,33.537,1.6471,86.37,8.122,7.3458,35.026,N/A,1.823,1.6483,N/A,1.5028,10.4889,10.6428,12096.93,N/A,N/A,1255.85,N/A,4.6495,1.8442,64.331,2.0613,44.335,9.4161,
2007-05-04,1.3561,163.15,1.9558,0.5826,28.118,7.4517,15.6466,0.6828,246.55,3.4528,0.6967,0.4293,3.7504,N/A,3.3175,9.1575,N/A,33.54,1.6479,86.52,8.128,7.3422,34.958,N/A,1.836,1.6562,N/A,1.4985,10.4473,10.6066,12170.32,N/A,N/A,1257.99,N/A,4.6385,1.8463,64.32,2.0603,44.229,9.4745,
2007-05-03,1.3613,163.47,1.9558,0.5826,28.137,7.4517,15.6466,0.6828,246.69,3.4528,0.6969,0.4293,3.7584,N/A,3.3085,9.1413,N/A,33.618,1.6479,86.67,8.122,7.349,35.025,N/A,1.845,1.6496,N/A,1.5086,10.4873,10.6469,12315,N/A,N/A,1261.86,N/A,4.6567,1.8428,64.73,2.0743,44.741,9.4923,
2007-05-02,1.3588,163.28,1.9558,0.5826,28.127,7.4523,15.6466,0.6821,246.83,3.4528,0.6987,0.4293,3.7689,N/A,3.3266,9.165,N/A,33.662,1.6518,86.91,8.1265,7.3555,34.987,N/A,1.845,1.645,N/A,1.5096,10.4681,10.626,12327.71,N/A,N/A,1263.75,N/A,4.6498,1.8398,64.788,2.073,44.374,9.5689,
2007-04-30,1.3605,162.82,1.9558,0.5826,28.123,7.4505,15.6466,0.6827,247.18,3.4528,0.6978,0.4293,3.781,N/A,3.3293,9.1523,N/A,33.727,1.6458,87.44,8.1265,7.3615,35.01,N/A,1.854,1.6427,N/A,1.5187,10.4812,10.6396,12357.42,N/A,N/A,1266.49,N/A,4.6556,1.8393,64.59,2.0679,44.645,9.5946,
2007-04-27,1.3643,162.76,1.9558,0.5821,28.166,7.4501,15.6466,0.68225,245.98,3.4528,0.698,0.4293,3.7786,N/A,3.3122,9.1435,N/A,33.655,1.6431,87.67,8.138,7.3675,35.06,N/A,1.8241,1.6423,N/A,1.5235,10.5235,10.6701,12384.43,N/A,N/A,1267.64,N/A,4.667,1.8385,64.497,2.0683,44.61,9.5915,
2007-04-26,1.3596,162.26,1.9558,0.5821,28.115,7.4507,15.6466,0.68215,245.88,3.4528,0.6979,0.4293,3.7744,N/A,3.3074,9.152,N/A,33.579,1.6432,87.66,8.1185,7.3743,35,N/A,1.8135,1.6409,N/A,1.5236,10.5047,10.6343,12345.17,N/A,N/A,1263,N/A,4.6505,1.8405,64.268,2.0597,44.47,9.5143,
2007-04-25,1.3649,161.95,1.9558,0.582,28.106,7.4511,15.6466,0.681,246.3,3.4528,0.7,0.4293,3.7864,N/A,3.3315,9.1746,N/A,33.655,1.6416,87.34,8.164,7.3745,35.065,N/A,1.8168,1.6405,N/A,1.5298,10.5317,10.6702,12396.02,N/A,N/A,1264.92,N/A,4.6686,1.8321,64.498,2.0629,44.2,9.5817,
2007-04-24,1.3582,161.39,1.9558,0.582,28.065,7.4522,15.6466,0.6793,245.84,3.4528,0.6995,0.4293,3.7872,N/A,3.335,9.193,N/A,33.655,1.6387,87.58,8.103,7.3843,34.983,N/A,1.8185,1.6424,N/A,1.5223,10.4936,10.6154,12344,N/A,N/A,1259.39,N/A,4.6478,1.8305,64.44,2.0566,44.191,9.6035,
2007-04-23,1.3557,160.91,1.9558,0.5817,28.026,7.4521,15.6466,0.678,245.13,3.4528,0.7016,0.4293,3.7798,N/A,3.3382,9.1979,N/A,33.533,1.6423,87.58,8.107,7.4,34.955,N/A,1.8205,1.6277,N/A,1.5225,10.4722,10.5946,12322.64,N/A,N/A,1255.58,N/A,4.6392,1.821,64.464,2.0514,43.983,9.5538,
2007-04-20,1.3606,161.45,1.9558,0.5817,28.033,7.4523,15.6466,0.6793,245.63,3.4528,0.7029,0.4293,3.7917,N/A,3.3362,9.1953,N/A,33.456,1.6414,87.92,8.1075,7.4045,35.013,N/A,1.8217,1.629,N/A,1.5334,10.501,10.6319,12368.53,N/A,N/A,1261.89,N/A,4.6553,1.8266,64.438,2.0559,44.149,9.5405,
2007-04-19,1.3601,160.13,1.9558,0.5813,28.02,7.4527,15.6466,0.6793,247.02,3.4528,0.7042,0.4293,3.8097,N/A,3.337,9.2195,N/A,33.566,1.6343,88.41,8.1075,7.4106,35.018,N/A,1.846,1.6336,N/A,1.5312,10.4952,10.6268,12380.31,N/A,N/A,1263.87,N/A,4.6617,1.8367,64.666,2.0554,44.2,9.6564,
2007-04-18,1.3577,160.77,1.9558,0.5813,27.992,7.4536,15.6466,0.6773,246.1,3.4528,0.704,0.4293,3.8078,N/A,3.3305,9.2176,N/A,33.458,1.6367,88.44,8.11,7.4061,34.972,N/A,1.8356,1.6291,N/A,1.5386,10.4839,10.6045,12341.49,N/A,N/A,1261.3,N/A,4.6542,1.8342,64.525,2.0519,44.1,9.595,
2007-04-17,1.3549,161.81,1.9558,0.5813,27.964,7.4552,15.6466,0.6763,245.7,3.4528,0.7033,0.4293,3.8161,N/A,3.3321,9.2204,N/A,33.436,1.6406,88.44,8.079,7.404,34.944,N/A,1.8371,1.6215,N/A,1.5333,10.4722,10.5845,12312.65,N/A,N/A,1259.04,N/A,4.6548,1.8231,64.595,2.0504,44.192,9.6314,
2007-04-16,1.355,161.96,1.9558,0.5812,27.963,7.4545,15.6466,0.68055,245.16,3.4528,0.7031,0.4293,3.818,N/A,3.332,9.224,N/A,33.36,1.6431,88.5,8.0925,7.3982,34.942,N/A,1.8395,1.6249,N/A,1.5352,10.4784,10.5866,12320.34,N/A,N/A,1260.9,N/A,4.6626,1.831,64.532,2.0507,44.218,9.6497,
2007-04-13,1.3532,160.55,1.9558,0.5811,27.965,7.4551,15.6466,0.6809,245.87,3.4528,0.7058,0.4293,3.838,N/A,3.3452,9.2823,N/A,33.497,1.6361,88.75,8.0985,7.4055,34.944,N/A,1.8602,1.6249,N/A,1.5351,10.449,10.5734,12308.71,N/A,N/A,1256.78,N/A,4.657,1.8354,64.818,2.0508,44.182,9.7438,
2007-04-12,1.3467,160.62,1.9558,0.5811,27.963,7.4557,15.6466,0.6807,245.55,3.4528,0.7059,0.4293,3.834,N/A,3.3405,9.258,N/A,33.428,1.6404,88.74,8.0885,7.4055,34.842,N/A,1.855,1.6304,N/A,1.5328,10.4046,10.5244,12269.78,N/A,N/A,1254.11,N/A,4.6438,1.8497,64.568,2.0443,43.687,9.6643,
2007-04-11,1.3418,160,1.9558,0.5811,28.003,7.4548,15.6466,0.6788,245.23,3.4528,0.7055,0.4293,3.8284,N/A,3.338,9.257,N/A,33.397,1.6382,89.1,8.093,7.3995,34.783,N/A,1.8375,1.6263,N/A,1.5348,10.3654,10.4843,12190.25,N/A,N/A,1251.16,N/A,4.6292,1.8422,64.239,2.035,43.875,9.565,
2007-04-10,1.3426,160.05,1.9558,0.5811,27.95,7.456,15.6466,0.6803,245.78,3.4528,0.7058,0.4293,3.8443,N/A,3.34,9.2826,N/A,33.474,1.6361,89.84,8.106,7.395,34.796,N/A,1.842,1.6283,N/A,1.5424,10.385,10.4902,12217.66,N/A,N/A,1254.32,N/A,4.6279,1.8471,64.317,2.0384,43.834,9.5828,
2007-04-05,1.3373,159,1.9558,0.5811,27.943,7.4542,15.6466,0.6797,245.64,3.4528,0.7075,0.4293,3.8385,N/A,3.3345,9.2715,N/A,33.427,1.6309,89.5,8.133,7.4074,34.727,N/A,1.832,1.6351,N/A,1.541,10.3297,10.4525,12169.43,N/A,N/A,1247.1,N/A,4.615,1.8499,63.99,2.0251,43.574,9.5589,
2007-04-04,1.3352,158.7,1.9558,0.5812,27.933,7.454,15.6466,0.67665,246.12,3.4528,0.7083,0.4293,3.851,N/A,3.3345,9.3355,N/A,33.474,1.6292,88.93,8.1675,7.4051,34.705,N/A,1.8312,1.6413,N/A,1.5441,10.3244,10.4358,12171.68,N/A,N/A,1250.21,N/A,4.6158,1.859,63.889,2.0224,43.305,9.5879,
2007-04-03,1.3358,158.53,1.9558,0.5812,28.011,7.4514,15.6466,0.6761,246.89,3.4528,0.7084,0.4293,3.8536,N/A,3.34,9.3631,N/A,33.267,1.6275,88.66,8.17,7.4135,34.715,N/A,1.8473,1.6409,N/A,1.5467,10.3277,10.4392,12145.76,N/A,N/A,1251.31,N/A,4.6225,1.8538,64.018,2.0285,43.422,9.642,
2007-04-02,1.3366,157.35,1.9558,0.581,27.94,7.4503,15.6466,0.6761,246.95,3.4528,0.7082,0.4293,3.8544,N/A,3.3477,9.367,N/A,33.286,1.6226,88.27,8.1585,7.4195,34.728,N/A,1.8551,1.6371,N/A,1.5459,10.3373,10.4462,12182.44,N/A,N/A,1252.86,N/A,4.624,1.8571,64.651,2.0292,43.348,9.7127,
2007-03-30,1.3318,157.32,1.9558,0.5807,28.01,7.4508,15.6466,0.6798,247.8,3.4528,0.7097,0.4293,3.8668,N/A,3.3547,9.3462,N/A,33.34,1.6247,87.69,8.119,7.405,34.658,N/A,1.8455,1.6484,N/A,1.5366,10.2951,10.407,12152.68,N/A,N/A,1253.02,N/A,4.6047,1.8644,64.2,2.0204,43.057,9.7005,
2007-03-29,1.3352,156.75,1.9558,0.5807,28.035,7.4499,15.6466,0.6793,248,3.4528,0.7096,0.4293,3.8697,N/A,3.364,9.337,N/A,33.381,1.6215,88.24,8.102,7.3906,34.702,N/A,1.8598,1.6506,N/A,1.5487,10.3171,10.4322,12187.04,N/A,N/A,1256.22,N/A,4.6124,1.8713,64.357,2.0274,43.16,9.7745,
2007-03-28,1.3348,156.38,1.9558,0.5807,28.075,7.4493,15.6466,0.6795,249.16,3.4528,0.7097,0.4293,3.8836,N/A,3.3665,9.319,N/A,33.518,1.6164,88.31,8.1335,7.3825,34.695,N/A,1.8612,1.6532,N/A,1.5477,10.3173,10.4293,12212.75,N/A,N/A,1254.11,N/A,4.6213,1.8702,64.471,2.026,42.711,9.739,
2007-03-27,1.3347,157.91,1.9558,0.5805,27.986,7.4504,15.6466,0.679,247.56,3.4528,0.7097,0.4293,3.8705,N/A,3.3618,9.3182,N/A,33.591,1.6211,88.28,8.127,7.3765,34.696,N/A,1.8538,1.649,N/A,1.5429,10.3218,10.4288,12173.13,N/A,N/A,1255.62,N/A,4.6054,1.8579,64.079,2.0242,43.2,9.6829,
2007-03-26,1.3265,157.05,1.9558,0.5805,27.935,7.4497,15.6466,0.67635,246.83,3.4528,0.7096,0.4293,3.8701,N/A,3.3604,9.3083,N/A,33.628,1.6208,88.21,8.127,7.3763,34.594,N/A,1.8354,1.6456,N/A,1.5416,10.2647,10.3649,12075.79,N/A,N/A,1244.99,N/A,4.5797,1.8588,63.771,2.0143,43.55,9.5704,
2007-03-23,1.3327,156.65,1.9558,0.5805,27.973,7.4505,15.6466,0.6778,246.7,3.4528,0.7096,0.4293,3.876,N/A,3.363,9.3135,N/A,33.582,1.6164,88.46,8.115,7.3815,34.673,N/A,1.8479,1.6519,N/A,1.5432,10.2991,10.4103,12140.9,N/A,N/A,1248.54,N/A,4.6065,1.8654,64.003,2.0217,42.402,9.6281,
2007-03-22,1.3351,157.27,1.9558,0.5802,27.986,7.4501,15.6466,0.67855,245.99,3.4528,0.7094,0.4293,3.8688,N/A,3.3524,9.2983,N/A,33.355,1.619,88.48,8.168,7.3815,34.697,N/A,1.8497,1.6542,N/A,1.545,10.3158,10.4265,12158.09,N/A,N/A,1251.46,N/A,4.6295,1.8736,64.158,2.0257,42.652,9.627,
2007-03-21,1.3293,156.64,1.9558,0.58,27.938,7.4492,15.6466,0.6789,247.68,3.4528,0.7095,0.4293,3.8744,N/A,3.3543,9.3034,N/A,33.39,1.6153,89.16,8.195,7.3775,34.62,N/A,1.853,1.659,N/A,1.5409,10.2808,10.3828,12143.16,N/A,N/A,1248.21,N/A,4.618,1.8861,64.139,2.025,42.56,9.7516,
2007-03-20,1.3296,156.15,1.9558,0.58,27.808,7.4482,15.6466,0.6791,246.42,3.4528,0.7095,0.4293,3.8721,N/A,3.338,9.3019,N/A,33.234,1.6123,88.9,8.165,7.37,34.627,N/A,1.855,1.662,N/A,1.5522,10.2878,10.3875,12172.49,N/A,N/A,1251.49,N/A,4.6489,1.8887,64.386,2.0299,43.677,9.81,
2007-03-19,1.3303,156.17,1.9558,0.5798,27.778,7.4481,15.6466,0.68325,246.17,3.4528,0.7095,0.4293,3.8687,N/A,3.3355,9.2916,N/A,32.898,1.6107,89.04,8.148,7.3665,34.643,N/A,1.8571,1.6633,N/A,1.5626,10.2912,10.3935,12272.02,N/A,N/A,1255.07,N/A,4.6567,1.896,64.699,2.0308,43.97,9.8675,
2007-03-16,1.3325,155.62,1.9558,0.5798,27.868,7.4489,15.6466,0.6842,249.1,3.4528,0.7098,0.4293,3.893,N/A,3.3644,9.2625,N/A,33.961,1.6059,89.65,8.1395,7.359,34.68,N/A,1.8765,1.6757,N/A,1.5637,10.3082,10.4082,12294.31,N/A,N/A,1258.88,N/A,4.6751,1.9088,64.833,2.0342,43.85,9.909,
2007-03-15,1.3226,155.09,1.9558,0.5794,28.056,7.4498,15.6466,0.68275,250.22,3.4528,0.7096,0.4293,3.895,N/A,3.3685,9.268,N/A,33.969,1.6088,89.03,8.087,7.3605,34.576,N/A,1.863,1.679,N/A,1.5548,10.2422,10.3323,12201.65,N/A,N/A,1249.79,N/A,4.6456,1.91,64.259,2.0279,43.69,9.8424,
2007-03-14,1.3183,153.66,1.9558,0.5794,28.148,7.4507,15.6466,0.68535,251.28,3.4528,0.7083,0.4293,3.903,N/A,3.3791,9.3068,N/A,34.026,1.607,89.04,8.1225,7.368,34.492,N/A,1.8757,1.6838,N/A,1.5495,10.201,10.3026,12154.07,N/A,N/A,1247.18,N/A,4.6292,1.9137,64.023,2.0233,43.4,9.8359,
2007-03-13,1.3218,154.14,1.9558,0.5794,28.202,7.4503,15.6466,0.6831,250,3.4528,0.7081,0.4293,3.8946,N/A,3.375,9.291,N/A,34.063,1.6095,88.78,8.0945,7.353,34.536,N/A,1.8751,1.6793,N/A,1.5453,10.2347,10.3299,12179.73,N/A,N/A,1248.37,N/A,4.6362,1.9006,64.074,2.0199,43.708,9.835,
2007-03-12,1.3156,154.44,1.9558,0.5794,28.238,7.4497,15.6466,0.6822,249.89,3.4528,0.7078,0.4293,3.8799,N/A,3.371,9.293,N/A,34.062,1.6137,88.66,8.122,7.351,34.469,N/A,1.8571,1.6833,N/A,1.5387,10.1985,10.2812,12067.34,N/A,N/A,1241.86,N/A,4.6059,1.9048,63.478,2.0081,43.259,9.6815,
2007-03-09,1.3155,154.28,1.9558,0.5794,28.168,7.4488,15.6466,0.6806,251.08,3.4528,0.7079,0.4293,3.8828,N/A,3.3799,9.2933,N/A,34.058,1.6137,88.84,8.112,7.357,34.456,N/A,1.8703,1.6889,N/A,1.5469,10.1879,10.2799,12071.03,N/A,N/A,1244.13,N/A,4.6095,1.9085,63.762,2.0071,42.969,9.7263,
2007-03-08,1.3152,154.02,1.9558,0.5794,28.145,7.4482,15.6466,0.6814,251.65,3.4528,0.7088,0.4293,3.8844,N/A,3.377,9.285,N/A,33.925,1.6066,87.98,8.153,7.353,34.459,N/A,1.87,1.689,N/A,1.5494,10.1796,10.2793,12063.67,N/A,N/A,1245.82,N/A,4.6124,1.9149,63.689,2.0082,43.248,9.713,
2007-03-07,1.3135,152.81,1.9558,0.5794,28.153,7.4479,15.6466,0.6812,252.92,3.4528,0.7087,0.4293,3.9073,N/A,3.3864,9.2648,N/A,34.33,1.605,88.76,8.1475,7.346,34.441,N/A,1.884,1.6867,N/A,1.5451,10.1665,10.2679,12097.34,N/A,N/A,1246.84,N/A,4.6117,1.9183,63.705,2.0058,43.037,9.752,
2007-03-06,1.31,152.69,1.9558,0.5794,28.176,7.4483,15.6466,0.67965,253.25,3.4528,0.7078,0.4293,3.8976,N/A,3.3855,9.2785,N/A,34.383,1.604,88.88,8.1615,7.3393,34.393,N/A,1.88,1.6951,N/A,1.5434,10.1414,10.2372,12078.2,N/A,N/A,1241.03,N/A,4.6027,1.927,63.699,2.002,42.597,9.682,
2007-03-05,1.3083,150.93,1.9558,0.5794,28.188,7.4482,15.6466,0.6822,254.63,3.4528,0.7063,0.4293,3.91,N/A,3.4,9.3308,N/A,34.42,1.6,90.04,8.183,7.3375,34.374,N/A,1.9049,1.6897,N/A,1.545,10.1393,10.2237,12108.32,N/A,N/A,1244.39,N/A,4.6019,1.9367,63.845,2.001,43.37,9.8136,
2007-03-02,1.3163,153.91,1.9558,0.5794,28.158,7.4493,15.6466,0.6768,254.43,3.4528,0.708,0.4293,3.9009,N/A,3.3924,9.2927,N/A,34.334,1.6107,88.4,8.116,7.3385,34.466,N/A,1.883,1.6806,N/A,1.5456,10.1967,10.285,12067.18,N/A,N/A,1241.47,N/A,4.6156,1.915,63.873,2.0087,44.29,9.668,
2007-03-01,1.3225,155.42,1.9558,0.5794,28.225,7.4507,15.6466,0.67365,256.2,3.4528,0.7068,0.4293,3.9215,N/A,3.3919,9.2777,N/A,34.436,1.61,88.28,8.109,7.34,34.549,N/A,1.8928,1.6814,N/A,1.5497,10.2408,10.3312,12104.18,N/A,N/A,1245.46,N/A,4.638,1.9036,64.009,2.018,44.678,9.7075,
2007-02-28,1.3211,156.45,1.9558,0.5794,28.295,7.4527,15.6466,0.67365,254.7,3.4528,0.7061,0.4293,3.9181,N/A,3.3975,9.2763,N/A,34.44,1.6136,87.97,8.12,7.3488,34.526,N/A,1.8715,1.6761,N/A,1.5419,10.226,10.3197,12063.62,N/A,N/A,1244.15,N/A,4.6278,1.887,64.139,2.0186,44.9,9.5849,
2007-02-27,1.323,157.68,1.9558,0.5794,28.463,7.4534,15.6466,0.6737,254.63,3.4528,0.7044,0.4293,3.9128,N/A,3.3882,9.246,N/A,34.465,1.6183,87.32,8.059,7.3502,34.557,N/A,1.8566,1.6695,N/A,1.5359,10.242,10.3384,12029.38,N/A,N/A,1242.16,N/A,4.6245,1.8735,63.769,2.0182,45.114,9.4875,
2007-02-26,1.316,158.7,1.9558,0.5794,28.404,7.4537,15.6466,0.6706,252.94,3.4528,0.7058,0.4293,3.8932,N/A,3.3786,9.2815,N/A,34.478,1.6203,86.39,8.063,7.3499,34.459,N/A,1.8224,1.6614,N/A,1.5256,10.2036,10.278,11932.83,N/A,N/A,1235.4,N/A,4.5948,1.8578,63.247,2.011,44.516,9.3407,
2007-02-23,1.3134,159.35,1.9558,0.5794,28.325,7.4552,15.6466,0.6692,252.34,3.4528,0.7062,0.4293,3.8815,N/A,3.3764,9.306,N/A,34.356,1.6262,87.45,8.066,7.3504,34.432,N/A,1.8144,1.663,N/A,1.522,10.1691,10.257,11925.02,N/A,N/A,1232.03,N/A,4.5884,1.8608,63.24,2.0138,44.06,9.3094,
2007-02-22,1.3106,159,1.9558,0.5792,28.237,7.4555,15.6466,0.6719,251.67,3.4528,0.7057,0.4293,3.8762,N/A,3.3815,9.3155,N/A,34.286,1.6281,87.15,8.0635,7.3433,34.39,N/A,1.811,1.661,N/A,1.5214,10.1475,10.2376,11900.9,N/A,N/A,1230.52,N/A,4.5805,1.856,63.302,2.0108,44.46,9.2551,
2007-02-21,1.3145,158.91,1.9558,0.5792,28.167,7.4555,15.6466,0.6726,251.45,3.4528,0.708,0.4293,3.8862,N/A,3.3815,9.3099,N/A,34.286,1.6267,87.52,8.0625,7.3467,34.441,N/A,1.8185,1.664,N/A,1.5349,10.1776,10.2709,11921.2,N/A,N/A,1233.72,N/A,4.5922,1.8642,63.162,2.0164,44.47,9.364,
2007-02-20,1.3145,158.01,1.9558,0.5792,28.125,7.4558,15.6466,0.6733,252.47,3.4528,0.7074,0.4293,3.8931,N/A,3.3816,9.253,N/A,34.32,1.6256,87.21,8.0415,7.3515,34.456,N/A,1.8178,1.6709,N/A,1.5323,10.1776,10.2708,11912.66,N/A,N/A,1233.59,N/A,4.5902,1.8756,63.122,2.0154,43.84,9.3639,
2007-02-19,1.3132,157.01,1.9558,0.5792,28.16,7.4554,15.6466,0.6751,251.8,3.4528,0.7047,0.4293,3.8968,N/A,3.374,9.2425,N/A,34.25,1.6215,87.48,8.044,7.3555,34.444,N/A,1.8161,1.6718,N/A,1.5308,10.1676,10.2598,11915.98,N/A,N/A,1229.75,N/A,4.587,1.8753,63.165,2.0132,44.91,9.3634,
2007-02-16,1.3119,156.27,1.9558,0.5792,28.249,7.4552,15.6466,0.6731,252.59,3.4528,0.6969,0.4293,3.907,N/A,3.3755,9.2701,N/A,34.276,1.6212,88.16,8.0445,7.3545,34.433,N/A,1.821,1.6705,N/A,1.5259,10.1575,10.2506,11872.7,N/A,N/A,1228.53,N/A,4.5825,1.8854,62.938,2.0102,43.817,9.434,
2007-02-15,1.3137,157.78,1.9558,0.5791,28.28,7.4541,15.6466,0.67115,251.87,3.4528,0.6969,0.4293,3.8988,N/A,3.379,9.2235,N/A,34.373,1.6267,88.42,8.0825,7.3557,34.46,N/A,1.826,1.6721,N/A,1.5326,10.1884,10.2591,11877.16,N/A,N/A,1227.98,N/A,4.5927,1.8885,63.373,2.0169,43.87,9.431,
2007-02-14,1.3082,158.55,1.9558,0.5791,28.268,7.4533,15.6466,0.6693,253.52,3.4528,0.6967,0.4293,3.9149,N/A,3.3866,9.141,N/A,34.358,1.6268,88.19,8.089,7.357,34.403,N/A,1.8295,1.6734,N/A,1.5265,10.1484,10.2213,11862.76,N/A,N/A,1227.68,N/A,4.5767,1.8923,63.284,2.0106,43.572,9.4545,
2007-02-13,1.3022,157.99,1.9558,0.5791,28.233,7.4534,15.6466,0.66995,254.02,3.4528,0.6965,0.4293,3.91,N/A,3.392,9.166,N/A,34.397,1.6233,88.54,8.111,7.3561,34.322,N/A,1.827,1.6811,N/A,1.5253,10.1131,10.1756,11816.81,N/A,N/A,1223.48,N/A,4.5577,1.8953,63.118,2.0068,44.05,9.428,
2007-02-12,1.2956,157.94,1.9558,0.5791,28.31,7.4537,15.6466,0.66565,254.71,3.4528,0.6965,0.4293,3.9198,N/A,3.3961,9.105,N/A,34.705,1.6238,88.38,8.0955,7.3548,34.214,N/A,1.8301,1.6745,N/A,1.5177,10.05,10.1234,11716.76,N/A,N/A,1214.82,N/A,4.5266,1.8933,62.428,1.9933,43.727,9.4401,
2007-02-09,1.3007,158.06,1.9558,0.5791,28.245,7.4531,15.6466,0.66755,253,3.4528,0.6965,0.4293,3.8879,N/A,3.38,9.0933,N/A,34.59,1.6249,88.2,8.131,7.375,34.272,N/A,1.8209,1.6751,N/A,1.5296,10.0773,10.1642,11774.59,N/A,N/A,1215.5,N/A,4.5444,1.9053,62.824,1.9939,44.158,9.325,
2007-02-08,1.2991,157.68,1.9558,0.5791,28.212,7.4529,15.6466,0.6632,253.12,3.4528,0.6965,0.4293,3.8764,N/A,3.3742,9.0947,N/A,34.583,1.6232,88.36,8.0955,7.3811,34.269,N/A,1.8263,1.6669,N/A,1.5413,10.0659,10.1533,11760.1,N/A,N/A,1214.72,N/A,4.5397,1.8954,62.883,1.9926,44.401,9.3034,
2007-02-07,1.2987,156.74,1.9558,0.5791,28.128,7.4524,15.6466,0.6585,253.24,3.4528,0.6964,0.4293,3.8685,N/A,3.3697,9.1175,N/A,34.518,1.6111,88.22,8.0895,7.386,34.42,N/A,1.8215,1.6695,N/A,1.537,10.0623,10.1459,11738.3,N/A,N/A,1212.53,N/A,4.537,1.9025,62.792,1.991,44.543,9.3341,
2007-02-06,1.2955,155.56,1.9558,0.5791,28.125,7.4538,15.6466,0.6578,252.48,3.4528,0.6964,0.4293,3.8643,N/A,3.3678,9.1365,N/A,34.527,1.61,88.45,8.112,7.388,34.36,N/A,1.8115,1.6674,N/A,1.5322,10.0473,10.1163,11729.46,N/A,N/A,1208.64,N/A,4.5291,1.8998,62.832,1.9858,44.33,9.3153,
2007-02-05,1.2925,155.85,1.9558,0.5791,28.138,7.4539,15.6466,0.66115,254.65,3.4528,0.6965,0.4293,3.8785,N/A,3.385,9.1163,N/A,34.799,1.617,88.57,8.12,7.385,34.313,N/A,1.819,1.6683,N/A,1.5312,10.031,10.0924,11716.51,N/A,N/A,1209.46,N/A,4.5247,1.8966,62.9,1.9833,44.656,9.3502,
2007-02-02,1.302,157.63,1.9558,0.5791,28.202,7.4542,15.6466,0.66135,255.77,3.4528,0.6963,0.4293,3.9028,N/A,3.385,9.0575,N/A,34.877,1.6175,89.01,8.1355,7.371,34.454,N/A,1.826,1.6821,N/A,1.541,10.0983,10.1646,11818.25,N/A,N/A,1220.36,N/A,4.5577,1.9169,63.407,1.9994,45.524,9.3493,
2007-02-01,1.302,156.85,1.9558,0.579,28.095,7.4548,15.6466,0.6613,254.98,3.4528,0.6964,0.4293,3.8998,N/A,3.3967,9.0395,N/A,34.91,1.6175,89.02,8.1255,7.3641,34.495,N/A,1.832,1.6782,N/A,1.5331,10.1016,10.1609,11824.11,N/A,N/A,1220.04,N/A,4.5577,1.8957,63.407,1.9967,45.765,9.3605,
2007-01-31,1.2954,157.27,1.9558,0.5787,28.163,7.4553,15.6466,0.66325,257.22,3.4528,0.6963,0.4293,3.9274,N/A,3.4049,9.052,N/A,35.12,1.6214,88.58,8.148,7.3675,34.389,N/A,1.8405,1.6786,N/A,1.5325,10.0703,10.1132,11788.14,N/A,N/A,1219.17,N/A,4.5345,1.8975,63.319,1.9917,44.756,9.4166,
2007-01-30,1.2972,157.99,1.9558,0.5787,28.3,7.4542,15.6466,0.6603,257.74,3.4528,0.6965,0.4293,3.9385,N/A,3.409,9.0383,N/A,35.278,1.6236,88.62,8.168,7.369,34.418,N/A,1.8535,1.679,N/A,1.5342,10.0857,10.1311,11804.52,N/A,N/A,1222.87,N/A,4.5432,1.8677,63.514,1.995,44.45,9.515,
2007-01-29,1.2921,157.7,1.9558,0.5787,28.215,7.455,15.6466,0.6602,256.68,3.4528,0.6965,0.4293,3.929,N/A,3.4045,9.0725,N/A,35.268,1.6216,89.13,8.175,7.3727,34.333,N/A,1.846,1.6728,N/A,1.5306,10.0454,10.0929,11787.18,N/A,N/A,1215.16,N/A,4.5256,1.8571,63.487,1.9899,43.953,9.4759,
2007-01-26,1.2901,156.71,1.9558,0.5785,28.125,7.4542,15.6466,0.65825,255.99,3.4528,0.697,0.4293,3.9243,N/A,3.411,9.0835,N/A,35.225,1.6184,89.99,8.1935,7.3808,34.284,N/A,1.8448,1.6684,N/A,1.5255,10.0316,10.0745,11765.71,N/A,N/A,1213.53,N/A,4.5173,1.8566,63.318,1.9843,43.057,9.3785,
2007-01-25,1.2978,156.88,1.9558,0.5784,28.148,7.4541,15.6466,0.6585,254.65,3.4528,0.6975,0.4293,3.8975,N/A,3.3926,9.075,N/A,35.178,1.6154,89.12,8.212,7.38,34.394,N/A,1.8403,1.6639,N/A,1.5287,10.0846,10.1308,11803.49,N/A,N/A,1214.81,N/A,4.5429,1.8468,63.469,1.9929,44.32,9.3114,
2007-01-24,1.3005,158.06,1.9558,0.5784,28.063,7.4548,15.6466,0.6595,254.13,3.4528,0.6974,0.4293,3.886,N/A,3.3916,9.0595,N/A,34.97,1.6195,89.45,8.2635,7.3915,34.442,N/A,1.8368,1.6631,N/A,1.5336,10.1081,10.148,11807,N/A,N/A,1217,N/A,4.5518,1.8634,63.48,1.9971,45.723,9.2744,
2007-01-23,1.304,158.02,1.9558,0.5784,27.914,7.4541,15.6466,0.6552,253.59,3.4528,0.6975,0.4293,3.86,N/A,3.3874,9.0855,N/A,34.756,1.6167,89.32,8.35,7.3915,34.514,N/A,1.8425,1.6436,N/A,1.5399,10.1426,10.1689,11846.84,N/A,N/A,1226.09,N/A,4.566,1.8548,63.896,1.9993,45.523,9.2682,
2007-01-22,1.2936,157.53,1.9558,0.5784,27.805,7.4537,15.6466,0.65485,251.45,3.4528,0.6976,0.4293,3.8468,N/A,3.3793,9.1249,N/A,34.475,1.6185,90.12,8.3675,7.3795,34.352,N/A,1.8214,1.6382,N/A,1.5203,10.0568,10.0925,11758.82,N/A,N/A,1216.05,N/A,4.5302,1.8538,63.451,1.9894,45.61,9.1939,
2007-01-19,1.2958,157.13,1.9558,0.5784,27.768,7.454,15.6466,0.6565,252.05,3.4528,0.6976,0.4293,3.851,N/A,3.3813,9.1195,N/A,34.62,1.6178,90.12,8.368,7.3735,34.389,N/A,1.8345,1.6453,N/A,1.5189,10.0734,10.1217,11762.62,N/A,N/A,1213.32,N/A,4.535,1.8633,63.365,1.9913,45.645,9.27,
2007-01-18,1.2922,156.79,1.9558,0.5784,27.855,7.4541,15.6466,0.6565,252.56,3.4528,0.6975,0.4293,3.8803,N/A,3.3894,9.0995,N/A,34.837,1.6182,90.59,8.364,7.3615,34.333,N/A,1.8375,1.6423,N/A,1.5207,10.0417,10.0913,11762.9,N/A,N/A,1210.4,N/A,4.525,1.8611,63.059,1.9865,45.507,9.2554,
2007-01-17,1.2909,155.75,1.9558,0.5784,27.868,7.4524,15.6466,0.65685,253.95,3.4528,0.6975,0.4293,3.8931,N/A,3.3984,9.0776,N/A,35.065,1.6143,90.56,8.348,7.3625,34.31,N/A,1.8459,1.6429,N/A,1.5166,10.0355,10.0737,11757.52,N/A,N/A,1209.51,N/A,4.5201,1.8689,63.06,1.9857,46.255,9.351,
2007-01-16,1.2953,156.27,1.9558,0.5784,27.763,7.4524,15.6466,0.6592,252.84,3.4528,0.6975,0.4293,3.8828,N/A,3.3844,9.0621,N/A,34.767,1.6138,91.42,8.314,7.36,34.388,N/A,1.8575,1.6511,N/A,1.5127,10.0904,10.1032,11751.61,N/A,N/A,1211.82,N/A,4.5361,1.8585,63.081,1.9936,46.486,9.367,
2007-01-15,1.2941,156,1.9558,0.5784,27.765,7.452,15.6466,0.65845,252.1,3.4528,0.6976,0.4293,3.8693,N/A,3.3916,9.0829,N/A,34.815,1.6127,90.99,8.329,7.3642,34.375,N/A,1.8467,1.6503,N/A,1.5108,10.0834,10.0926,11795.72,N/A,N/A,1214.51,N/A,4.5378,1.863,63.204,1.9952,46.503,9.3305,
2007-01-12,1.2893,155.24,1.9558,0.5784,27.755,7.4529,15.6466,0.66165,253.05,3.4528,0.6977,0.4293,3.8732,N/A,3.4069,9.1115,N/A,34.698,1.6125,91.8,8.3435,7.3686,34.297,N/A,1.8485,1.6544,N/A,1.5136,10.0545,10.055,11771.31,N/A,N/A,1212.01,N/A,4.5312,1.8692,63.176,1.9918,46.337,9.3538,
2007-01-11,1.2984,156.16,1.9558,0.5784,27.774,7.4541,15.6466,0.6654,255.44,3.4528,0.6979,0.4293,3.8787,N/A,3.4119,9.1431,N/A,34.548,1.6129,93.3,8.3525,7.3703,34.428,N/A,1.873,1.6573,N/A,1.5296,10.1209,10.1248,11842.06,N/A,N/A,1219.13,N/A,4.5684,1.8773,63.589,2.0018,46.639,9.4487,
2007-01-10,1.2988,154.99,1.9558,0.5784,27.735,7.4539,15.6466,0.6702,256.72,3.4528,0.698,0.4293,3.9038,N/A,3.4107,9.1198,N/A,34.599,1.6138,94.6,8.2985,7.3714,34.413,N/A,1.8918,1.6664,N/A,1.5301,10.1399,10.1277,11793.1,N/A,N/A,1218.08,N/A,4.5659,1.8851,63.446,1.9967,46.837,9.5764,
2007-01-09,1.3018,155.26,1.9558,0.5784,27.6,7.4538,15.6466,0.67025,253,3.4528,0.6979,0.4293,3.8599,N/A,3.3836,9.096,N/A,34.335,1.6127,92.53,8.2555,7.3675,34.449,N/A,1.868,1.6675,N/A,1.5327,10.1605,10.1496,11761.76,N/A,N/A,1221.87,N/A,4.5667,1.8796,63.294,2.0003,46.754,9.385,
2007-01-08,1.3006,154.42,1.9558,0.5784,27.649,7.4527,15.6466,0.6731,253.26,3.4528,0.698,0.4293,3.8663,N/A,3.3872,9.061,N/A,34.431,1.6097,92.1,8.264,7.3686,34.8,N/A,1.878,1.6675,N/A,1.5282,10.1668,10.1364,11757.42,N/A,N/A,1220.09,N/A,4.571,1.8972,63.443,1.9999,46.371,9.42,
2007-01-05,1.3084,154.55,1.9558,0.5783,27.635,7.4532,15.6466,0.6747,253.63,3.4528,0.6979,0.4293,3.8731,N/A,3.3877,9.0726,N/A,34.425,1.6097,92.14,8.283,7.371,34.523,N/A,1.8762,1.6697,N/A,1.5374,10.2117,10.1914,11791.96,N/A,N/A,1222.57,N/A,4.5958,1.8885,63.915,2.0084,46.841,9.3518,
2007-01-04,1.3106,156.11,1.9558,0.5783,27.605,7.4531,15.6466,0.6739,252.74,3.4528,0.6977,0.4293,3.8521,N/A,3.3733,9.0696,N/A,34.4,1.6132,91.89,8.273,7.3595,34.558,N/A,1.858,1.6681,N/A,1.539,10.2345,10.2081,11808.51,N/A,N/A,1220.63,N/A,4.6153,1.8753,63.99,2.0137,46.625,9.2244,
2007-01-03,1.3231,157.76,1.9558,0.5782,27.455,7.4552,15.6466,0.6747,251.21,3.4528,0.6982,0.4293,3.827,N/A,3.3583,9.019,N/A,34.321,1.6132,92.31,8.2385,7.37,34.807,N/A,1.862,1.6645,N/A,1.5457,10.3269,10.3022,11868.21,N/A,N/A,1225.26,N/A,4.6474,1.8773,64.7,2.027,47.043,9.17,
2007-01-02,1.327,157.76,1.9558,0.5782,27.525,7.4566,15.6466,0.6735,251.44,3.4528,0.6984,0.4293,3.8287,N/A,3.3829,9.0245,N/A,34.383,1.6104,93.86,8.208,7.3625,34.876,N/A,1.8758,1.6694,N/A,1.5452,10.3574,10.3273,11926.41,N/A,N/A,1228.34,N/A,4.6843,1.876,64.89,2.0308,47.462,9.2299,
2006-12-29,1.317,156.93,1.9558,0.5782,27.485,7.456,15.6466,0.6715,251.77,3.4528,0.6972,0.4293,3.831,N/A,3.3835,9.0404,239.64,34.435,1.6069,93.13,8.238,7.3504,34.68,N/A,1.864,1.6691,N/A,1.5281,10.2793,10.2409,11844.44,N/A,N/A,1224.81,N/A,4.649,1.8725,64.546,2.0202,46.77,9.2124,
2006-12-28,1.3173,156.61,1.9558,0.5782,27.54,7.4573,15.6466,0.67115,251.92,3.4528,0.6972,0.4293,3.8305,N/A,3.398,9.0463,239.64,34.561,1.6058,93.6,8.2375,7.3495,34.694,N/A,1.8648,1.6699,N/A,1.5268,10.2935,10.2387,11905.1,N/A,N/A,1224.69,N/A,4.6534,1.8731,64.679,2.0209,47.252,9.259,
2006-12-27,1.3159,156.1,1.9558,0.5782,27.59,7.4543,15.6466,0.67085,253.46,3.4528,0.6971,0.4293,3.839,N/A,3.3695,9.023,239.65,34.349,1.6058,94.47,8.228,7.3414,34.666,N/A,1.8751,1.6765,N/A,1.5297,10.2923,10.2321,11885.87,N/A,N/A,1224.44,N/A,4.6484,1.8729,64.69,2.0217,47.776,9.2198,
2006-12-22,1.3192,156.26,1.9558,0.5781,27.573,7.4536,15.6466,0.6715,252.23,3.4528,0.6975,0.4293,3.8211,N/A,3.351,8.9888,239.66,34.378,1.6029,91.89,8.177,7.3655,34.703,N/A,1.881,1.6792,N/A,1.524,10.3113,10.2589,11975.04,N/A,N/A,1225.01,N/A,4.6627,1.888,65.037,2.031,48.019,9.2195,
2006-12-21,1.3178,155.85,1.9558,0.5781,27.525,7.4545,15.6466,0.6716,252.05,3.4528,0.6977,0.4293,3.804,N/A,3.3759,8.9661,239.69,34.585,1.6032,91.57,8.133,7.3594,34.673,N/A,1.8836,1.6785,N/A,1.5155,10.3012,10.2456,11952.45,N/A,N/A,1222.26,N/A,4.6591,1.8946,64.928,2.0303,48.159,9.228,
2006-12-20,1.3203,156,1.9558,0.5781,27.418,7.4529,15.6466,0.6702,251.9,3.4528,0.6974,0.4293,3.7993,N/A,3.4029,9.0038,239.66,34.688,1.6039,91.45,8.161,7.368,34.717,N/A,1.8855,1.682,N/A,1.5137,10.3184,10.2651,12001.53,N/A,N/A,1222.6,N/A,4.6791,1.8915,65.196,2.0316,47.4,9.2441,
2006-12-19,1.3158,155.48,1.9558,0.5781,27.745,7.4538,15.6466,0.67125,253.13,3.4528,0.6974,0.4293,3.8113,N/A,3.4169,9.0252,239.64,34.88,1.6024,90.75,8.164,7.3688,34.641,N/A,1.8845,1.6824,N/A,1.5217,10.2911,10.2299,12026.41,N/A,N/A,1226.39,N/A,4.7057,1.8981,65.001,2.0326,47.073,9.2168,
2006-12-18,1.3095,154.34,1.9558,0.5781,27.7,7.4537,15.6466,0.67155,252.93,3.4528,0.6974,0.4293,3.7968,N/A,3.4185,9.0555,239.66,34.839,1.5993,90.06,8.141,7.3655,34.566,N/A,1.8663,1.6779,N/A,1.5114,10.2406,10.18,11899.43,N/A,N/A,1214.1,N/A,4.6553,1.8997,64.604,2.023,47.022,9.1727,
2006-12-15,1.3106,155.04,1.9558,0.5781,27.755,7.4545,15.6466,0.6699,253.37,3.4528,0.6973,0.4293,3.7928,N/A,3.4264,9.0633,239.66,34.853,1.5977,90.14,8.16,7.3545,34.584,N/A,1.8676,1.6803,N/A,1.5151,10.2587,10.1878,11908.11,N/A,N/A,1210.08,N/A,4.6533,1.9064,64.698,2.0218,46.253,9.2368,
2006-12-14,1.3192,155.04,1.9558,0.5781,27.843,7.4544,15.6466,0.67155,253.38,3.4528,0.6974,0.4293,3.798,N/A,3.4293,9.0602,239.65,34.866,1.5987,91.21,8.15,7.3535,34.69,N/A,1.879,1.6848,N/A,1.5242,10.3142,10.2515,11963.17,N/A,N/A,1214.92,N/A,4.6772,1.9172,65.136,2.0322,46.515,9.2604,
2006-12-13,1.3265,155.34,1.9558,0.5781,27.88,7.4534,15.6466,0.6728,253.48,3.4528,0.6973,0.4293,3.8008,N/A,3.4247,9.0407,239.68,34.775,1.5951,91.76,8.152,7.3579,34.798,N/A,1.8919,1.6811,N/A,1.5273,10.3819,10.3094,12031.36,N/A,N/A,1223.76,N/A,4.7018,1.9172,65.536,2.0421,46.783,9.263,
2006-12-12,1.3244,154.94,1.9558,0.5781,27.905,7.4549,15.6466,0.6746,253.98,3.4528,0.697,0.4293,3.8141,N/A,3.4294,9.0605,239.67,35.027,1.5928,91.73,8.132,7.3579,34.774,N/A,1.8879,1.685,N/A,1.5246,10.3711,10.2945,12008.33,N/A,N/A,1221.89,N/A,4.6877,1.9185,65.545,2.041,46.714,9.2652,
2006-12-11,1.3177,154.33,1.9558,0.5781,27.898,7.4551,15.6466,0.6762,255.89,3.4528,0.6979,0.4293,3.8123,N/A,3.4338,9.0585,239.68,35.137,1.5916,92.14,8.122,7.3415,34.672,N/A,1.887,1.6835,N/A,1.5135,10.3242,10.2423,11974.6,N/A,N/A,1219.99,N/A,4.6871,1.9176,65.341,2.0341,46.882,9.3329,
2006-12-08,1.3276,153.48,1.9558,0.5781,27.963,7.4561,15.6466,0.6776,256.43,3.4528,0.6985,0.4293,3.83,N/A,3.4294,9.0555,239.66,35.446,1.5891,91.79,8.118,7.3487,34.823,N/A,1.9055,1.6823,N/A,1.5269,10.3878,10.3178,12040.67,N/A,N/A,1221.66,N/A,4.7103,1.9262,65.882,2.0493,47.207,9.4061,
2006-12-07,1.3297,152.87,1.9558,0.5781,27.968,7.4554,15.6466,0.6761,256.04,3.4528,0.6986,0.4293,3.8103,N/A,3.427,9.0345,239.67,35.46,1.5875,91.85,8.0945,7.3495,34.861,N/A,1.9045,1.6827,N/A,1.5275,10.403,10.3283,12063.7,N/A,N/A,1215.21,N/A,4.7105,1.9261,65.727,2.0449,47.293,9.38,
2006-12-06,1.3274,152.66,1.9558,0.5781,28.015,7.4561,15.6466,0.6754,255.4,3.4528,0.6984,0.4293,3.8111,N/A,3.4368,9.0757,239.66,35.465,1.5888,91.74,8.135,7.3569,34.816,N/A,1.9201,1.6892,N/A,1.5177,10.3848,10.3129,12105.89,N/A,N/A,1216.16,N/A,4.7116,1.9429,65.713,2.0447,47.342,9.4459,
2006-12-05,1.3331,152.74,1.9558,0.5781,28.019,7.4559,15.6466,0.6743,255.5,3.4528,0.698,0.4293,3.814,N/A,3.4415,9.0495,239.66,35.535,1.5885,90.65,8.13,7.3617,34.893,N/A,1.933,1.6946,N/A,1.5204,10.4272,10.3598,12151.87,N/A,N/A,1232.25,N/A,4.7412,1.9422,66.095,2.0509,47.489,9.517,
2006-12-04,1.3309,153.89,1.9558,0.578,28.003,7.4577,15.6466,0.6734,256.43,3.4528,0.6978,0.4293,3.8159,N/A,3.4383,9.033,239.67,35.55,1.5932,90.42,8.1565,7.373,34.87,N/A,1.9417,1.6904,N/A,1.5208,10.4176,10.3447,12177.74,N/A,N/A,1234.41,N/A,4.7753,1.9359,66.246,2.0536,47.739,9.5348,
2006-12-01,1.3244,153.77,1.9558,0.578,27.95,7.4543,15.6466,0.6729,256.12,3.4528,0.6978,0.4293,3.8056,N/A,3.4275,9.036,239.63,35.538,1.5884,89.92,8.1625,7.3488,34.779,N/A,1.9253,1.6778,N/A,1.5139,10.378,10.2983,12144.75,N/A,N/A,1229.84,N/A,4.7592,1.938,65.604,2.0473,47.577,9.4606,
2006-11-30,1.32,153.29,1.9558,0.578,27.972,7.4546,15.6466,0.67425,256.27,3.4528,0.6978,0.4293,3.8113,N/A,3.4349,9.0661,239.66,35.53,1.5916,90.15,8.166,7.3615,34.714,N/A,1.921,1.6753,N/A,1.5053,10.3401,10.2667,12097.8,N/A,N/A,1226.74,N/A,4.7758,1.933,65.498,2.0352,47.399,9.5479,
2006-11-29,1.3157,153.01,1.9558,0.578,27.988,7.4547,15.6466,0.6743,257.16,3.4528,0.6978,0.4293,3.8243,N/A,3.461,9.0801,239.65,35.531,1.5889,90.61,8.252,7.3532,34.655,N/A,1.933,1.68,N/A,1.4953,10.3036,10.2303,12060.36,N/A,N/A,1224.39,N/A,4.7727,1.9398,65.43,2.0333,47.477,9.379,
2006-11-28,1.3147,152.99,1.9558,0.578,28.06,7.4545,15.6466,0.67625,258.59,3.4528,0.6978,0.4293,3.8368,N/A,3.4695,9.0683,239.67,35.641,1.5866,91.71,8.281,7.3435,34.637,N/A,1.947,1.6861,N/A,1.4863,10.3072,10.2217,12076.18,N/A,N/A,1223.79,N/A,4.7855,1.9525,65.623,2.0385,47.772,9.451,
2006-11-27,1.3114,152.24,1.9558,0.578,28.04,7.4549,15.6466,0.6777,258.25,3.4528,0.6977,0.4293,3.8239,N/A,3.4776,9.0423,239.66,35.662,1.5855,91.96,8.269,7.322,34.588,N/A,1.925,1.6848,N/A,1.4866,10.2861,10.1972,11988.16,N/A,N/A,1220.45,N/A,4.7702,1.9591,65.111,2.0324,47.75,9.2965,
2006-11-24,1.3078,151.36,1.9558,0.5779,28.025,7.4542,15.6466,0.6769,259.36,3.4528,0.6976,0.4293,3.8271,N/A,3.4901,9.0375,239.66,35.635,1.5826,92.02,8.2625,7.339,34.56,N/A,1.929,1.6817,N/A,1.4817,10.2695,10.1716,11954.6,N/A,N/A,1219,N/A,4.7545,1.9538,65.011,2.028,47.728,9.4321,
2006-11-23,1.2953,150.61,1.9558,0.5779,27.95,7.4547,15.6466,0.6765,258.63,3.4528,0.6974,0.4293,3.8211,N/A,3.4874,9.0595,239.66,35.653,1.5843,91.78,8.26,7.3433,34.382,N/A,1.908,1.6725,N/A,1.4769,10.1836,10.0822,11826.74,N/A,N/A,1205.21,N/A,4.7117,1.9321,64.396,2.0057,47.319,9.305,
2006-11-22,1.2886,150.75,1.9558,0.5778,27.942,7.4554,15.6466,0.6749,257.45,3.4528,0.6974,0.4293,3.8006,N/A,3.4983,9.0965,239.66,35.656,1.5884,92.6,8.252,7.3688,34.283,N/A,1.894,1.6669,N/A,1.4686,10.1345,10.0337,11770.07,N/A,N/A,1203.55,N/A,4.6969,1.9249,64.095,2.0045,47.133,9.2537,
2006-11-21,1.2814,151.24,1.9558,0.5777,27.949,7.4566,15.6466,0.6748,256.8,3.4528,0.6979,0.4293,3.7973,N/A,3.4898,9.087,239.66,35.526,1.5933,90.57,8.266,7.3725,34.165,N/A,1.874,1.6646,N/A,1.4676,10.0859,9.9775,11712,N/A,N/A,1198.69,N/A,4.6771,1.9126,63.833,1.9976,46.886,9.2462,
2006-11-20,1.2841,151.57,1.9558,0.5777,28.005,7.4578,15.6466,0.6768,258.78,3.4528,0.698,0.4293,3.8093,N/A,3.4968,9.0823,239.66,35.678,1.5928,90.61,8.262,7.3681,34.204,N/A,1.8741,1.6687,N/A,1.4676,10.111,9.9993,11754.01,N/A,N/A,1201.21,N/A,4.687,1.9225,64,2.0005,47,9.3553,
2006-11-17,1.2774,151.17,1.9558,0.5777,27.988,7.4582,15.6466,0.6776,257.52,3.4528,0.698,0.4293,3.7989,N/A,3.4902,9.0621,239.68,35.626,1.6008,89.99,8.268,7.3621,34.102,N/A,1.8458,1.6706,N/A,1.4651,10.0554,9.9485,11704.82,N/A,N/A,1199.35,N/A,4.6657,1.9294,63.851,1.9921,46.812,9.312,
2006-11-16,1.2804,151.16,1.9558,0.5777,28.065,7.4583,15.6466,0.6781,257.04,3.4528,0.6977,0.4293,3.7981,N/A,3.4921,9.0705,239.64,35.767,1.5977,89.58,8.2225,7.3645,34.147,N/A,1.845,1.668,N/A,1.4572,10.0787,9.9695,11722.7,N/A,N/A,1200.44,N/A,4.6792,1.9279,64.18,1.9959,46.726,9.182,
2006-11-15,1.2792,151.01,1.9558,0.5777,28.106,7.4592,15.6466,0.6784,257.65,3.4528,0.6965,0.4293,3.8115,N/A,3.4988,9.087,239.58,35.77,1.599,90.35,8.246,7.3465,34.126,N/A,1.855,1.6733,N/A,1.4572,10.0656,9.9607,11746.25,N/A,N/A,1204.3,N/A,4.6659,1.9406,64.082,1.9959,46.738,9.3557,
2006-11-14,1.2824,150.88,1.9558,0.5777,28.067,7.4589,15.6466,0.67605,258.38,3.4528,0.6963,0.4293,3.8143,N/A,3.5045,9.0723,239.66,35.975,1.5956,89.98,8.212,7.3295,34.186,N/A,1.8565,1.6765,N/A,1.4602,10.0885,9.9837,11706.39,N/A,N/A,1201.67,N/A,4.666,1.9437,63.979,1.9961,46.684,9.31,
2006-11-13,1.283,151.28,1.9558,0.5777,28.11,7.4576,15.6466,0.6737,260.3,3.4528,0.696,0.4293,3.83,N/A,3.5098,9.0936,239.62,36.095,1.5937,88.27,8.197,7.3324,34.183,N/A,1.8642,1.6796,N/A,1.4572,10.093,9.9886,11710.58,N/A,N/A,1199.67,N/A,4.6643,1.9355,63.829,1.9992,46.847,9.3428,
2006-11-10,1.2864,151.17,1.9558,0.5777,28.196,7.4576,15.6466,0.6723,260.8,3.4528,0.6962,0.4293,3.8326,N/A,3.511,9.0888,239.68,36.198,1.5933,87.09,8.2005,7.3225,34.24,N/A,1.86,1.6755,N/A,1.4531,10.1169,10.0126,11727.47,N/A,N/A,1201.56,N/A,4.6799,1.9336,64.159,2.0021,47.11,9.297,
2006-11-09,1.2796,151.16,1.9558,0.5777,28.038,7.4583,15.6466,0.6724,259.78,3.4528,0.6962,0.4293,3.8225,N/A,3.5055,9.1195,239.65,36.085,1.5967,86.88,8.2315,7.3376,34.146,N/A,1.8575,1.6689,N/A,1.4489,10.066,9.9613,11671.87,N/A,N/A,1198.47,N/A,4.6648,1.9259,63.91,1.9989,47.002,9.3504,
2006-11-08,1.2776,150.35,1.9558,0.5777,28.02,7.4568,15.6466,0.67045,261.6,3.4528,0.6962,0.4293,3.8369,N/A,3.5066,9.1465,239.65,36.104,1.5952,87.25,8.243,7.332,34.1,N/A,1.8627,1.6601,N/A,1.4448,10.0497,9.9455,11635.74,N/A,N/A,1194.68,N/A,4.6537,1.9109,63.739,1.9945,46.871,9.4364,
2006-11-07,1.2755,150.37,1.9558,0.5777,27.985,7.4584,15.6466,0.66975,260.68,3.4528,0.696,0.4293,3.8295,N/A,3.51,9.1445,239.61,36.125,1.5963,86.92,8.251,7.341,34.076,N/A,1.8432,1.65,N/A,1.4385,10.0439,9.9298,11640.85,N/A,N/A,1196.93,N/A,4.6517,1.9067,63.59,1.99,46.77,9.3485,
2006-11-06,1.2702,150.45,1.9558,0.5777,27.931,7.4568,15.6466,0.6698,259.32,3.4528,0.6962,0.4293,3.8263,N/A,3.5158,9.1465,239.63,36.177,1.5965,86.55,8.251,7.353,33.985,N/A,1.8393,1.6507,N/A,1.4418,10.0106,9.8847,11601.37,N/A,N/A,1196.97,N/A,4.6464,1.9073,63.44,1.9911,46.648,9.4015,
2006-11-03,1.276,149.62,1.9558,0.5775,28.079,7.4549,15.6466,0.6688,260.37,3.4528,0.6962,0.4293,3.8638,N/A,3.5225,9.1685,239.62,36.376,1.5929,86.68,8.2445,7.351,34.09,N/A,1.8712,1.6527,N/A,1.4402,10.0442,9.9237,11631.38,N/A,N/A,1195.87,N/A,4.6536,1.8935,63.379,1.9923,46.825,9.4965,
2006-11-02,1.2767,149.4,1.9558,0.577,28.061,7.4543,15.6466,0.6691,260.35,3.4528,0.6962,0.4293,3.867,N/A,3.5155,9.1966,239.6,36.363,1.5894,86.33,8.243,7.3544,34.086,N/A,1.8672,1.6511,N/A,1.4489,10.0521,9.9294,11633.29,N/A,N/A,1198.82,N/A,4.6606,1.8958,63.375,1.9937,46.827,9.47,
2006-11-01,1.2757,149.24,1.9558,0.577,28.066,7.4547,15.6466,0.66845,259.34,3.4528,0.6963,0.4293,3.8633,N/A,3.5125,9.2017,239.51,36.275,1.588,86.57,8.3005,7.3612,34.069,N/A,1.8575,1.648,N/A,1.4471,10.0428,9.9232,11612.06,N/A,N/A,1198.39,N/A,4.6565,1.8976,63.581,1.99,46.763,9.385,
2006-10-31,1.2696,149.59,1.9558,0.577,28.219,7.4538,15.6466,0.6685,260.22,3.4528,0.6961,0.4293,3.8731,N/A,3.5202,9.212,239.61,36.326,1.5887,86.37,8.332,7.3631,33.991,N/A,1.8515,1.6509,N/A,1.4331,10.0032,9.8766,11569.23,N/A,N/A,1196.34,N/A,4.6372,1.9072,63.277,1.9824,46.639,9.39,
2006-10-30,1.2717,149.17,1.9558,0.577,28.35,7.4543,15.6466,0.668,262.88,3.4528,0.6962,0.4293,3.8909,N/A,3.5216,9.2073,239.62,36.415,1.5882,86.95,8.3335,7.3573,34.028,N/A,1.855,1.6542,N/A,1.4255,10.0131,9.8862,11572.47,N/A,N/A,1201.12,N/A,4.6322,1.9143,63.324,1.9855,46.707,9.5056,
2006-10-27,1.2683,150.26,1.9558,0.5768,28.41,7.4547,15.6466,0.6706,261.7,3.4528,0.6961,0.4293,3.8781,N/A,3.5205,9.2215,239.62,36.38,1.5911,86.57,8.311,7.366,33.9773,N/A,1.8403,1.6561,N/A,1.4262,10.0064,9.8699,11547.87,N/A,N/A,1201.52,N/A,4.6312,1.9279,63.149,1.9837,46.764,9.545,
2006-10-26,1.2653,150.4,1.9558,0.5765,28.299,7.4546,15.6466,0.67155,261.09,3.4528,0.6961,0.4293,3.8793,N/A,3.5137,9.2265,239.6,36.381,1.5924,86.03,8.2875,7.375,33.93,N/A,1.8345,1.66,N/A,1.4259,9.9907,9.8456,11526.88,N/A,N/A,1201.78,N/A,4.6418,1.9332,63.101,1.985,46.835,9.5042,
2006-10-25,1.258,149.93,1.9558,0.5766,28.383,7.4551,15.6466,0.6702,262.87,3.4528,0.6961,0.4293,3.8855,N/A,3.5179,9.2125,239.6,36.576,1.5916,85.71,8.338,7.385,33.83,N/A,1.8475,1.6561,N/A,1.4191,9.9407,9.7905,11485.54,N/A,N/A,1202.46,N/A,4.625,1.9038,62.837,1.9784,46.691,9.6349,
2006-10-24,1.2541,149.98,1.9558,0.5767,28.395,7.4552,15.6466,0.67015,262.92,3.4528,0.696,0.4293,3.8771,N/A,3.537,9.2002,239.6,36.594,1.5918,85.69,8.3855,7.3893,33.769,N/A,1.8462,1.657,N/A,1.418,9.9105,9.7594,11493.83,N/A,N/A,1202.05,N/A,4.6107,1.8933,62.774,1.9761,46.676,9.7225,
2006-10-23,1.2556,149.71,1.9558,0.5767,28.324,7.4557,15.6466,0.6706,263.47,3.4528,0.696,0.4293,3.8735,N/A,3.5363,9.2045,239.61,36.603,1.5904,86.42,8.426,7.397,33.789,N/A,1.835,1.6555,N/A,1.4158,9.9181,9.7745,11507.57,N/A,N/A,1204.75,N/A,4.6162,1.889,62.837,1.9785,46.761,9.643,
2006-10-20,1.2618,149.29,1.9558,0.5767,28.335,7.4552,15.6466,0.6693,262.7,3.4528,0.696,0.4293,3.8661,N/A,3.5135,9.2108,239.57,36.58,1.5867,86.14,8.4135,7.3959,33.8973,N/A,1.8405,1.6607,N/A,1.4156,9.9714,9.8242,11554.93,N/A,N/A,1207.98,N/A,4.639,1.8853,63.216,1.9835,46.987,9.5034,
2006-10-19,1.2561,149.08,1.9558,0.5767,28.363,7.4552,15.6466,0.6723,263.37,3.4528,0.6961,0.4293,3.8832,N/A,3.5171,9.2485,239.68,36.635,1.5897,85.62,8.476,7.3925,33.812,N/A,1.83,1.6603,N/A,1.4266,9.936,9.7826,11505.88,N/A,N/A,1202.46,N/A,4.6168,1.8895,62.824,1.9776,46.873,9.456,
2006-10-18,1.2543,148.83,1.9558,0.5767,28.333,7.456,15.6466,0.67005,266.81,3.4528,0.6961,0.4293,3.8993,N/A,3.5213,9.263,239.58,36.721,1.5897,85.25,8.471,7.3998,33.784,N/A,1.8496,1.6618,N/A,1.4286,9.9186,9.764,11486.25,N/A,N/A,1198.36,N/A,4.6052,1.8901,62.602,1.9757,46.884,9.5004,
2006-10-17,1.2524,148.67,1.9558,0.5767,28.323,7.4556,15.6466,0.6708,266.72,3.4528,0.696,0.4293,3.8958,N/A,3.5125,9.2694,239.57,36.833,1.5895,85.54,8.471,7.388,33.752,N/A,1.8548,1.6616,N/A,1.4232,9.9042,9.7456,11465.72,N/A,N/A,1195.23,N/A,4.6032,1.8876,62.545,1.98,46.825,9.5498,
2006-10-16,1.2515,149.13,1.9558,0.5767,28.291,7.4555,15.6466,0.6727,265.4,3.4528,0.696,0.4293,3.8814,N/A,3.5011,9.243,239.57,36.805,1.5918,84.76,8.461,7.3925,33.742,N/A,1.8494,1.6623,N/A,1.4231,9.8991,9.7412,11470.62,N/A,N/A,1195.75,N/A,4.6099,1.9008,62.588,1.982,46.875,9.368,
2006-10-13,1.255,149.84,1.9558,0.5767,28.256,7.4547,15.6466,0.6744,265.35,3.4528,0.696,0.4293,3.8844,N/A,3.507,9.2564,239.56,36.853,1.5932,85.67,8.4285,7.4222,33.809,N/A,1.846,1.6689,N/A,1.4246,9.9164,9.7729,11552.9,N/A,N/A,1197.46,N/A,4.6209,1.9006,62.719,1.9868,46.985,9.3971,
2006-10-12,1.2531,149.87,1.9558,0.5767,28.288,7.4557,15.6466,0.6753,266.81,3.4528,0.6961,0.4293,3.9118,N/A,3.5085,9.24,239.59,36.915,1.5932,85.87,8.453,7.4225,33.786,N/A,1.8574,1.6723,N/A,1.4251,9.918,9.7641,11552.96,N/A,N/A,1200.34,N/A,4.629,1.899,62.686,1.9887,47.01,9.5966,
2006-10-11,1.2543,149.96,1.9558,0.5767,28.205,7.4555,15.6466,0.67575,267.36,3.4528,0.696,0.4293,3.9098,N/A,3.5055,9.256,239.6,36.87,1.5932,86.04,8.418,7.4212,33.803,N/A,1.8725,1.683,N/A,1.4239,9.9277,9.7749,11567.78,N/A,N/A,1201.93,N/A,4.6353,1.8987,62.74,1.9911,47.034,9.7054,
2006-10-10,1.2538,149.97,1.9558,0.5767,28.195,7.4556,15.6466,0.67475,270.73,3.4528,0.6961,0.4293,3.9094,N/A,3.5072,9.274,239.6,37.023,1.5909,86.08,8.361,7.4238,33.793,N/A,1.88,1.6853,N/A,1.4154,9.9191,9.7713,11565.68,N/A,N/A,1203.21,N/A,4.6322,1.8995,62.753,1.9944,47.049,9.7824,
2006-10-09,1.2603,150.09,1.9558,0.5767,28.192,7.4566,15.6466,0.6756,272.03,3.4528,0.6961,0.4293,3.9208,N/A,3.5074,9.28,239.6,37.082,1.589,86.49,8.42,7.4145,33.875,N/A,1.8924,1.6927,N/A,1.4154,9.9557,9.8169,11630.05,N/A,N/A,1214.74,N/A,4.6568,1.916,63.198,2.004,47.356,9.8614,
2006-10-06,1.2664,149.47,1.9558,0.5767,28.2,7.4559,15.6466,0.6729,273.76,3.4528,0.6961,0.4293,3.9298,N/A,3.5164,9.2778,239.63,37.112,1.5881,86.08,8.4315,7.3997,33.978,N/A,1.8912,1.6969,N/A,1.4234,10.0098,9.8582,11660.38,N/A,N/A,1202,N/A,4.6699,1.9065,63.32,2.0064,47.482,9.8977,
2006-10-05,1.2721,149.45,1.9558,0.5767,28.211,7.4565,15.6466,0.6761,274.4,3.4528,0.6961,0.4293,3.9361,N/A,3.5304,9.2895,239.6,37.15,1.5887,86.3,8.378,7.3878,34.05,N/A,1.909,1.7019,N/A,1.4321,10.0548,9.9059,11716.04,N/A,N/A,1207.48,N/A,4.6864,1.9154,63.605,2.0135,47.816,9.9818,
2006-10-04,1.2684,149.8,1.9558,0.5767,28.287,7.4566,15.6466,0.6743,275.88,3.4528,0.6961,0.4293,3.9406,N/A,3.5368,9.3225,239.6,37.246,1.5888,87.38,8.3995,7.3775,33.998,N/A,1.9219,1.7049,N/A,1.4299,10.0256,9.8836,11694.65,N/A,N/A,1203.97,N/A,4.6836,1.9228,63.42,2.0113,47.692,10.0768,
2006-10-03,1.2737,149.86,1.9558,0.5767,28.23,7.4565,15.6466,0.6742,274.72,3.4528,0.6961,0.4293,3.9432,N/A,3.5323,9.326,239.51,37.21,1.5848,88.31,8.3735,7.361,34.086,N/A,1.9125,1.7052,N/A,1.4246,10.0675,9.9238,11724.41,N/A,N/A,1207.4,N/A,4.6955,1.9285,63.526,2.0145,47.847,9.8023,
2006-10-02,1.2685,149.99,1.9558,0.5767,28.288,7.4572,15.6466,0.6779,275,3.4528,0.696,0.4293,3.9608,N/A,3.5356,9.3317,239.58,37.385,1.5841,89.07,8.3425,7.377,33.988,N/A,1.9215,1.7042,N/A,1.4226,10.0264,9.8829,11676.54,N/A,N/A,1202.54,N/A,4.6801,1.9372,63.45,2.0128,47.708,9.8329,
2006-09-29,1.266,149.34,1.9558,0.5767,28.326,7.4576,15.6466,0.6777,273,3.4528,0.696,0.4293,3.9713,N/A,3.5362,9.2797,239.59,37.385,1.5881,88.67,8.235,7.3895,33.942,N/A,1.9112,1.6992,N/A,1.4136,10.0066,9.864,11678.85,N/A,N/A,1198.02,N/A,4.6684,1.9427,63.49,2.0076,47.572,9.8277,
2006-09-28,1.2713,149.57,1.9558,0.5767,28.428,7.46,15.6466,0.67715,273.34,3.4528,0.696,0.4293,3.9785,N/A,3.5401,9.2623,239.59,37.38,1.5838,88.75,8.223,7.375,34.015,N/A,1.9128,1.6959,N/A,1.4132,10.0388,9.9027,11727.74,N/A,N/A,1201.06,N/A,4.6866,1.9377,63.807,2.0177,47.722,9.7305,
2006-09-27,1.2684,148.9,1.9558,0.5767,28.413,7.4595,15.6466,0.67105,273.63,3.4528,0.696,0.4293,3.9782,N/A,3.535,9.277,239.59,37.443,1.5796,88.77,8.265,7.3945,33.979,N/A,1.8965,1.6915,N/A,1.4143,10.0229,9.8784,11681.96,N/A,N/A,1196.86,N/A,4.6702,1.9264,63.693,2.0156,47.603,9.6795,
2006-09-26,1.2695,147.83,1.9558,0.5767,28.444,7.4591,15.6466,0.6695,273.08,3.4528,0.696,0.4293,3.9583,N/A,3.5422,9.2895,239.59,37.4,1.5776,89.05,8.3135,7.4115,33.997,N/A,1.943,1.6859,N/A,1.4149,10.0424,9.8852,11684.48,N/A,N/A,1198.6,N/A,4.673,1.8974,63.869,2.0159,47.606,9.755,
2006-09-25,1.2768,148.78,1.9558,0.5767,28.453,7.4595,15.6466,0.6712,274.58,3.4528,0.6961,0.4293,3.9704,N/A,3.5459,9.3019,239.6,37.501,1.5799,89.49,8.3895,7.435,34.087,N/A,1.9275,1.6987,N/A,1.4259,10.1138,9.939,11807.21,N/A,N/A,1205.49,N/A,4.6986,1.9136,64.28,2.0235,47.85,9.6974,
2006-09-22,1.2817,148.89,1.9558,0.5766,28.483,7.4602,15.6466,0.67365,276.97,3.4528,0.6961,0.4293,3.9784,N/A,3.5636,9.258,239.6,37.568,1.5812,90.97,8.3455,7.435,34.175,N/A,1.9618,1.7013,N/A,1.4264,10.1504,9.9761,11778.82,N/A,N/A,1213.64,N/A,4.7109,1.9468,64.482,2.0285,47.957,9.8262,
2006-09-21,1.2731,148.84,1.9558,0.5766,28.419,7.4594,15.6466,0.6706,274.48,3.4528,0.696,0.4293,3.9466,N/A,3.5305,9.2193,239.61,37.505,1.5887,89.43,8.281,7.43,34.043,N/A,1.875,1.6856,N/A,1.4302,10.0872,9.9092,11636.13,N/A,N/A,1202.12,N/A,4.6729,1.9258,63.789,2.0126,47.638,9.4547,
2006-09-20,1.2676,148.7,1.9558,0.5767,28.437,7.4605,15.6466,0.6731,273.47,3.4528,0.696,0.4293,3.9483,N/A,3.5317,9.2168,239.59,37.465,1.5875,89.17,8.279,7.435,33.96,N/A,1.8686,1.6844,N/A,1.4299,10.0476,9.8691,11620.72,N/A,N/A,1205.3,N/A,4.6654,1.9273,63.57,2.0104,47.824,9.3749,
2006-09-19,1.2654,148.81,1.9558,0.5765,28.488,7.4613,15.6466,0.6732,273.47,3.4528,0.6961,0.4293,3.9598,N/A,3.5308,9.174,239.58,37.472,1.5903,88.89,8.2735,7.4175,33.934,N/A,1.859,1.6802,N/A,1.4201,10.0426,9.8526,11588.53,N/A,N/A,1204.79,N/A,4.6586,1.9091,63.39,2.0079,47.142,9.3359,
2006-09-18,1.2665,149.47,1.9558,0.5765,28.423,7.4607,15.6466,0.6748,270.73,3.4528,0.696,0.4293,3.9283,N/A,3.5272,9.1928,239.58,37.36,1.5887,88.79,8.283,7.4348,33.955,N/A,1.8503,1.6821,N/A,1.42,10.0646,9.8588,11587.84,N/A,N/A,1211.34,N/A,4.6607,1.909,63.604,2.0124,47.297,9.223,
2006-09-15,1.2675,149.09,1.9558,0.5764,28.485,7.4606,15.6466,0.6739,272.53,3.4528,0.6961,0.4293,3.9504,N/A,3.5062,9.225,239.59,37.388,1.5946,89.28,8.2775,7.4348,33.947,N/A,1.8666,1.6853,N/A,1.4203,10.0678,9.8642,11559.6,N/A,N/A,1211.98,N/A,4.653,1.9248,63.654,2.0046,47.225,9.391,
2006-09-14,1.2723,149.58,1.9558,0.5766,28.468,7.4602,15.6466,0.6743,273.13,3.4528,0.696,0.4293,3.9621,N/A,3.5028,9.2488,239.6,37.408,1.5878,88.49,8.332,7.4248,34.055,N/A,1.8806,1.6839,N/A,1.4207,10.1097,9.9013,11619.28,N/A,N/A,1218.35,N/A,4.6738,1.9203,64.06,2.0076,47.518,9.4251,
2006-09-13,1.2677,149.23,1.9558,0.5766,28.541,7.4597,15.6466,0.67655,273.76,3.4528,0.6959,0.4293,3.9637,N/A,3.5024,9.2478,239.59,37.368,1.5892,89.71,8.3825,7.382,33.985,N/A,1.863,1.6885,N/A,1.4228,10.0764,9.8636,11551.92,N/A,N/A,1215.85,N/A,4.6556,1.9653,63.816,1.9989,47.389,9.3236,
2006-09-12,1.2709,149.49,1.9558,0.5764,28.423,7.4606,15.6466,0.6785,274.31,3.4528,0.6961,0.4293,3.9802,N/A,3.5171,9.229,239.59,37.568,1.5795,90.29,8.295,7.3868,34.038,N/A,1.8779,1.687,N/A,1.4227,10.0992,9.8866,11631.28,N/A,N/A,1219.3,N/A,4.6699,1.9815,64.091,2.0068,47.614,9.385,
2006-09-11,1.2713,149.14,1.9558,0.5764,28.343,7.4611,15.6466,0.6816,274.55,3.4528,0.6961,0.4293,3.981,N/A,3.517,9.2685,239.59,37.575,1.5792,91.06,8.308,7.3678,34.035,N/A,1.8802,1.6872,N/A,1.4245,10.1122,9.8901,11613.33,N/A,N/A,1217.33,N/A,4.6682,1.984,64.252,2.002,47.622,9.4517,
2006-09-08,1.2713,147.91,1.9558,0.5763,28.305,7.4607,15.6466,0.6793,274.85,3.4528,0.6961,0.4293,3.9775,N/A,3.522,9.3195,239.59,37.575,1.5817,90.88,8.2185,7.364,34.03,N/A,1.8802,1.6777,N/A,1.4155,10.1049,9.8878,11602.52,N/A,N/A,1215.81,N/A,4.6549,1.9862,64.137,1.9979,47.61,9.3399,
2006-09-07,1.2731,148.05,1.9558,0.5763,28.287,7.4608,15.6466,0.67955,276.43,3.4528,0.6961,0.4293,3.9766,N/A,3.5279,9.3285,239.59,37.575,1.5822,89.47,8.1875,7.355,34.045,N/A,1.8825,1.6728,N/A,1.4066,10.1097,9.9006,11610.67,N/A,N/A,1217.53,N/A,4.6436,1.9746,63.986,1.9975,47.548,9.4086,
2006-09-06,1.2793,149.23,1.9558,0.5763,28.238,7.4604,15.6466,0.6791,275.4,3.4528,0.696,0.4293,3.9557,N/A,3.5194,9.3013,239.59,37.515,1.5844,88.9,8.1465,7.3616,34.149,N/A,1.8737,1.6672,N/A,1.4228,10.1631,9.9498,11625.64,N/A,N/A,1224.35,N/A,4.6682,1.9732,64.31,2.0065,47.769,9.2334,
2006-09-05,1.281,148.47,1.9558,0.5763,28.199,7.4599,15.6466,0.67495,276.19,3.4528,0.6962,0.4293,3.9578,N/A,3.5249,9.3225,239.57,37.596,1.5809,88.39,8.132,7.3528,34.17,N/A,1.8606,1.6647,N/A,1.4242,10.1824,9.963,11631.48,N/A,N/A,1225.47,N/A,4.666,1.9809,64.498,2.0082,47.845,9.212,
2006-09-04,1.2852,149.22,1.9558,0.5763,28.19,7.4606,15.6466,0.67475,277.22,3.4528,0.6961,0.4293,3.9717,N/A,3.527,9.3177,239.61,37.67,1.5812,88.86,8.126,7.3485,34.332,N/A,1.872,1.668,N/A,1.4219,10.2026,9.9959,11672.83,N/A,N/A,1231.09,N/A,4.7025,1.9691,64.838,2.0154,48.002,9.2313,
2006-09-01,1.2817,150.3,1.9558,0.5763,28.253,7.4599,15.6466,0.6728,277.65,3.4528,0.6961,0.4293,3.9685,N/A,3.5258,9.316,239.57,37.723,1.5791,88.22,8.107,7.3485,34.28,N/A,1.8847,1.6753,N/A,1.4163,10.1936,9.9695,11658.34,N/A,N/A,1231.14,N/A,4.7,1.9546,64.995,2.0147,48.077,9.2552,
2006-08-31,1.2851,150.56,1.9558,0.5763,28.214,7.4594,15.6466,0.6741,274.65,3.4528,0.696,0.4293,3.9378,N/A,3.5297,9.2667,239.57,37.65,1.5751,88.92,8.0795,7.3408,34.336,N/A,1.871,1.681,N/A,1.423,10.22,9.9945,11690.55,N/A,N/A,1235.37,N/A,4.7305,1.972,65.283,2.0204,48.241,9.1438,
2006-08-30,1.2818,150.08,1.9558,0.5763,28.249,7.4597,15.6466,0.67405,276.28,3.4528,0.696,0.4293,3.9587,N/A,3.5328,9.252,239.58,37.752,1.5768,88.87,8.0655,7.329,34.283,N/A,1.8855,1.679,N/A,1.419,10.2015,9.9697,11690.02,N/A,N/A,1232.19,N/A,4.717,1.9785,65.308,2.0179,48.17,9.1081,
2006-08-29,1.2808,149.54,1.9558,0.5763,28.209,7.4609,15.6466,0.6745,275.42,3.4528,0.696,0.4293,3.951,N/A,3.5292,9.2493,239.59,37.738,1.5774,89.47,8.0425,7.322,34.275,N/A,1.8887,1.6773,N/A,1.4206,10.198,9.9612,11645.67,N/A,N/A,1230.98,N/A,4.7108,1.9874,65.366,2.0146,48.068,9.1389,
2006-08-28,1.28,149.85,1.9558,0.5762,28.155,7.4605,15.6466,0.6755,276.33,3.4528,0.696,0.4293,3.9348,N/A,3.5224,9.2465,239.6,37.71,1.5802,89.55,8.0345,7.3218,34.261,N/A,1.9054,1.6895,N/A,1.4184,10.2025,9.957,11678.08,N/A,N/A,1233.98,N/A,4.711,2.0098,65.555,2.0172,48.196,9.1789,
2006-08-25,1.2762,149.64,1.9558,0.5761,28.175,7.4608,15.6466,0.6762,277.34,3.4528,0.696,0.4293,3.9259,N/A,3.5253,9.2231,239.58,37.73,1.5809,89.36,8.0655,7.305,34.196,N/A,1.8882,1.6797,N/A,1.4122,10.1794,9.928,11654.9,N/A,N/A,1227.64,N/A,4.6964,2.0083,65.581,2.0149,48.072,9.1118,
2006-08-24,1.2831,149.28,1.9558,0.5761,28.203,7.4607,15.6466,0.6774,279.23,3.4528,0.6959,0.4293,3.9333,N/A,3.5322,9.1906,239.59,37.775,1.5808,89.97,8.0755,7.2915,34.302,N/A,1.8984,1.6794,N/A,1.4235,10.2295,9.9789,11727.53,N/A,N/A,1230.81,N/A,4.7205,2.0117,66.182,2.0224,48.337,9.1502,
2006-08-23,1.2812,149.09,1.9558,0.5761,28.106,7.4615,15.6466,0.6773,275.65,3.4528,0.6959,0.4293,3.9045,N/A,3.5294,9.201,239.59,37.615,1.5799,90.08,8.043,7.2895,34.274,N/A,1.8689,1.6735,N/A,1.4243,10.211,9.9649,11658.28,N/A,N/A,1224.31,N/A,4.7078,2.0027,65.751,2.0164,48.184,9.0795,
2006-08-22,1.2812,149.17,1.9558,0.5759,28.168,7.461,15.6466,0.6784,277.53,3.4528,0.696,0.4293,3.9005,N/A,3.529,9.1973,239.59,37.655,1.5777,89.85,8.0275,7.288,34.273,N/A,1.8649,1.6804,N/A,1.4317,10.2066,9.9632,11621.12,N/A,N/A,1225.28,N/A,4.7097,2.0089,65.738,2.0177,48.192,9.1363,
2006-08-21,1.2919,149.43,1.9558,0.5759,28.137,7.4612,15.6466,0.6808,278.56,3.4528,0.6959,0.4293,3.9026,N/A,3.5258,9.2095,239.58,37.653,1.5785,90.1,8.048,7.288,34.436,N/A,1.8672,1.692,N/A,1.444,10.2908,10.0448,11711.72,N/A,N/A,1235.83,N/A,4.7406,2.0158,66.055,2.0286,48.389,9.0358,
2006-08-18,1.2802,148.33,1.9558,0.5759,28.089,7.4614,15.6466,0.68035,277.01,3.4528,0.696,0.4293,3.8877,N/A,3.5267,9.2085,239.6,37.533,1.5818,88.9,8.072,7.285,34.249,N/A,1.846,1.6879,N/A,1.4372,10.209,9.9524,11605.65,N/A,N/A,1227.2,N/A,4.699,2.0005,65.444,2.0145,48.084,8.8225,
2006-08-17,1.2879,148.56,1.9558,0.5759,28.024,7.4616,15.6466,0.6791,274.05,3.4528,0.6959,0.4293,3.8718,N/A,3.5204,9.194,239.63,37.415,1.5779,88.64,8.078,7.2845,34.405,N/A,1.8546,1.6808,N/A,1.4384,10.2628,10.014,11710.23,N/A,N/A,1237.54,N/A,4.7285,2.0072,65.799,2.0242,48.444,8.7175,
2006-08-16,1.2793,148.7,1.9558,0.5759,28.085,7.4607,15.6466,0.6762,276.1,3.4528,0.6959,0.4293,3.8838,N/A,3.5254,9.2107,239.62,37.535,1.5787,89.42,8.016,7.283,34.253,N/A,1.8555,1.6733,N/A,1.4342,10.2197,9.9505,11632.04,N/A,N/A,1234.72,N/A,4.7104,2.0065,65.5,2.0202,47.878,8.7826,
2006-08-15,1.2725,148.36,1.9558,0.5759,28.093,7.4608,15.6466,0.67365,275.28,3.4528,0.696,0.4293,3.8853,N/A,3.5288,9.216,239.62,37.54,1.5817,90.41,8.029,7.2758,34.147,N/A,1.868,1.6703,N/A,1.4393,10.1819,9.8993,11574.02,N/A,N/A,1228.85,N/A,4.6852,2.015,65.489,2.0119,47.685,8.7608,
2006-08-14,1.2718,148.34,1.9558,0.5759,28.118,7.4608,15.6466,0.67435,273.89,3.4528,0.6959,0.4293,3.8773,N/A,3.5354,9.2005,239.62,37.566,1.5807,90.44,7.998,7.277,34.135,N/A,1.8645,1.6692,N/A,1.4338,10.1477,9.8935,11560.66,N/A,N/A,1228.24,N/A,4.6786,2.0143,65.243,2.0111,47.567,8.7252,
2006-08-11,1.2775,148.21,1.9558,0.5759,28,7.4607,15.6466,0.6738,270.26,3.4528,0.696,0.4293,3.8673,N/A,3.5155,9.1948,239.64,37.395,1.5798,90.41,7.9565,7.275,34.215,N/A,1.8501,1.6638,N/A,1.4353,10.1893,9.9352,11592.04,N/A,N/A,1228.64,N/A,4.6955,2.0171,65.408,2.014,47.793,8.6656,
2006-08-10,1.2857,147.62,1.9558,0.576,28.055,7.4606,15.6466,0.6752,270.36,3.4528,0.6961,0.4293,3.8737,N/A,3.5149,9.189,239.65,37.417,1.5768,90.69,7.95,7.2845,34.33,N/A,1.865,1.6706,N/A,1.4391,10.2483,9.9979,11633.01,N/A,N/A,1231.51,N/A,4.7086,2.0269,65.892,2.0177,48.147,8.693,
2006-08-09,1.2879,148.17,1.9558,0.576,28.093,7.4606,15.6466,0.6753,269.58,3.4528,0.696,0.4293,3.8679,N/A,3.5138,9.1655,239.67,37.355,1.5754,90.91,7.945,7.2802,34.369,N/A,1.872,1.6846,N/A,1.442,10.2738,10.0163,11707.01,N/A,N/A,1235.68,N/A,4.7182,2.0449,66.134,2.0252,48.393,8.6907,
2006-08-08,1.2839,147.7,1.9558,0.576,28.245,7.4614,15.6466,0.6738,270.66,3.4528,0.696,0.4293,3.8723,N/A,3.5225,9.183,239.67,37.57,1.5738,91.19,7.9095,7.2928,34.308,N/A,1.8826,1.6894,N/A,1.4369,10.2368,9.9839,11670.65,N/A,N/A,1237.23,N/A,4.7087,2.0561,65.928,2.0191,48.386,8.7225,
2006-08-07,1.285,147.87,1.9558,0.5756,28.273,7.4613,15.6466,0.674,270.3,3.4528,0.696,0.4293,3.8717,N/A,3.5144,9.185,239.67,37.68,1.572,90.4,7.8785,7.278,34.323,N/A,1.8839,1.6863,N/A,1.447,10.24,9.9916,11654.95,N/A,N/A,1236.94,N/A,4.7057,2.0623,66.068,2.0231,48.496,8.7467,
2006-08-04,1.2792,147.66,1.9558,0.5753,28.358,7.4615,15.6466,0.6759,273.22,3.4528,0.6959,0.4293,3.9105,N/A,3.5284,9.2287,239.66,37.97,1.5779,90.29,7.8835,7.2828,34.248,N/A,1.9061,1.6817,N/A,1.4492,10.206,9.9444,11620.89,N/A,N/A,1234.11,N/A,4.7017,2.0666,65.904,2.0162,48.418,8.8094,
2006-08-03,1.2781,146.84,1.9558,0.575,28.435,7.4611,15.6466,0.67805,273.25,3.4528,0.696,0.4293,3.9232,N/A,3.5338,9.2035,239.65,37.96,1.5746,90.25,7.8705,7.265,34.238,N/A,1.9145,1.6772,N/A,1.438,10.1951,9.9355,11640.3,N/A,N/A,1234.33,N/A,4.706,2.0559,66.02,2.0177,48.401,8.8138,
2006-08-02,1.2798,146.88,1.9558,0.575,28.493,7.4611,15.6466,0.68215,273.28,3.4528,0.6961,0.4293,3.9335,N/A,3.5386,9.1991,239.65,38.09,1.5729,91.28,7.8745,7.2595,34.262,N/A,1.928,1.6711,N/A,1.4441,10.2017,9.9487,11658.98,N/A,N/A,1231.49,N/A,4.7039,2.0698,66.063,2.025,48.555,8.8635,
2006-08-01,1.2759,146.42,1.9558,0.575,28.48,7.462,15.6466,0.6837,273.21,3.4528,0.696,0.4293,3.9301,N/A,3.5481,9.2103,239.67,38.09,1.5718,92.51,7.8745,7.255,34.219,N/A,1.915,1.6754,N/A,1.4457,10.1728,9.9174,11610.69,N/A,N/A,1219.7,N/A,4.6845,2.068,65.671,2.0165,48.327,8.88,
2006-07-31,1.2767,145.82,1.9558,0.575,28.528,7.4618,15.6466,0.6843,272.23,3.4528,0.696,0.4293,3.9365,N/A,3.5447,9.233,239.66,38.11,1.5713,92.92,7.8615,7.252,34.224,N/A,1.901,1.6672,N/A,1.4346,10.1753,9.9216,11611.59,N/A,N/A,1219.89,N/A,4.6689,2.0708,65.725,2.0138,48.315,8.7961,
2006-07-28,1.2664,146.57,1.9558,0.575,28.465,7.4619,15.6466,0.6825,271.65,3.4528,0.696,0.4293,3.9327,N/A,3.552,9.24,239.65,38.075,1.5725,92.69,7.8825,7.25,34.063,N/A,1.9045,1.6652,N/A,1.4387,10.094,9.8452,11517.91,N/A,N/A,1207.92,N/A,4.6433,2.0571,65.27,2.0073,48.064,8.7829,
2006-07-27,1.2737,147.25,1.9558,0.575,28.403,7.4614,15.6466,0.6842,271.64,3.4528,0.696,0.4293,3.9254,N/A,3.552,9.2495,239.67,38.005,1.5743,91.81,7.9065,7.2595,34.178,N/A,1.92,1.6671,N/A,1.442,10.1651,9.9008,11552.46,N/A,N/A,1212.94,N/A,4.6783,2.0495,65.596,2.0106,48.156,8.7854,
2006-07-26,1.2587,147.1,1.9558,0.575,28.373,7.461,15.6466,0.68415,272.81,3.4528,0.6961,0.4293,3.9246,N/A,3.5455,9.2452,239.65,38.122,1.5756,91.54,7.934,7.265,33.945,N/A,1.9138,1.6599,N/A,1.4323,10.0541,9.7899,11454.17,N/A,N/A,1201.49,N/A,4.632,2.0171,65.138,1.9923,47.793,8.8301,
2006-07-25,1.2636,147.52,1.9558,0.575,28.36,7.4612,15.6466,0.6833,272.4,3.4528,0.6959,0.4293,3.9106,N/A,3.5445,9.2655,239.65,38.07,1.5737,92.46,7.94,7.2665,34.02,N/A,1.935,1.6727,N/A,1.4406,10.0924,9.8276,11524.03,N/A,N/A,1203.58,N/A,4.6595,2.017,65.549,2.0012,47.99,8.8227,
2006-07-24,1.2633,147.32,1.9558,0.575,28.435,7.4604,15.6466,0.6816,276.06,3.4528,0.696,0.4293,3.9433,N/A,3.564,9.2595,239.65,38.385,1.5746,93.48,7.954,7.254,34.0175,N/A,1.96,1.6773,N/A,1.4405,10.0868,9.8256,11603.41,N/A,N/A,1202.41,N/A,4.6673,2.0321,65.875,2.0025,48.03,8.9041,
2006-07-21,1.268,146.96,1.9558,0.575,28.413,7.46,15.6466,0.6829,276.08,3.4528,0.696,0.4293,3.9595,N/A,3.5774,9.2441,239.64,38.348,1.5708,93.18,7.933,7.2451,34.093,N/A,1.9723,1.6833,N/A,1.4347,10.1309,9.8593,11597.13,N/A,N/A,1204.54,N/A,4.665,2.0316,66.063,2.0048,48.116,8.9137,
2006-07-20,1.2643,147.68,1.9558,0.575,28.348,7.4601,15.6466,0.683,275,3.4528,0.696,0.4293,3.9463,N/A,3.5628,9.2305,239.64,38.183,1.5707,92.75,7.932,7.2418,34.035,N/A,1.9635,1.6829,N/A,1.4334,10.104,9.8312,11587.31,N/A,N/A,1203.55,N/A,4.6533,2.0303,66.129,2.0042,48.09,8.8855,
2006-07-19,1.2482,146.91,1.9558,0.575,28.461,7.461,15.6466,0.68365,277.87,3.4528,0.696,0.4293,4.0216,N/A,3.5904,9.2585,239.64,38.594,1.5692,93.52,7.969,7.242,33.785,N/A,1.9685,1.6766,N/A,1.4214,9.9886,9.7059,11552.09,N/A,N/A,1195.65,N/A,4.6121,2.0069,65.824,1.9911,47.708,8.9778,
2006-07-18,1.2531,146.61,1.9558,0.575,28.445,7.4598,15.6466,0.6849,278.45,3.4528,0.696,0.4293,4.0263,N/A,3.5857,9.2527,239.63,38.562,1.5641,94.9,7.9295,7.2452,33.859,N/A,1.9833,1.6684,N/A,1.4213,10.0268,9.7418,11578.64,N/A,N/A,1201.28,N/A,4.6152,1.9956,65.995,1.9947,47.777,9.0163,
2006-07-17,1.2541,146.66,1.9558,0.575,28.445,7.4587,15.6466,0.6884,280.46,3.4528,0.6961,0.4293,4.0401,N/A,3.5991,9.2365,239.63,38.58,1.5628,94.69,7.905,7.2518,33.872,N/A,1.994,1.6753,N/A,1.4186,10.029,9.7512,11655.61,N/A,N/A,1196.22,N/A,4.627,2.0198,66.154,2.0016,47.955,9.0724,
2006-07-14,1.2666,146.83,1.9558,0.575,28.495,7.4593,15.6466,0.6875,282.45,3.4528,0.696,0.4293,4.0413,N/A,3.5933,9.2043,239.64,38.71,1.5607,94.94,7.9155,7.2478,34.147,N/A,2.005,1.6806,N/A,1.4289,10.1272,9.8493,11621.06,N/A,N/A,1208.15,N/A,4.6497,2.0437,66.307,2.0073,48.099,9.1297,
2006-07-13,1.2692,146.33,1.9558,0.575,28.52,7.4597,15.6466,0.6897,279.93,3.4528,0.696,0.4293,4.0415,N/A,3.5878,9.1818,239.64,38.633,1.562,94.52,7.928,7.2518,34.188,N/A,2.0155,1.6827,N/A,1.4378,10.147,9.8698,11556.07,N/A,N/A,1204.85,N/A,4.6453,2.0546,66.398,2.0091,48.151,9.1607,
2006-07-12,1.2722,146.56,1.9558,0.575,28.49,7.4594,15.6466,0.6915,277.5,3.4528,0.6961,0.4293,4.0458,N/A,3.5743,9.1625,239.64,38.715,1.5658,94.55,7.9475,7.253,34.228,N/A,1.9854,1.688,N/A,1.4452,10.1669,9.8933,11589.74,N/A,N/A,1207,N/A,4.6499,2.0633,66.371,2.0151,48.208,9.0749,
2006-07-11,1.2736,145.69,1.9558,0.575,28.428,7.4594,15.6466,0.69225,276.52,3.4528,0.6959,0.4293,4.0243,N/A,3.564,9.1891,239.64,38.41,1.5665,94.78,7.9905,7.2525,34.258,N/A,1.9675,1.6945,N/A,1.4357,10.1792,9.9002,11519.71,N/A,N/A,1205.78,N/A,4.6512,2.0724,66.552,2.0111,48.182,9.0751,
2006-07-10,1.2752,145.17,1.9558,0.575,28.448,7.4592,15.6466,0.69205,281,3.4528,0.696,0.4293,4.0525,N/A,3.588,9.1716,239.65,38.435,1.5672,96.39,7.986,7.2498,34.289,N/A,1.9902,1.7039,N/A,1.4335,10.1899,9.9092,11540.56,N/A,N/A,1201.24,N/A,4.6449,2.0824,66.483,2.007,48.273,9.1148,
2006-07-07,1.2778,146.59,1.9558,0.575,28.473,7.4591,15.6466,0.69445,281.26,3.4528,0.6961,0.4293,4.029,N/A,3.5836,9.1693,239.66,38.4,1.569,96.56,7.953,7.2598,34.34,N/A,1.992,1.7095,N/A,1.4228,10.2142,9.928,11589.65,N/A,N/A,1211.23,N/A,4.6621,2.1043,66.867,2.0167,48.586,9.1385,
2006-07-06,1.2735,147.09,1.9558,0.575,28.499,7.4596,15.6466,0.694,281.53,3.4528,0.696,0.4293,4.0401,N/A,3.5956,9.1818,239.68,38.395,1.5685,96.58,7.939,7.253,34.288,N/A,2.0176,1.7157,N/A,1.4182,10.1829,9.8961,11614.32,N/A,N/A,1209.57,N/A,4.6693,2.1103,67.101,2.0158,48.697,9.1625,
2006-07-05,1.2794,146.74,1.9558,0.575,28.475,7.4602,15.6466,0.6937,279.95,3.4528,0.6961,0.4293,4.025,N/A,3.578,9.1776,239.64,38.388,1.5677,95.98,7.9545,7.2425,34.363,N/A,2.016,1.7172,N/A,1.4152,10.228,9.9425,11668.13,N/A,N/A,1211.34,N/A,4.6711,2.0963,67.591,2.0228,48.798,9.0617,
2006-07-04,1.2791,146.57,1.9558,0.575,28.443,7.4605,15.6466,0.69285,279.96,3.4528,0.696,0.4293,4.0138,N/A,3.5586,9.1883,239.64,38.385,1.5677,96.15,7.97,7.249,34.35,N/A,1.974,1.715,N/A,1.4205,10.2245,9.936,11593.76,N/A,N/A,1206.7,N/A,4.6578,2.0951,67.357,2.0197,48.454,8.9853,
2006-07-03,1.279,146.66,1.9558,0.575,28.46,7.4597,15.6466,0.6933,282.53,3.4528,0.696,0.4293,4.0405,N/A,3.5599,9.2165,239.64,38.42,1.5674,96.56,7.98,7.2371,34.383,N/A,2.0165,1.7214,N/A,1.4212,10.2223,9.9345,11702.85,N/A,N/A,1208.46,N/A,4.6837,2.1067,67.774,2.0265,48.685,9.0837,
2006-06-30,1.2713,145.75,1.9558,0.575,28.493,7.4592,15.6466,0.6921,283.35,3.4528,0.6961,0.4293,4.0546,N/A,3.5703,9.2385,239.63,38.35,1.5672,97.01,7.936,7.2445,34.24,N/A,2.0075,1.7117,N/A,1.4132,10.1648,9.8745,11776.05,N/A,N/A,1206.08,N/A,4.6714,2.0864,67.519,2.0137,48.575,9.1848,
2006-06-29,1.2529,146,1.9558,0.575,28.503,7.4583,15.6466,0.6911,283.2,3.4528,0.696,0.4293,4.0818,N/A,3.5863,9.2373,239.62,38.32,1.5644,96.45,7.8825,7.245,33.948,N/A,2.0115,1.718,N/A,1.4025,10.0233,9.7326,11734.66,N/A,N/A,1203.54,N/A,4.6194,2.1093,67.093,2.0031,48.199,9.1759,
2006-06-28,1.257,146.12,1.9558,0.575,28.433,7.4572,15.6466,0.69035,280.26,3.4528,0.696,0.4293,4.0744,N/A,3.5884,9.2337,239.64,38.243,1.5631,96.16,7.9035,7.263,34.011,N/A,2.0325,1.7228,N/A,1.4138,10.0554,9.7641,11741.01,N/A,N/A,1203.83,N/A,4.6314,2.1122,67.35,2.0079,48.319,9.1097,
2006-06-27,1.2567,146.42,1.9558,0.575,28.462,7.4572,15.6466,0.6907,279.13,3.4528,0.696,0.4293,4.0639,N/A,3.5972,9.2313,239.65,38.149,1.5669,95.45,7.9435,7.2565,33.998,N/A,2.0626,1.717,N/A,1.4112,10.0525,9.7605,11756.43,N/A,N/A,1204.92,N/A,4.6309,2.0847,67.202,2.0072,48.339,9.1437,
2006-06-26,1.2561,146.13,1.9558,0.575,28.528,7.4562,15.6466,0.6901,280.05,3.4528,0.696,0.4293,4.0875,N/A,3.6335,9.2182,239.65,38.223,1.5632,95.05,7.9285,7.2578,34.002,N/A,2.0805,1.7157,N/A,1.4056,10.0536,9.7559,11807.34,N/A,N/A,1205.23,N/A,4.6319,2.0775,67.076,2.007,48.32,9.2681,
2006-06-23,1.2502,145.5,1.9558,0.575,28.498,7.4564,15.6466,0.688,280.84,3.4528,0.696,0.4293,4.1098,N/A,3.6115,9.2213,239.65,38.3,1.5641,95.45,7.918,7.2615,33.913,N/A,2.1335,1.7096,N/A,1.4041,10.0049,9.7118,11755.01,N/A,N/A,1195.25,N/A,4.6039,2.0633,66.586,1.9995,48.118,9.388,
2006-06-22,1.2582,145.48,1.9558,0.575,28.525,7.4558,15.6466,0.68735,279.03,3.4528,0.696,0.4293,4.0975,N/A,3.5923,9.2349,239.66,38.272,1.5636,94.62,7.971,7.268,34.035,N/A,2.1263,1.7112,N/A,1.4023,10.0625,9.7712,11773.61,N/A,N/A,1201.83,N/A,4.6006,2.0578,66.949,2.004,48.355,9.3025,
2006-06-21,1.2632,145.22,1.9558,0.575,28.563,7.4534,15.6466,0.6855,279.26,3.4528,0.6959,0.4293,4.0965,N/A,3.5855,9.2023,239.64,38.53,1.5618,94.21,7.914,7.255,34.113,N/A,2.1075,1.7181,N/A,1.4051,10.1043,9.8112,11826.71,N/A,N/A,1207.37,N/A,4.6322,2.0474,67.202,2.0112,48.488,9.1011,
2006-06-20,1.2546,144.43,1.9558,0.575,28.48,7.455,15.6466,0.6824,276.28,3.4528,0.6961,0.4293,4.068,N/A,3.525,9.2345,239.64,38.21,1.5596,93.92,7.898,7.2675,33.9845,N/A,2.0312,1.7017,N/A,1.4026,10.0413,9.7437,11768.15,N/A,N/A,1200.21,N/A,4.5981,2.0221,66.807,1.9994,48.154,8.8983,
2006-06-19,1.2591,145.43,1.9558,0.575,28.515,7.4547,15.6466,0.68175,275.47,3.4528,0.6961,0.4293,4.064,N/A,3.5248,9.2809,239.64,38.13,1.5573,94.43,7.8555,7.26,34.045,N/A,2.0215,1.706,N/A,1.413,10.0751,9.7783,11810.36,N/A,N/A,1210.31,N/A,4.619,2.0426,67.085,2.0114,48.435,8.7196,
2006-06-16,1.2651,145.41,1.9558,0.575,28.391,7.454,15.6466,0.6829,272.8,3.4528,0.696,0.4293,4.052,N/A,3.5249,9.2689,239.63,37.99,1.5562,94.92,7.8605,7.2588,34.155,N/A,2.0145,1.7054,N/A,1.4101,10.1178,9.8216,11765.43,N/A,N/A,1209.12,N/A,4.6075,2.0312,67.208,2.0101,48.51,8.7169,
2006-06-15,1.261,144.84,1.9558,0.575,28.323,7.4547,15.6466,0.68225,271.5,3.4528,0.696,0.4293,4.0357,N/A,3.5242,9.2765,239.65,38.01,1.5522,95.02,7.8475,7.258,34.089,N/A,2.0055,1.7078,N/A,1.4045,10.0879,9.7873,11831.33,N/A,N/A,1210.06,N/A,4.6052,2.0227,67.003,2.0053,48.431,8.6391,
2006-06-14,1.2563,144.68,1.9558,0.575,28.355,7.4545,15.6466,0.68265,269.15,3.4528,0.6961,0.4293,4.0183,N/A,3.5242,9.2708,239.64,38.125,1.5514,95.29,7.837,7.2588,34.044,N/A,2.0125,1.7004,N/A,1.3993,10.0568,9.7518,11908.47,N/A,N/A,1208.69,N/A,4.6138,2.0125,66.873,2.0035,48.217,8.6076,
2006-06-13,1.2571,144.14,1.9558,0.575,28.333,7.4544,15.6466,0.68335,270.73,3.4528,0.6961,0.4293,4.034,N/A,3.5379,9.2553,239.64,38.1,1.5517,94.19,7.808,7.2582,34.065,N/A,2.026,1.697,N/A,1.3905,10.0668,9.759,11936.16,N/A,N/A,1208.89,N/A,4.6322,2.0254,67.029,2.0066,48.438,8.6083,
2006-06-12,1.2572,143.89,1.9558,0.5758,28.303,7.4553,15.6466,0.6824,267.7,3.4528,0.6961,0.4293,3.988,N/A,3.5277,9.208,239.66,37.945,1.554,93.48,7.788,7.2578,34.045,N/A,1.947,1.6856,N/A,1.3871,10.0778,9.7577,11842.82,N/A,N/A,1202.89,N/A,4.6212,1.9929,66.72,2.0045,48.323,8.4634,
2006-06-09,1.2659,144.25,1.9558,0.575,28.225,7.4564,15.6466,0.68685,264.12,3.4528,0.6961,0.4293,3.9605,N/A,3.5159,9.2243,239.65,37.866,1.5569,93.43,7.8165,7.2565,34.182,N/A,1.9499,1.6902,N/A,1.4067,10.15,9.8247,11899.46,N/A,N/A,1208.3,N/A,4.6421,1.9999,67.257,2.0183,48.532,8.4831,
2006-06-08,1.2735,145.66,1.9558,0.575,28.245,7.4586,15.6466,0.6903,264.43,3.4528,0.696,0.4293,3.962,N/A,3.5235,9.2123,239.65,37.89,1.5617,93.52,7.831,7.26,34.285,N/A,1.98,1.71,N/A,1.424,10.2102,9.8852,12002.74,N/A,N/A,1214.22,N/A,4.6706,2.0302,67.782,2.0324,49.03,8.6717,
2006-06-07,1.2789,144.89,1.9558,0.575,28.195,7.4587,15.6466,0.6878,262.84,3.4528,0.6961,0.4293,3.9542,N/A,3.5145,9.223,239.67,37.725,1.5613,93.77,7.8045,7.257,34.351,N/A,2.001,1.726,N/A,1.4264,10.2527,9.926,11986.49,N/A,N/A,1212.65,N/A,4.6769,2.0444,67.679,2.0269,48.965,8.645,
2006-06-06,1.2847,144.74,1.9558,0.575,28.283,7.4592,15.6466,0.6887,263.45,3.4528,0.696,0.4293,3.9583,N/A,3.518,9.2095,239.66,37.745,1.5608,93.82,7.7655,7.2548,34.443,N/A,2.0075,1.7253,N/A,1.4257,10.2966,9.9689,12005.52,N/A,N/A,1211.41,N/A,4.6814,2.0386,67.877,2.0273,49.071,8.6971,
2006-06-05,1.2958,144.66,1.9558,0.575,28.338,7.4586,15.6466,0.6884,263.94,3.4528,0.696,0.4293,3.9548,N/A,3.5284,9.1893,239.66,37.74,1.5597,92.01,7.7603,7.2528,34.605,N/A,2.046,1.7254,N/A,1.4235,10.3788,10.0536,12025.02,N/A,N/A,1221.94,N/A,4.7096,2.0478,68.328,2.0403,49.42,8.5671,
2006-06-02,1.2815,144.59,1.9558,0.575,28.238,7.4585,15.6466,0.68685,261.86,3.4528,0.696,0.4293,3.9198,N/A,3.5193,9.2315,239.66,37.693,1.5629,91.74,7.7765,7.2575,34.433,N/A,1.9705,1.7151,N/A,1.4148,10.2794,9.9424,11873.1,N/A,N/A,1214.86,N/A,4.6653,2.0479,67.714,2.0236,48.962,8.5399,
2006-06-01,1.2736,144.19,1.9558,0.575,28.254,7.4582,15.6466,0.6847,263.2,3.4528,0.696,0.4293,3.9383,N/A,3.5293,9.2655,239.64,37.8,1.5628,92.34,7.7835,7.256,34.505,N/A,1.9915,1.7081,N/A,1.4099,10.2155,9.8803,11895.42,N/A,N/A,1206.42,N/A,4.6359,2.0205,67.348,2.02,48.711,8.6172,
2006-05-31,1.2868,144.32,1.9558,0.575,28.208,7.4578,15.6466,0.6859,262.09,3.4528,0.696,0.4293,3.9367,N/A,3.54,9.2757,239.65,37.77,1.56,92.33,7.8155,7.265,34.675,N/A,2.0039,1.6953,N/A,1.4107,10.3186,9.9826,11909.33,N/A,N/A,1216.93,N/A,4.6724,2.0141,68.072,2.0284,49.051,8.5459,
2006-05-30,1.2839,144.05,1.9558,0.575,28.203,7.4573,15.6466,0.6847,261.51,3.4528,0.6959,0.4293,3.9323,N/A,3.528,9.2726,239.64,37.69,1.5585,92.61,7.825,7.269,34.652,N/A,1.9885,1.6848,N/A,1.4138,10.3077,9.96,11799.04,N/A,N/A,1214.31,N/A,4.6464,2.0054,67.514,2.0227,48.981,8.432,
2006-05-29,1.2758,143.23,1.9558,0.575,28.203,7.4575,15.6466,0.6855,260.96,3.4528,0.696,0.4293,3.9223,N/A,3.5175,9.2955,239.64,37.735,1.5617,92.58,7.8195,7.2675,34.513,N/A,1.9555,1.6812,N/A,1.4088,10.2424,9.8957,11759.69,N/A,N/A,1208.82,N/A,4.6324,2.0111,67.337,2.0144,48.744,8.2627,
2006-05-26,1.2797,143.5,1.9558,0.575,28.174,7.458,15.6466,0.685,261.16,3.4528,0.6961,0.4293,3.9319,N/A,3.525,9.3065,239.63,37.75,1.5589,92.81,7.823,7.267,34.57,N/A,1.9735,1.6884,N/A,1.4182,10.2652,9.9256,11850.02,N/A,N/A,1209.96,N/A,4.6613,2.0067,67.549,2.0218,48.934,8.4031,
2006-05-25,1.2755,143.08,1.9558,0.575,28.228,7.4578,15.6466,0.68315,262.45,3.4528,0.696,0.4293,3.9523,N/A,3.5408,9.3156,239.63,37.9,1.5558,93.07,7.816,7.267,34.514,N/A,1.977,1.6862,N/A,1.4235,10.2382,9.8926,11957.81,N/A,N/A,1210.64,N/A,4.6522,1.9929,67.57,2.0177,48.907,8.4224,
2006-05-24,1.2851,143.86,1.9558,0.575,28.21,7.4563,15.6466,0.68285,263.33,3.4528,0.696,0.4293,3.9602,N/A,3.5565,9.3189,239.64,37.85,1.5509,93.34,7.8255,7.2668,34.65,N/A,1.987,1.7023,N/A,1.4418,10.3104,9.9667,12054.24,N/A,N/A,1220.33,N/A,4.681,2.05,67.956,2.0392,49.425,8.5392,
2006-05-23,1.2841,143.04,1.9558,0.575,28.223,7.4555,15.6466,0.6821,262.23,3.4528,0.696,0.4293,3.9405,N/A,3.5458,9.3095,239.61,37.765,1.5517,92.92,7.823,7.271,34.65,N/A,1.934,1.6996,N/A,1.4327,10.2954,9.9582,11891.41,N/A,N/A,1211.93,N/A,4.6427,2.0609,67.749,2.0261,49.098,8.3161,
2006-05-22,1.2753,143.55,1.9558,0.575,28.29,7.4558,15.6466,0.6803,264.3,3.4528,0.696,0.4293,3.9625,N/A,3.556,9.3513,239.62,37.75,1.5509,91.74,7.806,7.271,34.523,N/A,1.9385,1.6991,N/A,1.4352,10.2312,9.8889,11892.17,N/A,N/A,1214.6,N/A,4.6287,2.0648,67.113,2.0284,48.966,8.4396,
2006-05-19,1.2767,142.64,1.9558,0.575,28.288,7.4553,15.6466,0.6801,263.65,3.4528,0.6961,0.4293,3.9422,N/A,3.5215,9.3705,239.61,37.673,1.5561,91.15,7.805,7.273,34.527,N/A,1.8878,1.6787,N/A,1.4321,10.2328,9.9014,11758.41,N/A,N/A,1208.08,N/A,4.6191,2.0563,67.205,2.0264,48.753,8.2031,
2006-05-18,1.277,141.94,1.9558,0.575,28.375,7.4528,15.6466,0.67755,265.28,3.4528,0.696,0.4293,3.9705,N/A,3.533,9.3755,239.62,37.723,1.5493,91.44,7.839,7.2695,34.534,N/A,1.916,1.6739,N/A,1.4235,10.239,9.9022,11729.25,N/A,N/A,1209.45,N/A,4.6029,2.0469,67.157,2.0187,48.77,8.2494,
2006-05-17,1.2882,140.88,1.9558,0.5751,28.194,7.4554,15.6466,0.6793,262.69,3.4528,0.696,0.4293,3.8869,N/A,3.5078,9.3777,239.65,37.513,1.5518,89.89,7.821,7.2698,34.693,N/A,1.848,1.671,N/A,1.422,10.3133,9.9883,11503.63,N/A,N/A,1206.98,N/A,4.6072,2.0533,67.07,2.0214,48.835,8.0831,
2006-05-16,1.2817,141.33,1.9558,0.5751,28.312,7.4558,15.6466,0.6811,262.83,3.4528,0.696,0.4293,3.911,N/A,3.5209,9.3985,239.65,37.54,1.5525,91.13,7.836,7.2698,34.628,N/A,1.858,1.6822,N/A,1.4263,10.2728,9.9375,11810.87,N/A,N/A,1211.21,N/A,4.6173,2.0625,67.11,2.0218,48.893,8.1821,
2006-05-15,1.2826,141.32,1.9558,0.5751,28.42,7.4543,15.6466,0.6812,267.98,3.4528,0.696,0.4293,3.9348,N/A,3.5436,9.3865,239.62,37.75,1.5509,91.41,7.7885,7.2665,34.638,N/A,1.8857,1.6791,N/A,1.4305,10.2585,9.9441,11710.14,N/A,N/A,1210.13,N/A,4.6308,2.0618,67.003,2.0285,49.036,8.2308,
2006-05-12,1.2914,141.56,1.9558,0.5751,28.263,7.4554,15.6466,0.6808,265.03,3.4528,0.696,0.4293,3.8768,N/A,3.4844,9.37,239.65,37.573,1.5496,91.23,7.7645,7.268,34.765,N/A,1.813,1.6609,N/A,1.4214,10.3418,10.013,11280.38,N/A,N/A,1204.36,N/A,4.6239,2.0525,66.74,2.0183,48.861,7.9796,
2006-05-11,1.2716,141.41,1.9558,0.5751,28.233,7.4571,15.6466,0.6824,260.79,3.4528,0.6963,0.4293,3.823,N/A,3.4642,9.3379,239.68,37.359,1.5592,89.52,7.761,7.2715,34.452,N/A,1.7305,1.6484,N/A,1.4044,10.1807,9.8593,11101.07,N/A,N/A,1189.71,N/A,4.553,2.0206,65.665,1.9939,48.09,7.7495,
2006-05-10,1.2779,141.27,1.9558,0.5751,28.278,7.4578,15.6466,0.6861,260.57,3.4528,0.6962,0.4293,3.8365,N/A,3.4664,9.3266,239.66,37.483,1.5591,89.94,7.767,7.2745,34.547,N/A,1.7174,1.6483,N/A,1.4047,10.2293,9.9067,11145.84,N/A,N/A,1187.42,N/A,4.5752,2.04,65.774,2.0001,48.068,7.7278,
2006-05-09,1.2697,141.62,1.9558,0.5751,28.29,7.4574,15.6466,0.6835,260.85,3.4528,0.696,0.4293,3.8427,N/A,3.4662,9.321,239.63,37.42,1.5582,89.12,7.7995,7.2795,34.38,N/A,1.7065,1.6515,N/A,1.4114,10.1659,9.8431,11097.18,N/A,N/A,1183.36,N/A,4.5582,2.0292,65.263,1.9925,47.787,7.7222,
2006-05-08,1.2756,141.88,1.9558,0.5752,28.238,7.4573,15.6466,0.6846,259.51,3.4528,0.696,0.4293,3.8315,N/A,3.4609,9.2985,239.63,37.313,1.5581,91.1,7.7865,7.2748,34.545,N/A,1.6865,1.6515,N/A,1.4137,10.2137,9.8874,11142.37,N/A,N/A,1183.5,N/A,4.5832,2.0067,65.451,2.0002,47.822,7.7081,
2006-05-05,1.2688,144.51,1.9558,0.5752,28.292,7.457,15.6466,0.6868,259.8,3.4528,0.696,0.4293,3.8149,N/A,3.4689,9.322,239.62,37.31,1.5615,91.18,7.767,7.275,34.412,N/A,1.6745,1.6482,N/A,1.4063,10.1713,9.8362,11152.75,N/A,N/A,1192.16,N/A,4.5753,1.9807,65.508,2.0001,48.037,7.6782,
2006-05-04,1.2592,143.62,1.9558,0.5752,28.338,7.4571,15.6466,0.684,261.07,3.4528,0.6962,0.4293,3.8191,N/A,3.4661,9.3255,239.59,37.3,1.5616,90.95,7.748,7.2828,34.28,N/A,1.6675,1.6393,N/A,1.4003,10.0944,9.7623,11075.92,N/A,N/A,1183.14,N/A,4.5476,1.9693,64.861,1.9893,47.598,7.6956,
2006-05-03,1.2622,143.38,1.9558,0.5752,28.283,7.4571,15.6466,0.6869,260.78,3.4528,0.6961,0.4293,3.815,N/A,3.4641,9.309,239.58,37.22,1.5623,93.83,7.7615,7.295,34.34,N/A,1.6615,1.6417,N/A,1.3979,10.1184,9.7859,11075.81,N/A,N/A,1179.27,N/A,4.5546,1.9603,64.776,1.9878,47.526,7.6644,
2006-05-02,1.2643,143.48,1.9558,0.5758,28.415,7.457,15.6466,0.68865,263.24,3.4528,0.6959,0.4293,3.8549,N/A,3.4799,9.3173,239.61,37.325,1.5622,93.97,7.775,7.2949,34.361,N/A,1.67,1.661,N/A,1.4005,10.1353,9.8036,11103.71,N/A,N/A,1188.63,N/A,4.5698,1.9813,65.238,1.9954,47.569,7.6544,
2006-04-28,1.2537,143.29,1.9558,0.576,28.42,7.4608,15.6466,0.6942,264.08,3.4528,0.6961,0.4293,3.8747,N/A,3.475,9.297,239.61,37.395,1.5713,93.81,7.757,7.2901,34.194,N/A,1.66,1.6599,N/A,1.4097,10.0503,9.7204,11041.34,N/A,N/A,1182.49,N/A,4.544,1.9818,64.939,1.9853,47.045,7.6811,
2006-04-27,1.2414,142.71,1.9558,0.5761,28.445,7.4602,15.6466,0.6958,265.38,3.4528,0.6961,0.4293,3.8737,N/A,3.475,9.3328,239.58,37.395,1.5814,93.03,7.796,7.2901,34.011,N/A,1.648,1.6546,N/A,1.4043,9.9566,9.6267,10928.04,N/A,N/A,1173,N/A,4.5063,1.9751,64.218,1.9702,46.717,7.6833,
2006-04-26,1.2425,142.87,1.9558,0.5761,28.417,7.4601,15.6466,0.696,265.78,3.4528,0.696,0.4293,3.8873,N/A,3.4747,9.3135,239.58,37.26,1.5776,92.87,7.797,7.299,34.036,N/A,1.6505,1.6623,N/A,1.4058,9.9673,9.6355,10949.53,N/A,N/A,1176.09,N/A,4.5233,1.9734,64.486,1.974,46.863,7.6541,
2006-04-25,1.2425,142.11,1.9558,0.5761,28.395,7.461,15.6466,0.6944,263.45,3.4528,0.6961,0.4293,3.8699,N/A,3.457,9.3326,239.58,37.1,1.5733,92,7.8475,7.2995,34.025,N/A,1.6437,1.6636,N/A,1.413,9.9599,9.6338,10950.15,N/A,N/A,1174.29,N/A,4.5252,1.9728,64.48,1.9722,46.745,7.5066,
2006-04-24,1.2365,142.17,1.9558,0.5761,28.385,7.4608,15.6466,0.6919,262.43,3.4528,0.696,0.4293,3.8587,N/A,3.4651,9.342,239.61,37.12,1.5712,94.84,7.831,7.2995,33.94,N/A,1.6385,1.6562,N/A,1.4064,9.9149,9.5872,10926.95,N/A,N/A,1161.94,N/A,4.5114,1.9478,63.803,1.9612,46.437,7.4419,
2006-04-21,1.2315,144.36,1.9558,0.5761,28.443,7.4615,15.6466,0.69245,265.57,3.4528,0.6961,0.4293,3.8843,N/A,3.4609,9.308,239.6,37.17,1.5755,95.83,7.843,7.295,33.865,N/A,1.634,1.6623,N/A,1.4008,9.8779,9.5502,10941.88,N/A,N/A,1168.08,N/A,4.5058,1.9497,63.656,1.9681,46.6,7.4321,
2006-04-20,1.2346,145.27,1.9558,0.5761,28.46,7.4606,15.6466,0.6924,266.23,3.4528,0.696,0.4293,3.8945,N/A,3.4814,9.2882,239.61,37.235,1.5723,97.51,7.79,7.2975,33.902,N/A,1.6415,1.6594,N/A,1.4039,9.8924,9.5742,10969.42,N/A,N/A,1171.14,N/A,4.5202,1.9535,63.576,1.9722,46.608,7.386,
2006-04-19,1.2346,144.6,1.9558,0.5761,28.525,7.4609,15.6466,0.69135,264.55,3.4528,0.696,0.4293,3.8977,N/A,3.4802,9.322,239.59,37.38,1.5688,95.95,7.8105,7.2995,33.911,N/A,1.643,1.6596,N/A,1.4063,9.8926,9.5736,10994.11,N/A,N/A,1167.38,N/A,4.523,1.9462,63.347,1.9722,46.567,7.3624,
2006-04-18,1.2252,144.53,1.9558,0.5762,28.565,7.4621,15.6466,0.6915,266.67,3.4528,0.696,0.4293,3.9268,N/A,3.4876,9.3068,239.6,37.48,1.5645,93.15,7.854,7.3048,33.778,N/A,1.6464,1.66,N/A,1.4029,9.8188,9.5029,11005.36,N/A,N/A,1168.6,N/A,4.5008,1.9576,63.037,1.9626,46.482,7.4234,
2006-04-13,1.2094,143.48,1.9558,0.5764,28.645,7.4624,15.6466,0.6903,267.73,3.4528,0.6961,0.4293,3.9476,N/A,3.4904,9.326,239.61,37.49,1.5705,92.25,7.8562,7.3075,33.516,N/A,1.635,1.6634,N/A,1.3885,9.7052,9.3822,10869.48,N/A,N/A,1162.96,N/A,4.4397,1.9605,61.982,1.9444,46.127,7.4242,
2006-04-12,1.2125,143.22,1.9558,0.5764,28.572,7.4624,15.6466,0.69165,265.21,3.4528,0.6961,0.4293,3.9254,N/A,3.4896,9.3285,239.61,37.385,1.5727,92.37,7.8263,7.3115,33.576,N/A,1.6275,1.6582,N/A,1.3883,9.7146,9.4062,10921.59,N/A,N/A,1165.21,N/A,4.4535,1.972,62.177,1.9549,46.235,7.4335,
2006-04-11,1.2105,143.73,1.9558,0.5764,28.55,7.4627,15.6466,0.6939,264.96,3.4528,0.696,0.4293,3.934,N/A,3.4912,9.3345,239.58,37.365,1.5776,89.74,7.8225,7.3249,33.542,N/A,1.621,1.656,N/A,1.3864,9.6973,9.3924,10888.45,N/A,N/A,1155.79,N/A,4.4407,1.9855,61.99,1.9554,46.082,7.4358,
2006-04-10,1.2099,143.22,1.9558,0.5762,28.623,7.4619,15.6466,0.6938,267.28,3.4528,0.6961,0.4293,3.974,N/A,3.5006,9.3669,239.63,37.55,1.5756,88.93,7.8575,7.3245,33.538,N/A,1.6275,1.6616,N/A,1.3878,9.684,9.3856,10867.93,N/A,N/A,1155.45,N/A,4.4385,1.9904,61.947,1.9436,46.144,7.4351,
2006-04-07,1.2179,143.57,1.9558,0.576,28.51,7.4633,15.6466,0.69645,267.07,3.4528,0.696,0.4293,3.962,N/A,3.509,9.3415,239.63,37.41,1.5757,88.45,7.876,7.329,33.654,N/A,1.626,1.6653,N/A,1.3975,9.759,9.4469,10948.92,N/A,N/A,1160.66,N/A,4.4673,1.9828,62.253,1.955,46.436,7.3966,
2006-04-06,1.2312,144.81,1.9558,0.576,28.55,7.4631,15.6466,0.70055,268.02,3.4528,0.696,0.4293,3.9716,N/A,3.5162,9.322,239.63,37.48,1.5793,89.53,7.892,7.328,33.858,N/A,1.6489,1.6799,N/A,1.4225,9.8617,9.5529,11086.96,N/A,N/A,1172.1,N/A,4.5148,1.9998,62.902,1.9746,46.976,7.4308,
2006-04-05,1.2262,144.16,1.9558,0.576,28.568,7.4629,15.6466,0.7006,266.23,3.4528,0.696,0.4293,3.9733,N/A,3.5172,9.3584,239.62,37.519,1.5791,88.9,7.8865,7.335,33.795,N/A,1.6378,1.6921,N/A,1.424,9.8238,9.5145,11054.19,N/A,N/A,1173.9,N/A,4.5026,2.0012,62.64,1.9722,46.978,7.4194,
2006-04-04,1.2217,143.69,1.9558,0.576,28.513,7.4628,15.6466,0.69835,264.61,3.4528,0.696,0.4293,3.9483,N/A,3.5182,9.382,239.62,37.515,1.5804,88.04,7.884,7.3285,33.747,N/A,1.632,1.6951,N/A,1.4281,9.7973,9.4804,10983.08,N/A,N/A,1175.89,N/A,4.4946,2.007,62.331,1.9691,47.233,7.395,
2006-04-03,1.2063,142.77,1.9558,0.576,28.429,7.4623,15.6466,0.6977,263.23,3.4528,0.6961,0.4293,3.9143,N/A,3.5158,9.4195,239.59,37.49,1.5802,87.73,7.9165,7.336,33.489,N/A,1.6245,1.6828,N/A,1.4172,9.6757,9.3611,10889.87,N/A,N/A,1171.08,N/A,4.441,1.9628,61.618,1.9499,46.867,7.4387,
2006-03-31,1.2104,142.42,1.9558,0.576,28.595,7.4624,15.6466,0.6964,265.74,3.4528,0.6961,0.4293,3.9425,N/A,3.5198,9.4315,239.56,37.63,1.5801,86.06,7.9675,7.342,33.546,N/A,1.6323,1.6997,N/A,1.4084,9.7038,9.3923,10972.28,N/A,N/A,1176.09,N/A,4.458,1.9774,61.888,1.9582,47.008,7.5066,
2006-03-30,1.2096,141.9,1.9558,0.576,28.615,7.4618,15.6466,0.6946,265.4,3.4528,0.696,0.4293,3.9262,N/A,3.5201,9.4163,239.61,37.67,1.5746,85.14,7.977,7.3308,33.559,N/A,1.6285,1.6962,N/A,1.4108,9.7095,9.387,11049.7,N/A,N/A,1180.69,N/A,4.4643,1.984,61.992,1.9589,46.991,7.5324,
2006-03-29,1.2012,141.58,1.9558,0.576,28.728,7.4617,15.6466,0.69185,267.3,3.4528,0.696,0.4293,3.9595,N/A,3.5259,9.4148,239.6,37.85,1.5742,86.11,7.945,7.322,33.396,N/A,1.6365,1.706,N/A,1.4098,9.6432,9.3218,10990.98,N/A,N/A,1171.35,N/A,4.4396,1.9914,61.598,1.9476,46.789,7.6146,
2006-03-28,1.2084,141.09,1.9558,0.5759,28.733,7.4616,15.6466,0.6907,266.36,3.4528,0.6961,0.4293,3.939,N/A,3.5251,9.3677,239.59,37.74,1.5715,86.56,7.9385,7.325,33.507,N/A,1.64,1.6992,N/A,1.408,9.6928,9.3768,10939.65,N/A,N/A,1180.3,N/A,4.465,1.979,61.81,1.9542,46.952,7.589,
2006-03-27,1.2025,140.15,1.9558,0.5759,28.67,7.4617,15.6466,0.6883,264.18,3.4528,0.696,0.4293,3.9048,N/A,3.5112,9.355,239.59,37.565,1.5733,86.84,7.967,7.328,33.415,N/A,1.616,1.6999,N/A,1.41,9.6495,9.3312,10876.61,N/A,N/A,1173.22,N/A,4.4432,1.9753,61.496,1.946,46.807,7.5168,
2006-03-24,1.1969,141.52,1.9558,0.5757,28.7,7.461,15.6466,0.6908,264.48,3.4528,0.6961,0.4293,3.9075,N/A,3.5107,9.373,239.56,37.583,1.5763,87.8,7.969,7.325,33.336,N/A,1.6149,1.6894,N/A,1.3995,9.6157,9.2875,10915.73,N/A,N/A,1172.42,N/A,4.4243,1.9571,61.281,1.94,46.765,7.5827,
2006-03-23,1.2055,141.12,1.9558,0.5757,28.683,7.4614,15.6466,0.69175,263,3.4528,0.696,0.4293,3.8805,N/A,3.5076,9.3525,239.6,37.438,1.577,86.06,7.967,7.3398,33.476,N/A,1.6107,1.6783,N/A,1.4049,9.6797,9.354,10867.58,N/A,N/A,1175.97,N/A,4.4489,1.9183,61.649,1.949,47.075,7.5537,
2006-03-22,1.2069,141.34,1.9558,0.5756,28.67,7.4617,15.6466,0.6914,266,3.4528,0.6961,0.4293,3.9133,N/A,3.5325,9.3775,239.54,37.66,1.5736,86.51,7.9435,7.3405,33.527,N/A,1.6255,1.6859,N/A,1.4139,9.6921,9.3656,10969.51,N/A,N/A,1175.04,N/A,4.4547,1.9425,61.697,1.9515,47.041,7.6858,
2006-03-21,1.2144,141.61,1.9558,0.5756,28.578,7.4628,15.6466,0.6942,263.81,3.4528,0.696,0.4293,3.8964,N/A,3.5147,9.373,239.57,37.473,1.5738,85.18,7.953,7.353,33.641,N/A,1.626,1.6903,N/A,1.4143,9.7482,9.4234,11069.26,N/A,N/A,1175.96,N/A,4.4884,1.9489,62.08,1.9635,47.131,7.6617,
2006-03-20,1.2174,141.07,1.9558,0.5754,28.59,7.462,15.6466,0.6937,261.58,3.4528,0.696,0.4293,3.8853,N/A,3.5075,9.334,239.54,37.398,1.5717,84.7,7.9535,7.3548,33.676,N/A,1.621,1.6921,N/A,1.4213,9.7696,9.4456,11136.78,N/A,N/A,1177.29,N/A,4.5019,1.9453,62.087,1.9646,47.085,7.6354,
2006-03-17,1.2185,141.47,1.9558,0.5753,28.543,7.4616,15.6466,0.6945,259.15,3.4528,0.6961,0.4293,3.8367,N/A,3.505,9.3396,239.53,37.33,1.5735,83.98,7.9765,7.3575,33.712,N/A,1.6131,1.6669,N/A,1.4072,9.7828,9.4529,11148.67,N/A,N/A,1183.47,N/A,4.5139,1.9215,62.168,1.9696,47.491,7.541,
2006-03-16,1.2069,142.06,1.9558,0.5753,28.738,7.4616,15.6466,0.69085,261.74,3.4528,0.696,0.4293,3.8932,N/A,3.521,9.3637,239.53,37.495,1.5674,83.83,7.9995,7.34,33.545,N/A,1.614,1.6389,N/A,1.399,9.6974,9.3628,11067.27,N/A,N/A,1176.85,N/A,4.471,1.8887,61.697,1.9552,47.176,7.5193,
2006-03-15,1.2026,141.31,1.9558,0.5753,28.745,7.4618,15.6466,0.6892,262.43,3.4528,0.696,0.4293,3.8865,N/A,3.5178,9.3875,239.55,37.508,1.5653,84.25,7.968,7.3275,33.463,N/A,1.6025,1.6277,N/A,1.3885,9.6675,9.331,10997.78,N/A,N/A,1172.41,N/A,4.4556,1.8681,61.381,1.9481,47.102,7.4645,
2006-03-14,1.1948,141.31,1.9558,0.5752,28.795,7.4609,15.6466,0.68855,263.92,3.4528,0.696,0.4293,3.928,N/A,3.5449,9.382,239.56,37.6,1.5671,84.08,7.96,7.3245,33.478,N/A,1.611,1.6301,N/A,1.3864,9.6152,9.2699,10953.93,N/A,N/A,1167.32,N/A,4.4381,1.8784,61.114,1.9414,46.836,7.5047,
2006-03-13,1.1922,141.94,1.9558,0.5752,28.84,7.46,15.6466,0.69015,261.44,3.4528,0.6961,0.4293,3.9306,N/A,3.51,9.3786,239.56,37.63,1.5686,85.82,7.9755,7.3148,33.425,N/A,1.6055,1.6284,N/A,1.3841,9.5976,9.2512,11021.89,N/A,N/A,1169.25,N/A,4.4338,1.8584,61.088,1.9402,46.707,7.4575,
2006-03-10,1.1919,141.11,1.9558,0.575,28.78,7.4601,15.6466,0.6862,258.71,3.4528,0.696,0.4293,3.9053,N/A,3.504,9.3925,239.56,37.605,1.5664,83.97,7.9735,7.325,33.42,N/A,1.6085,1.6217,N/A,1.3867,9.5938,9.2512,11013.16,N/A,N/A,1168.24,N/A,4.4303,1.8524,61.085,1.9386,46.562,7.4711,
2006-03-09,1.192,140.1,1.9558,0.5747,28.7,7.4596,15.6466,0.6858,257.25,3.4528,0.696,0.4293,3.8763,N/A,3.4939,9.4299,239.54,37.527,1.5635,82.67,8.0235,7.3178,33.427,N/A,1.6015,1.6194,N/A,1.3793,9.5932,9.2513,11089.77,N/A,N/A,1170.6,N/A,4.4342,1.8328,61.233,1.9396,46.568,7.4667,
2006-03-08,1.1914,140.35,1.9558,0.5747,28.805,7.4586,15.6466,0.68605,255.8,3.4528,0.696,0.4293,3.8877,N/A,3.4945,9.472,239.54,37.584,1.5598,82.13,8.0075,7.323,33.41,N/A,1.61,1.6227,N/A,1.3733,9.5878,9.2469,11097.89,N/A,N/A,1170.07,N/A,4.4308,1.8358,61,1.9446,46.705,7.5139,
2006-03-07,1.1913,140.34,1.9558,0.5747,28.767,7.4598,15.6466,0.6858,255.34,3.4528,0.6962,0.4293,3.8562,N/A,3.4909,9.4733,239.52,37.439,1.5616,79.53,7.9875,7.3249,33.406,N/A,1.58,1.618,N/A,1.3636,9.581,9.2462,11021.91,N/A,N/A,1163.54,N/A,4.4239,1.8357,60.816,1.945,46.58,7.5189,
2006-03-06,1.2017,141.04,1.9558,0.5747,28.546,7.4622,15.6466,0.6855,254.72,3.4528,0.6961,0.4293,3.8177,N/A,3.4813,9.4543,239.51,37.178,1.5607,79.51,7.979,7.328,33.583,N/A,1.5748,1.6169,N/A,1.3686,9.6595,9.3247,11037.61,N/A,N/A,1171.6,N/A,4.4547,1.8185,61.323,1.9536,46.606,7.4812,
2006-03-03,1.202,139.96,1.9558,0.5747,28.523,7.4618,15.6466,0.685,254.47,3.4528,0.696,0.4293,3.8015,N/A,3.479,9.4603,239.5,37.16,1.5628,79.11,8.012,7.3215,33.578,N/A,1.566,1.6123,N/A,1.3627,9.6617,9.3258,11040.37,N/A,N/A,1167.5,N/A,4.454,1.8028,61.506,1.946,46.658,7.3909,
2006-03-02,1.1921,138.73,1.9558,0.5747,28.33,7.4603,15.6466,0.6831,253.29,3.4528,0.6961,0.4293,3.7746,N/A,3.4782,9.4623,239.5,36.95,1.5646,78.78,8.0095,7.3145,33.419,N/A,1.555,1.5974,N/A,1.3524,9.5838,9.2485,10955.4,N/A,N/A,1155.38,N/A,4.4191,1.79,61.095,1.9285,46.011,7.3189,
2006-03-01,1.1954,138.56,1.9558,0.5747,28.265,7.4604,15.6466,0.6806,253.42,3.4528,0.6962,0.4293,3.7748,N/A,3.4753,9.4475,239.5,36.975,1.5614,77.33,8.029,7.3105,33.494,N/A,1.5708,1.6047,N/A,1.3607,9.6098,9.2739,10976.76,N/A,N/A,1157.8,N/A,4.4343,1.7955,61.396,1.9341,46.587,7.3652,
2006-02-28,1.1875,138.18,1.9558,0.5747,28.32,7.461,15.6466,0.6796,253.23,3.4528,0.6962,0.4293,3.7875,N/A,3.4802,9.449,239.49,37.108,1.5661,77.78,8.024,7.3045,33.368,N/A,1.5585,1.6051,N/A,1.3532,9.5493,9.2133,10904.22,N/A,N/A,1153.06,N/A,4.4116,1.7993,61.192,1.9281,46.526,7.352,
2006-02-27,1.1852,137.77,1.9558,0.5747,28.34,7.4598,15.6466,0.68105,252.5,3.4528,0.6962,0.4293,3.768,N/A,3.4995,9.444,239.51,37.271,1.5637,78.62,8.0265,7.315,33.336,N/A,1.561,1.6072,N/A,1.359,9.5314,9.1957,10945.32,N/A,N/A,1148.28,N/A,4.4009,1.7984,61.583,1.9234,46.517,7.2971,
2006-02-24,1.1896,139.11,1.9558,0.5747,28.36,7.4604,15.6466,0.6803,252.77,3.4528,0.696,0.4293,3.785,N/A,3.5053,9.42,239.49,37.285,1.5602,78.82,8.0465,7.3098,33.532,N/A,1.5724,1.6062,N/A,1.3715,9.5682,9.2302,11054.36,N/A,N/A,1149.63,N/A,4.4188,1.7949,62.038,1.9323,46.852,7.283,
2006-02-23,1.1957,139.88,1.9558,0.5747,28.405,7.461,15.6466,0.68185,253.06,3.4528,0.6962,0.4293,3.7928,N/A,3.5065,9.4103,239.5,37.32,1.5587,79.32,8.046,7.312,33.718,N/A,1.5765,1.612,N/A,1.3718,9.6242,9.2775,11078.16,N/A,N/A,1154.5,N/A,4.442,1.806,61.734,1.9416,47.017,7.2626,
2006-02-22,1.1875,140.91,1.9558,0.5746,28.553,7.462,15.6466,0.6828,253.31,3.4528,0.6961,0.4293,3.813,N/A,3.4975,9.3762,239.49,37.445,1.5593,80.48,8.0575,7.3155,33.521,N/A,1.5805,1.6162,N/A,1.364,9.559,9.2168,11109.06,N/A,N/A,1157.34,N/A,4.4187,1.8055,61.513,1.9389,46.926,7.2828,
2006-02-21,1.1906,141.61,1.9558,0.5746,28.455,7.4625,15.6466,0.6821,251.87,3.4528,0.6961,0.4293,3.7773,N/A,3.4969,9.3887,239.47,37.263,1.5598,77.02,8.0545,7.308,33.583,N/A,1.5683,1.6116,N/A,1.3668,9.5825,9.2413,11027.93,N/A,N/A,1153.16,N/A,4.4278,1.7931,61.697,1.9421,46.916,7.2213,
2006-02-20,1.1932,141.11,1.9558,0.5746,28.41,7.4628,15.6466,0.6848,251.68,3.4528,0.6961,0.4293,3.7665,N/A,3.503,9.3635,239.48,37.298,1.5617,75.42,8.0555,7.3035,33.615,N/A,1.5732,1.6108,N/A,1.3715,9.6032,9.2603,11014.43,N/A,N/A,1154.72,N/A,4.4375,1.7844,61.927,1.9427,46.958,7.1977,
2006-02-17,1.1863,140.77,1.9558,0.5745,28.365,7.4653,15.6466,0.6839,251.7,3.4528,0.696,0.4293,3.7654,N/A,3.5076,9.381,239.46,37.345,1.5621,75.42,8.06,7.2933,33.51,N/A,1.5751,1.6119,N/A,1.3725,9.5489,9.2067,10964.38,N/A,N/A,1154.03,N/A,4.4134,1.7892,61.332,1.9406,46.663,7.191,
2006-02-16,1.1858,140.11,1.9558,0.5745,28.36,7.4663,15.6466,0.68425,250.93,3.4528,0.6961,0.4293,3.7633,N/A,3.52,9.394,239.47,37.37,1.5588,75.66,8.107,7.29,33.515,N/A,1.5783,1.609,N/A,1.3742,9.5451,9.2025,10936.04,N/A,N/A,1155.62,N/A,4.4118,1.7666,61.187,1.9422,46.738,7.2287,
2006-02-15,1.1904,139.96,1.9558,0.5745,28.395,7.4654,15.6466,0.6835,250.93,3.4528,0.696,0.4293,3.774,N/A,3.5291,9.3325,239.49,37.395,1.5577,75.92,8.1375,7.3018,33.588,N/A,1.5938,1.6042,N/A,1.3734,9.5805,9.2393,10971.92,N/A,N/A,1159.57,N/A,4.4301,1.7573,61.365,1.9376,46.865,7.2717,
2006-02-14,1.1898,139.57,1.9558,0.5744,28.475,7.4649,15.6466,0.6858,251.52,3.4528,0.6961,0.4293,3.7916,N/A,3.5303,9.335,239.51,37.553,1.5574,76.04,8.136,7.3098,33.56,N/A,1.578,1.6139,N/A,1.3788,9.5752,9.2338,10978.88,N/A,N/A,1153.99,N/A,4.4278,1.7689,61.215,1.9371,46.793,7.3334,
2006-02-13,1.1888,140.35,1.9558,0.5743,28.418,7.4649,15.6466,0.6837,251.36,3.4528,0.696,0.4293,3.7923,N/A,3.5255,9.3379,239.5,37.545,1.5559,76.02,8.102,7.3125,33.5507,N/A,1.5805,1.6125,N/A,1.3741,9.5665,9.2257,10978.57,N/A,N/A,1161.16,N/A,4.4265,1.7524,61.295,1.9386,46.754,7.3474,
2006-02-10,1.197,140.77,1.9558,0.5743,28.263,7.4649,15.6466,0.6839,250.69,3.4528,0.6961,0.4293,3.7774,N/A,3.5403,9.2623,239.5,37.465,1.5551,75.74,8.0755,7.3295,33.835,N/A,1.5883,1.614,N/A,1.3755,9.6378,9.2875,11048.31,N/A,N/A,1158.46,N/A,4.4576,1.7544,61.586,1.9457,46.904,7.3173,
2006-02-09,1.1972,141.91,1.9558,0.5743,28.359,7.4653,15.6466,0.6881,250.99,3.4528,0.6961,0.4293,3.8105,N/A,3.5502,9.2617,239.47,37.558,1.5563,75.26,8.0155,7.3538,33.841,N/A,1.593,1.6212,N/A,1.3761,9.6444,9.2923,11056.14,N/A,N/A,1164.58,N/A,4.465,1.7702,61.835,1.9504,47.379,7.3577,
2006-02-08,1.1948,141.51,1.9558,0.5742,28.473,7.4667,15.6466,0.6861,251.29,3.4528,0.6961,0.4293,3.8225,N/A,3.582,9.2713,239.49,37.65,1.5529,74.97,8.0165,7.3502,33.794,N/A,1.595,1.6195,N/A,1.3808,9.6235,9.274,11069.82,N/A,N/A,1161.05,N/A,4.4614,1.7669,61.843,1.9518,47.491,7.4712,
2006-02-07,1.1973,141.24,1.9558,0.574,28.43,7.4674,15.6466,0.6859,249.9,3.4528,0.6961,0.4293,3.8168,N/A,3.5868,9.307,239.49,37.58,1.5549,75.09,8.0465,7.34,33.85,N/A,1.5922,1.6123,N/A,1.3734,9.6462,9.2899,11003.19,N/A,N/A,1159.29,N/A,4.4701,1.7546,61.835,1.9485,47.359,7.3158,
2006-02-06,1.1981,142.28,1.9558,0.5739,28.335,7.4667,15.6466,0.6833,250.36,3.4528,0.6961,0.4293,3.8133,N/A,3.5982,9.2972,239.49,37.341,1.5558,75.57,8.047,7.335,33.846,N/A,1.592,1.6051,N/A,1.3706,9.6519,9.2952,11046.48,N/A,N/A,1153.89,N/A,4.4797,1.7527,62.157,1.9488,47.247,7.3324,
2006-02-03,1.2061,143.05,1.9558,0.5739,28.524,7.4646,15.6466,0.6791,251.07,3.4528,0.696,0.4293,3.833,N/A,3.6072,9.278,239.46,37.365,1.5549,75.96,8.0225,7.333,34.003,N/A,1.597,1.6037,N/A,1.3821,9.7221,9.3565,11228.79,N/A,N/A,1170.1,N/A,4.5162,1.7482,62.355,1.9696,47.506,7.3328,
2006-02-02,1.2066,143.04,1.9558,0.5739,28.513,7.4654,15.6466,0.6788,250.78,3.4528,0.696,0.4293,3.8175,N/A,3.6055,9.2835,239.47,37.371,1.5555,76.34,8.0505,7.33,34.008,N/A,1.603,1.6029,N/A,1.3786,9.7262,9.3604,11281.71,N/A,N/A,1173.3,N/A,4.5229,1.7557,62.852,1.9708,47.48,7.3826,
2006-02-01,1.2092,142.22,1.9558,0.5739,28.384,7.4646,15.6466,0.6806,251.45,3.4528,0.696,0.4293,3.8151,N/A,3.6138,9.2352,239.47,37.279,1.5538,76,8.0585,7.3355,34.03,N/A,1.603,1.6042,N/A,1.3782,9.7471,9.3813,11281.84,N/A,N/A,1163.37,N/A,4.5351,1.7624,62.975,1.9656,47.389,7.3797,
2006-01-31,1.2118,142.17,1.9558,0.5739,28.408,7.4639,15.6466,0.6843,252.71,3.4528,0.696,0.4293,3.8377,N/A,3.616,9.2503,239.47,37.37,1.5547,75.73,8.092,7.351,34.088,N/A,1.6057,1.607,N/A,1.387,9.7681,9.3995,11359.41,N/A,N/A,1168.96,N/A,4.5449,1.7698,63.195,1.9672,47.271,7.4105,
2006-01-30,1.2082,141.99,1.9558,0.5739,28.393,7.4639,15.6466,0.68365,251.64,3.4528,0.6961,0.4293,3.8186,N/A,3.6101,9.2265,239.47,37.36,1.5555,75.04,8.1275,7.3545,34.01,N/A,1.605,1.6118,N/A,1.3826,9.7391,9.3726,11341.98,N/A,N/A,1172.92,N/A,4.555,1.7715,63.044,1.9706,47.291,7.439,
2006-01-27,1.2172,142.19,1.9558,0.5739,28.387,7.463,15.6466,0.6846,251.53,3.4528,0.696,0.4293,3.8248,N/A,3.6216,9.2584,239.51,37.36,1.5526,75.29,8.088,7.355,34.148,N/A,1.6134,1.6188,N/A,1.396,9.8116,9.4409,11411.25,N/A,N/A,1181.66,N/A,4.5651,1.7835,63.769,1.979,47.531,7.4526,
2006-01-26,1.2254,141.85,1.9558,0.5739,28.395,7.4632,15.6466,0.6859,249.54,3.4528,0.6961,0.4293,3.8282,N/A,3.621,9.2512,239.47,37.32,1.55,74.86,8.069,7.3645,34.283,N/A,1.623,1.6223,N/A,1.4149,9.8792,9.5043,11469.74,N/A,N/A,1187.41,N/A,4.5897,1.7788,64.223,1.9875,47.664,7.4563,
2006-01-25,1.2294,141.12,1.9558,0.5739,28.408,7.4625,15.6466,0.6867,248.75,3.4528,0.6961,0.4293,3.808,N/A,3.6332,9.2687,239.46,37.215,1.5479,75.13,8.031,7.3615,34.381,N/A,1.626,1.6273,N/A,1.415,9.9127,9.5362,11491.2,N/A,N/A,1190.92,N/A,4.6041,1.7887,64.359,1.9894,47.891,7.4191,
2006-01-24,1.2272,140.45,1.9558,0.5739,28.58,7.4608,15.6466,0.6878,249.98,3.4528,0.696,0.4293,3.8414,N/A,3.6269,9.2698,239.49,37.39,1.5489,75.35,8.046,7.38,34.34,N/A,1.622,1.6363,N/A,1.4123,9.8943,9.5175,11648.58,N/A,N/A,1197.26,N/A,4.5989,1.8094,64.52,1.9897,48.18,7.4308,
2006-01-23,1.2277,140.35,1.9558,0.5739,28.608,7.462,15.6466,0.6878,250,3.4528,0.696,0.4293,3.8415,N/A,3.6339,9.26,239.47,37.476,1.5471,75.06,8.0495,7.3795,34.359,N/A,1.627,1.6287,N/A,1.4133,9.9008,9.5207,11601.77,N/A,N/A,1204.99,N/A,4.602,1.794,64.921,1.9894,48.011,7.326,
2006-01-20,1.2068,139.15,1.9558,0.5738,28.605,7.4624,15.6466,0.68525,250.6,3.4528,0.696,0.4293,3.8381,N/A,3.6442,9.3035,239.47,37.475,1.5512,74.41,8.0845,7.3835,34.151,N/A,1.613,1.6129,N/A,1.403,9.7326,9.3595,11386.16,N/A,N/A,1190.75,N/A,4.5195,1.776,63.9,1.9646,47.248,7.2537,
2006-01-19,1.2073,139.06,1.9558,0.5738,28.726,7.4625,15.6466,0.68785,251.38,3.4528,0.696,0.4293,3.8415,N/A,3.6417,9.3395,239.47,37.57,1.5537,74.8,8.129,7.386,34.152,N/A,1.6154,1.6217,N/A,1.4223,9.7413,9.3615,11345,N/A,N/A,1187.38,N/A,4.525,1.7822,63.685,1.9686,47.543,7.2562,
2006-01-18,1.2125,139.51,1.9558,0.5738,28.862,7.4609,15.6466,0.6864,251.79,3.4528,0.696,0.4293,3.8552,N/A,3.648,9.3297,239.48,37.62,1.5468,74.61,8.124,7.3815,34.282,N/A,1.621,1.6181,N/A,1.4122,9.7854,9.4018,11522.99,N/A,N/A,1202.98,N/A,4.5545,1.762,63.838,1.9749,47.869,7.3553,
2006-01-17,1.2075,139.23,1.9558,0.5737,28.826,7.4608,15.6466,0.68535,250.08,3.4528,0.696,0.4293,3.8333,N/A,3.6467,9.3325,239.48,37.538,1.5489,74.1,8.1065,7.3795,34.217,N/A,1.6129,1.6045,N/A,1.3996,9.7416,9.3631,11435.03,N/A,N/A,1194.28,N/A,4.5275,1.7475,63.478,1.9723,47.984,7.2749,
2006-01-16,1.2112,139.23,1.9558,0.5737,28.796,7.4613,15.6466,0.68545,250.32,3.4528,0.6959,0.4293,3.8093,N/A,3.6352,9.3293,239.51,37.477,1.5497,74.14,8.049,7.3798,34.259,N/A,1.6148,1.6066,N/A,1.4055,9.7711,9.3912,11476.12,N/A,N/A,1189.94,N/A,4.5359,1.734,63.673,1.9792,48.054,7.2575,
2006-01-13,1.2039,138.13,1.9558,0.5737,28.84,7.4592,15.6466,0.6814,250.51,3.4528,0.696,0.4293,3.8138,N/A,3.6308,9.3063,239.49,37.52,1.5491,74.01,8.0475,7.375,34.32,N/A,1.616,1.604,N/A,1.3972,9.7144,9.3316,11282.95,N/A,N/A,1189.03,N/A,4.5022,1.7344,63.072,1.9648,47.643,7.317,
2006-01-12,1.2113,137.5,1.9558,0.5737,28.798,7.4603,15.6466,0.6846,250.19,3.4528,0.696,0.4293,3.7798,N/A,3.6398,9.3322,239.5,37.405,1.5477,73.81,8.078,7.3795,34.468,N/A,1.6211,1.6059,N/A,1.4049,9.7734,9.389,11349.88,N/A,N/A,1179.93,N/A,4.5315,1.7359,63.351,1.9648,47.671,7.3293,
2006-01-11,1.2088,138.31,1.9554,0.5737,28.753,7.4573,15.6466,0.6884,249.88,3.4528,0.6962,0.4293,3.7742,N/A,3.6285,9.3499,239.48,37.38,1.5474,74.03,8.031,7.3851,34.414,N/A,1.621,1.6061,N/A,1.4073,9.7556,9.3702,11441.29,N/A,N/A,1187.04,N/A,4.5294,1.7392,63.583,1.9702,48.1,7.3825,
2006-01-10,1.2064,138.12,1.9559,0.5737,28.8,7.4585,15.6466,0.6833,250.6,3.4528,0.6961,0.4293,3.7868,N/A,3.6485,9.353,239.49,37.465,1.5437,73.92,7.981,7.382,34.38,N/A,1.6307,1.6045,N/A,1.4092,9.7346,9.3512,11406.51,N/A,N/A,1184.75,N/A,4.5224,1.7408,63.523,1.9715,48.025,7.3593,
2006-01-09,1.2078,137.85,1.9559,0.5737,28.827,7.4596,15.6466,0.6834,249.64,3.4528,0.696,0.4293,3.7573,N/A,3.6645,9.338,239.49,37.4,1.5426,73.75,7.935,7.3815,34.68,N/A,1.612,1.6077,N/A,1.4142,9.7427,9.363,11425.79,N/A,N/A,1180.56,N/A,4.5277,1.7433,63.391,1.973,48.06,7.3395,
2006-01-06,1.2093,140.21,1.9561,0.5737,28.93,7.4604,15.6466,0.6888,250.79,3.4528,0.6961,0.4293,3.8108,N/A,3.6843,9.3139,239.49,37.608,1.5452,74.15,7.9295,7.3895,34.72,N/A,1.6181,1.6174,N/A,1.4158,9.756,9.3764,11573,N/A,N/A,1198.17,N/A,4.5392,1.7642,63.518,1.9902,48.451,7.4441,
2006-01-05,1.2088,140.31,1.956,0.5737,28.933,7.461,15.6466,0.6888,250.43,3.4528,0.696,0.4293,3.7986,N/A,3.6831,9.3263,239.51,37.645,1.5463,74.85,7.9325,7.3965,34.685,N/A,1.616,1.6206,N/A,1.3941,9.7524,9.3726,11595.41,N/A,N/A,1193.51,N/A,4.5439,1.7667,63.426,1.9907,48.82,7.4405,
2006-01-04,1.2083,140.19,1.956,0.5736,28.998,7.4618,15.6466,0.68815,251.02,3.4528,0.6961,0.4293,3.8343,N/A,3.6757,9.3521,239.51,37.656,1.5512,74.72,7.9335,7.3845,34.743,N/A,1.6145,1.6243,N/A,1.3934,9.7512,9.3692,11666.14,N/A,N/A,1206.31,N/A,4.5608,1.7575,63.309,1.9868,48.918,7.4712,
2006-01-03,1.1875,139.45,1.9559,0.5736,28.981,7.4621,15.6466,0.68725,251.47,3.4528,0.6961,0.4293,3.8425,N/A,3.6717,9.355,239.5,37.705,1.5535,74.4,7.9615,7.385,34.14,N/A,1.601,1.6145,N/A,1.3809,9.5834,9.2081,11548.44,N/A,N/A,1193.97,N/A,4.4864,1.7427,62.445,1.9642,48.488,7.4792,
2006-01-02,1.1826,139.56,1.9558,0.5735,29.03,7.4601,15.6466,0.6865,252.69,3.4528,0.6962,0.4293,3.8665,N/A,3.6825,9.3977,239.5,37.865,1.5536,74.64,7.9805,7.383,34.005,N/A,1.598,1.6125,N/A,1.3737,9.5438,9.1712,11624.96,N/A,N/A,1197.76,N/A,4.4702,1.734,62.766,1.9653,48.516,7.4891,
2005-12-30,1.1797,138.9,1.9563,0.5735,29,7.4605,15.6466,0.6853,252.87,3.4528,0.6962,0.4293,3.86,N/A,3.6802,9.3885,239.5,37.88,1.5551,74.57,7.985,7.3715,33.92,N/A,1.5924,1.6109,N/A,1.3725,9.5204,9.1474,11596.45,N/A,N/A,1184.42,N/A,4.4584,1.727,62.719,1.9628,48.437,7.4642,
2005-12-29,1.1825,139.43,1.9558,0.5735,29.01,7.4587,15.6466,0.6883,252.51,3.4528,0.6966,0.4293,3.8602,N/A,3.6915,9.4104,239.51,37.87,1.5585,75.34,8.0165,7.375,34.056,N/A,1.5963,1.6197,N/A,1.3796,9.5438,9.1681,11629.89,N/A,N/A,1194.92,N/A,4.4699,1.7348,62.69,1.9685,48.431,7.4997,
2005-12-28,1.1916,139.61,1.9558,0.5735,28.92,7.461,15.6466,0.6863,251.58,3.4528,0.6964,0.4293,3.8443,N/A,3.6982,9.4367,239.5,37.798,1.5581,75.83,8.029,7.3845,34.25,N/A,1.6075,1.632,N/A,1.3948,9.6192,9.2386,11713.43,N/A,N/A,1206.85,N/A,4.5042,1.7495,63.232,1.9859,48.818,7.5556,
2005-12-27,1.1852,138.61,1.9555,0.5735,28.915,7.4605,15.6466,0.68295,251.36,3.4528,0.6962,0.4293,3.8258,N/A,3.6616,9.4753,239.51,37.705,1.5573,75.45,8.018,7.386,34.15,N/A,1.6014,1.6261,N/A,1.3832,9.5693,9.189,11644.59,N/A,N/A,1199.96,N/A,4.4796,1.7555,63.035,1.9752,48.522,7.5219,
2005-12-23,1.1859,138.34,1.9555,0.5735,28.927,7.4588,15.6466,0.6834,251.5,3.4528,0.6964,0.4293,3.842,N/A,3.6607,9.46,239.5,37.73,1.5566,75.58,8.029,7.3825,34.14,N/A,1.601,1.627,N/A,1.3842,9.5776,9.1945,11692.97,N/A,N/A,1202.03,N/A,4.4821,1.765,63.131,1.9758,48.527,7.5289,
2005-12-22,1.1822,138.84,1.9556,0.5735,28.857,7.4589,15.6466,0.681,250.85,3.4528,0.6965,0.4293,3.8365,N/A,3.6599,9.4327,239.5,37.76,1.5551,75.72,8.0325,7.3825,34.095,N/A,1.6026,1.6171,N/A,1.3799,9.5492,9.1652,11626.94,N/A,N/A,1202.95,N/A,4.4672,1.7521,63.088,1.9765,48.413,7.5487,
2005-12-21,1.1872,139.18,1.9558,0.5735,28.954,7.4575,15.6466,0.67895,251.19,3.4528,0.6965,0.4293,3.8283,N/A,3.6619,9.43,239.51,37.851,1.5529,75.42,8.0495,7.4045,34.1854,N/A,1.6043,1.6184,N/A,1.3918,9.5884,9.2037,11664.24,N/A,N/A,1209.04,N/A,4.4871,1.7444,63.343,1.9788,48.632,7.58,
2005-12-20,1.1955,139.36,1.956,0.5735,28.945,7.4572,15.6466,0.6782,251.25,3.4528,0.6965,0.4293,3.8359,N/A,3.6566,9.3887,239.52,37.905,1.5521,75.61,8.033,7.4078,34.311,N/A,1.6151,1.6181,N/A,1.402,9.6525,9.2681,11781.65,N/A,N/A,1215.35,N/A,4.5184,1.7383,64.001,1.9885,48.896,7.5758,
2005-12-19,1.1977,139.24,1.9555,0.5735,28.932,7.455,15.6466,0.6796,252.65,3.4528,0.6965,0.4293,3.8558,N/A,3.6595,9.4295,239.49,38.008,1.5505,75.49,8.011,7.4075,34.346,N/A,1.616,1.611,N/A,1.3932,9.669,9.285,11803.33,N/A,N/A,1218.9,N/A,4.5268,1.733,63.975,1.9934,49.016,7.6557,
2005-12-16,1.1983,139.28,1.9559,0.5735,29.025,7.4521,15.6466,0.67745,253.13,3.4528,0.6966,0.4293,3.872,N/A,3.6569,9.479,239.5,37.975,1.546,74.67,7.9685,7.39,34.357,N/A,1.6185,1.6122,N/A,1.386,9.6745,9.29,11839.2,N/A,N/A,1217.59,N/A,4.5279,1.7376,64.019,2.0001,49.086,7.7176,
2005-12-15,1.1999,139.28,1.9558,0.5735,28.952,7.4517,15.6466,0.6767,252.67,3.4528,0.6964,0.4293,3.8445,N/A,3.6442,9.418,239.49,37.918,1.542,74.81,7.9595,7.385,34.4,N/A,1.618,1.6026,N/A,1.3888,9.688,9.3024,11801.02,N/A,N/A,1214.9,N/A,4.532,1.7279,63.853,2.0003,49.072,7.6685,
2005-12-14,1.202,142.23,1.9557,0.5735,28.986,7.4502,15.6466,0.6783,252.23,3.4528,0.6968,0.4293,3.8409,N/A,3.6524,9.44,239.52,37.805,1.5421,74.82,7.951,7.3975,34.453,N/A,1.615,1.5892,N/A,1.3776,9.7057,9.3196,11779.6,N/A,N/A,1221.83,N/A,4.5424,1.6943,64.181,2.0095,49.332,7.5729,
2005-12-13,1.1925,143.47,1.9557,0.5735,29.007,7.4497,15.6466,0.67425,252.82,3.4528,0.697,0.4293,3.8299,N/A,3.6426,9.4415,239.5,37.856,1.5433,75.23,7.952,7.405,34.295,N/A,1.608,1.5822,N/A,1.3739,9.6296,9.2461,11665.63,N/A,N/A,1223.51,N/A,4.5017,1.6864,63.984,1.9967,49.071,7.5643,
2005-12-12,1.1925,143.46,1.9558,0.5733,29.09,7.4487,15.6466,0.6743,254.45,3.4528,0.697,0.4293,3.8387,N/A,3.6438,9.4405,239.51,38.02,1.5413,75.32,7.9775,7.3933,34.287,N/A,1.6118,1.5831,N/A,1.3747,9.6318,9.2469,11631.65,N/A,N/A,1232.03,N/A,4.5029,1.6836,63.936,2.0053,49.177,7.5615,
2005-12-09,1.1785,142.01,1.9556,0.5733,29.038,7.4495,15.6466,0.6732,256.07,3.4528,0.6978,0.4293,3.8569,N/A,3.6344,9.4224,239.51,38.026,1.5398,75.49,7.927,7.399,34.064,N/A,1.5988,1.5709,N/A,1.3665,9.5182,9.1384,11407.88,N/A,N/A,1218.39,N/A,4.4392,1.677,62.985,1.9836,48.674,7.5029,
2005-12-08,1.1764,141.82,1.9561,0.5733,29.098,7.4491,15.6466,0.67495,255.65,3.4528,0.698,0.4293,3.8593,N/A,3.648,9.4217,239.5,38.02,1.5387,76.08,7.925,7.3933,34.103,N/A,1.5996,1.5762,N/A,1.3677,9.503,9.122,11499.31,N/A,N/A,1217.1,N/A,4.4407,1.6833,63.108,1.9833,48.548,7.4911,
2005-12-07,1.171,141.68,1.9556,0.5733,28.986,7.4493,15.6466,0.6769,253.45,3.4528,0.6971,0.4293,3.8384,N/A,3.6536,9.3949,239.51,37.82,1.5401,76.04,7.926,7.375,33.938,N/A,1.5898,1.5686,N/A,1.3626,9.4583,9.0806,11516.79,N/A,N/A,1211.52,N/A,4.4264,1.6585,63.222,1.9757,48.384,7.3918,
2005-12-06,1.1783,142.64,1.9561,0.5734,28.941,7.4504,15.6466,0.67905,252.79,3.4528,0.6971,0.4293,3.8313,N/A,3.656,9.3862,239.54,37.795,1.541,76.26,7.875,7.3925,34.067,N/A,1.5961,1.5644,N/A,1.3607,9.5183,9.1366,11694.63,N/A,N/A,1218.72,N/A,4.4547,1.6417,63.534,1.9876,48.744,7.4248,
2005-12-05,1.1767,142.19,1.9559,0.5735,28.954,7.4521,15.6466,0.6773,251.78,3.4528,0.6967,0.4293,3.8635,N/A,3.6515,9.4243,239.52,37.825,1.5442,75.62,7.894,7.371,34.061,N/A,1.5974,1.5698,N/A,1.3599,9.5087,9.1242,11719.93,N/A,N/A,1218.47,N/A,4.4491,1.6406,63.495,1.9846,48.682,7.4903,
2005-12-02,1.1697,141.36,1.9552,0.5735,28.924,7.4524,15.6466,0.67745,252.3,3.4528,0.6965,0.4293,3.8788,N/A,3.6624,9.426,239.51,37.852,1.5437,74.73,7.917,7.3665,33.907,N/A,1.5916,1.572,N/A,1.3612,9.4519,9.0713,11691.15,N/A,N/A,1214.62,N/A,4.4211,1.6537,63.269,1.9787,48.451,7.4981,
2005-12-01,1.1745,141.18,1.9556,0.5735,28.958,7.4536,15.6466,0.6798,253.24,3.4528,0.6965,0.4293,3.91,N/A,3.6603,9.5163,239.48,37.894,1.5467,74.4,7.972,7.3815,33.844,N/A,1.5986,1.5852,N/A,1.3723,9.4897,9.1083,11783.17,N/A,N/A,1215.2,N/A,4.439,1.6666,63.728,1.9846,48.442,7.6076,
2005-11-30,1.1769,140.8,1.9558,0.5735,28.933,7.4537,15.6466,0.68215,252.67,3.4528,0.6963,0.4293,3.9085,N/A,3.6598,9.5272,239.5,37.893,1.5485,74.39,7.9715,7.383,33.918,N/A,1.5986,1.5925,N/A,1.3741,9.5098,9.1263,11810.19,N/A,N/A,1216.33,N/A,4.4457,1.6737,63.682,1.9925,48.522,7.6332,
2005-11-29,1.1793,140.57,1.9555,0.5735,28.99,7.4551,15.6466,0.6843,251.46,3.4528,0.6961,0.4293,3.9038,N/A,3.6476,9.502,239.5,37.868,1.5476,74.77,7.949,7.399,33.901,N/A,1.6004,1.5933,N/A,1.3787,9.5283,9.1441,11840.17,N/A,N/A,1222.23,N/A,4.4576,1.679,63.614,1.9936,48.589,7.6361,
2005-11-28,1.1726,140.39,1.956,0.5735,28.963,7.457,15.6466,0.6855,251.03,3.4528,0.6962,0.4293,3.887,N/A,3.6547,9.4585,239.51,37.751,1.5471,74.45,7.87,7.4018,33.805,N/A,1.596,1.5949,N/A,1.3716,9.4775,9.0928,11790.49,N/A,N/A,1217.86,N/A,4.4324,1.6797,63.66,1.989,48.387,7.6427,
2005-11-25,1.1763,140.44,1.956,0.5735,29.084,7.46,15.6466,0.6834,251.57,3.4528,0.6961,0.4293,3.9156,N/A,3.6653,9.4647,239.53,38.455,1.5473,74.21,7.877,7.3985,33.862,N/A,1.5956,1.5975,N/A,1.3762,9.5063,9.1216,11823.58,N/A,N/A,1226.59,N/A,4.4458,1.69,63.567,1.9909,48.462,7.6942,
2005-11-24,1.1783,140.03,1.9556,0.5736,29.159,7.4616,15.6466,0.68345,251.76,3.4528,0.6961,0.4293,3.9253,N/A,3.6618,9.511,239.51,38.495,1.5501,74.37,7.873,7.384,33.888,N/A,1.6014,1.5939,N/A,1.3796,9.5213,9.1361,11847.81,N/A,N/A,1222.84,N/A,4.454,1.6945,63.973,1.9924,48.544,7.6999,
2005-11-23,1.1776,139.78,1.9551,0.5736,29.24,7.461,15.6466,0.6846,252.55,3.4528,0.6961,0.4293,3.9428,N/A,3.6649,9.5162,239.54,38.58,1.5491,74.23,7.863,7.402,33.887,N/A,1.6049,1.5988,N/A,1.3817,9.5169,9.1301,11840.77,N/A,N/A,1221.05,N/A,4.4513,1.7035,63.967,1.9954,48.488,7.7651,
2005-11-22,1.1701,139.72,1.9555,0.5736,29.27,7.4605,15.6466,0.68465,254.18,3.4528,0.696,0.4293,3.9772,N/A,3.6642,9.5426,239.52,38.7,1.5471,73.82,7.8505,7.403,33.751,N/A,1.603,1.5965,N/A,1.385,9.459,9.0726,11771.21,N/A,N/A,1221.99,N/A,4.4229,1.7052,63.63,1.9907,48.241,7.7656,
2005-11-21,1.1811,140.41,1.9558,0.5736,29.25,7.4594,15.6466,0.68675,253.85,3.4528,0.696,0.4293,3.9787,N/A,3.6551,9.5722,239.51,38.7,1.5488,73.17,7.8935,7.4049,33.945,N/A,1.6119,1.6022,N/A,1.4062,9.5472,9.158,11852.34,N/A,N/A,1226.51,N/A,4.4643,1.7128,64.642,2.0051,48.64,7.8363,
2005-11-18,1.1679,139.27,1.9559,0.5734,29.347,7.4563,15.6466,0.6815,252.63,3.4528,0.6961,0.4293,3.9734,N/A,3.6452,9.5675,239.52,38.684,1.5468,72.48,7.882,7.361,33.718,N/A,1.6033,1.5966,N/A,1.3892,9.4404,9.0554,11789.95,N/A,N/A,1210.29,N/A,4.4145,1.7028,63.721,1.9872,48.129,7.8526,
2005-11-17,1.1692,138.82,1.9557,0.5734,29.344,7.456,15.6466,0.6795,252.23,3.4528,0.696,0.4293,3.9755,N/A,3.6357,9.6133,239.51,38.684,1.5467,72.4,7.8545,7.357,33.738,N/A,1.589,1.5944,N/A,1.3892,9.4524,9.0655,11750.46,N/A,N/A,1210.71,N/A,4.4195,1.7028,63.581,1.9882,48.146,7.848,
2005-11-16,1.1677,139.4,1.9559,0.5734,29.283,7.4571,15.6466,0.6769,250.63,3.4528,0.6964,0.4293,3.9845,N/A,3.6387,9.6126,239.5,38.73,1.5469,72.48,7.8135,7.355,33.713,N/A,1.5868,1.6026,N/A,1.3961,9.4391,9.0565,11688.68,N/A,N/A,1211.37,N/A,4.4139,1.7087,63.721,1.9895,48.094,7.9063,
2005-11-15,1.1667,139.11,1.9555,0.5734,29.285,7.4572,15.6466,0.6732,250.26,3.4528,0.6964,0.4293,3.994,N/A,3.6379,9.6325,239.5,38.845,1.5413,72.8,7.793,7.3575,33.706,N/A,1.5901,1.602,N/A,1.3961,9.4322,9.0495,11678.67,N/A,N/A,1207.07,N/A,4.4101,1.7106,63.789,1.9889,48.07,7.9271,
2005-11-14,1.1713,139.06,1.9558,0.5734,29.254,7.4567,15.6466,0.67285,250.11,3.4528,0.6966,0.4293,3.9981,N/A,3.6389,9.5458,239.5,38.904,1.5397,72.85,7.779,7.3552,33.784,N/A,1.5974,1.607,N/A,1.4003,9.4677,9.0861,11715.93,N/A,N/A,1214.46,N/A,4.4263,1.7151,63.965,1.9969,48.228,7.9131,
2005-11-11,1.1697,138.11,1.9555,0.5734,29.232,7.4578,15.6466,0.6731,251.13,3.4528,0.6965,0.4293,4.0278,N/A,3.6254,9.5888,239.5,38.927,1.5381,72.53,7.745,7.365,33.779,N/A,1.596,1.5989,N/A,1.3939,9.4577,9.0715,11681.79,N/A,N/A,1218.01,N/A,4.4206,1.7043,63.638,1.9916,48.114,7.9361,
2005-11-10,1.1762,138.41,1.9558,0.5734,29.37,7.4593,15.6466,0.6729,251.27,3.4528,0.6964,0.4293,4.0278,N/A,3.629,9.5918,239.52,38.953,1.5393,72.74,7.737,7.362,33.903,N/A,1.606,1.6041,N/A,1.3966,9.5092,9.1222,11735.54,N/A,N/A,1228.89,N/A,4.4436,1.7071,64.315,2.0015,48.399,7.9473,
2005-11-09,1.1738,137.68,1.9557,0.5734,29.278,7.4613,15.6466,0.6753,248.85,3.4528,0.6964,0.4293,3.9978,N/A,3.666,9.5645,239.48,38.921,1.5431,72.47,7.7485,7.3645,33.863,N/A,1.599,1.5995,N/A,1.3951,9.491,9.1054,11667.57,N/A,N/A,1227.91,N/A,4.434,1.7167,64.242,1.9968,48.366,7.9217,
2005-11-08,1.1741,138.22,1.9557,0.5734,29.244,7.4632,15.6466,0.6761,248.66,3.4528,0.6966,0.4293,3.9942,N/A,3.6768,9.5525,239.52,38.95,1.5412,71.89,7.794,7.365,33.9448,N/A,1.6033,1.6055,N/A,1.4036,9.4946,9.1043,11864.28,N/A,N/A,1230.99,N/A,4.4355,1.7279,64.176,1.9985,48.367,7.924,
2005-11-07,1.1824,139.23,1.9557,0.5736,29.332,7.464,15.6466,0.67655,249.59,3.4528,0.6965,0.4293,4.0359,N/A,3.6857,9.6045,239.51,38.975,1.5429,71.46,7.782,7.375,34.008,N/A,1.6112,1.6138,N/A,1.4021,9.5629,9.1673,11906.77,N/A,N/A,1239.45,N/A,4.4666,1.7384,64.654,2.0104,48.524,7.9703,
2005-11-04,1.1933,140.52,1.9556,0.5736,29.357,7.464,15.6466,0.6764,249.13,3.4528,0.6964,0.4293,3.9903,N/A,3.6623,9.5915,239.49,38.931,1.5439,72,7.7975,7.3828,34.063,N/A,1.6096,1.6207,N/A,1.409,9.6485,9.2516,11998.63,N/A,N/A,1250.4,N/A,4.5064,1.7345,65.787,2.0266,48.907,7.9363,
2005-11-03,1.2041,140.76,1.9559,0.5737,29.446,7.464,15.6466,0.67825,248.23,3.4528,0.6965,0.4293,3.9609,N/A,3.6586,9.6148,239.5,38.93,1.5428,71.98,7.8075,7.3928,34.383,N/A,1.6245,1.6222,N/A,1.4164,9.7341,9.3348,12102.41,N/A,N/A,1256.48,N/A,4.5473,1.7351,65.744,2.0425,49.163,7.9603,
2005-11-02,1.1992,140.26,1.9559,0.5737,29.551,7.4635,15.6466,0.67895,250.39,3.4528,0.6965,0.4293,3.969,N/A,3.6559,9.5973,239.5,39,1.5422,71.67,7.785,7.393,34.318,N/A,1.6177,1.6192,N/A,1.4153,9.6957,9.2971,12063.95,N/A,N/A,1246.69,N/A,4.5281,1.7329,65.62,2.0348,48.969,8.0067,
2005-11-01,1.2008,140.02,1.9559,0.5737,29.648,7.4626,15.6466,0.679,250.61,3.4528,0.6963,0.4293,3.9745,N/A,3.6643,9.578,239.51,39.042,1.5466,72.34,7.7825,7.3788,34.327,N/A,1.6258,1.609,N/A,1.4201,9.7097,9.3087,12139,N/A,N/A,1252.25,N/A,4.5351,1.7181,65.984,2.0352,48.975,7.9817,
2005-10-31,1.2023,139.64,1.9562,0.5737,29.595,7.4623,15.6466,0.67665,250.54,3.4528,0.6963,0.4293,3.9791,N/A,3.6512,9.536,239.51,39.038,1.5455,73.69,7.806,7.38,34.32,N/A,1.6224,1.6037,N/A,1.4161,9.72,9.3207,12161.26,N/A,N/A,1250.63,N/A,4.5386,1.7108,66,2.0365,49.038,8.0695,
2005-10-28,1.2138,140.03,1.956,0.5735,29.69,7.4613,15.6466,0.6809,251.36,3.4528,0.6964,0.4293,3.9895,N/A,3.6452,9.5295,239.53,39.068,1.5459,73.56,7.809,7.3795,34.523,N/A,1.6405,1.6114,N/A,1.4211,9.8124,9.4109,12168.35,N/A,N/A,1265.27,N/A,4.5821,1.7188,66.668,2.0532,49.507,8.1293,
2005-10-27,1.213,139.89,1.9559,0.5735,29.683,7.4608,15.6466,0.6794,252.43,3.4528,0.6964,0.4293,4.006,N/A,3.6175,9.5045,239.51,39.033,1.5462,73.25,7.811,7.385,34.49,N/A,1.6413,1.5983,N/A,1.4168,9.8086,9.4058,12154.26,N/A,N/A,1263.76,N/A,4.5791,1.7161,66.812,2.0474,49.452,8.1508,
2005-10-26,1.2059,139.67,1.9557,0.5735,29.788,7.4601,15.6466,0.6798,252.6,3.4528,0.6964,0.4293,3.9618,N/A,3.6098,9.493,239.52,39.06,1.5474,72.7,7.822,7.3775,34.395,N/A,1.6367,1.5981,N/A,1.4189,9.7518,9.3508,12049.35,N/A,N/A,1259.98,N/A,4.5519,1.7149,66.3,2.0413,49.257,8.016,
2005-10-25,1.2017,138.78,1.9555,0.5731,29.672,7.4594,15.6466,0.67665,253.11,3.4528,0.6963,0.4293,3.9273,N/A,3.6094,9.488,239.53,38.943,1.5441,72.43,7.834,7.385,34.302,N/A,1.6371,1.5976,N/A,1.4261,9.7219,9.3195,11986.96,N/A,N/A,1265.21,N/A,4.5364,1.7114,66.406,2.0344,49.103,7.9984,
2005-10-24,1.1944,138.15,1.9558,0.5731,29.773,7.4601,15.6466,0.6759,253.46,3.4528,0.6964,0.4293,3.9092,N/A,3.5977,9.5297,239.54,38.888,1.5446,72.16,7.8265,7.3698,34.1805,N/A,1.6299,1.5969,N/A,1.4226,9.6646,9.2638,12015.66,N/A,N/A,1263.79,N/A,4.5087,1.7043,66.229,2.0245,48.913,7.9185,
2005-10-21,1.2012,138.87,1.9558,0.5731,29.783,7.4612,15.6466,0.6771,254.16,3.4528,0.6962,0.4293,3.891,N/A,3.6067,9.49,239.5,38.926,1.5463,72.25,7.7925,7.3695,34.318,N/A,1.6384,1.6005,N/A,1.4162,9.7159,9.318,12084.07,N/A,N/A,1268.17,N/A,4.5334,1.7141,66.583,2.0349,49.115,7.9463,
2005-10-20,1.1953,138.19,1.9559,0.5731,29.74,7.4629,15.6466,0.6767,253.51,3.4528,0.6962,0.4293,3.9,N/A,3.6075,9.465,239.52,38.933,1.5511,72.09,7.8,7.3625,34.247,N/A,1.6334,1.5919,N/A,1.4062,9.6706,9.2745,12054.6,N/A,N/A,1261.94,N/A,4.5118,1.7123,66.59,2.0261,48.874,7.8953,
2005-10-19,1.195,138.07,1.9559,0.5731,29.742,7.4628,15.6466,0.68005,253.42,3.4528,0.6962,0.4293,3.902,N/A,3.6062,9.4695,239.52,39.013,1.5516,72.85,7.8035,7.363,34.22,N/A,1.64,1.5961,N/A,1.4068,9.6704,9.2722,12075.48,N/A,N/A,1260.55,N/A,4.5099,1.713,66.603,2.0251,48.961,7.8733,
2005-10-18,1.1937,138.29,1.9558,0.5731,29.764,7.4632,15.6466,0.68415,252.35,3.4528,0.6963,0.4293,3.8851,N/A,3.5952,9.4712,239.52,38.923,1.5558,72.98,7.821,7.3708,34.205,N/A,1.625,1.5997,N/A,1.4167,9.6582,9.2618,12062.34,N/A,N/A,1256.07,N/A,4.5045,1.7171,66.567,2.0247,48.8,7.8639,
2005-10-17,1.2022,138,1.9558,0.5731,29.695,7.4631,15.6466,0.6846,251.75,3.4528,0.6965,0.4293,3.8955,N/A,3.6092,9.463,239.53,38.88,1.5536,73.35,7.8175,7.3628,34.364,N/A,1.6381,1.6024,N/A,1.4235,9.723,9.3259,12154.24,N/A,N/A,1261.11,N/A,4.5371,1.7279,67.107,2.0346,49.124,7.8507,
2005-10-14,1.1999,137.67,1.9562,0.5731,29.674,7.4631,15.6466,0.6854,253.48,3.4528,0.6969,0.4293,3.9323,N/A,3.6139,9.4369,239.51,38.925,1.5506,73.28,7.8335,7.37,34.338,N/A,1.6499,1.5982,N/A,1.4209,9.7067,9.3077,12130.99,N/A,N/A,1256.3,N/A,4.5258,1.7294,66.954,2.0298,49.078,7.9202,
2005-10-13,1.198,137.54,1.9562,0.5731,29.72,7.4626,15.6466,0.6849,252.62,3.4528,0.6969,0.4293,3.9226,N/A,3.6123,9.372,239.52,38.949,1.5514,73.84,7.8145,7.3685,34.28,N/A,1.6461,1.5993,N/A,1.4062,9.69,9.2936,12153.71,N/A,N/A,1255.02,N/A,4.5189,1.7296,66.932,2.0282,49.056,7.9523,
2005-10-12,1.2008,137.49,1.956,0.5731,29.566,7.4627,15.6466,0.6865,250.35,3.4528,0.6968,0.4293,3.8845,N/A,3.588,9.3507,239.52,38.84,1.5478,73.59,7.802,7.3838,34.336,N/A,1.6307,1.5927,N/A,1.4079,9.7139,9.3167,12140.09,N/A,N/A,1252.25,N/A,4.5295,1.73,67.035,2.0315,49.175,7.874,
2005-10-11,1.2022,137.22,1.9555,0.5731,29.54,7.4622,15.6466,0.6865,249.96,3.4528,0.6968,0.4293,3.875,N/A,3.5872,9.3353,239.52,38.767,1.5474,73.71,7.845,7.3805,34.337,N/A,1.6207,1.5929,N/A,1.4203,9.7233,9.3258,12106.15,N/A,N/A,1249.69,N/A,4.5342,1.7318,67.083,2.0298,49.162,7.8378,
2005-10-10,1.2088,137.9,1.9562,0.5731,29.571,7.4624,15.6466,0.68825,250.83,3.4528,0.6969,0.4293,3.885,N/A,3.6,9.3537,239.56,38.845,1.5496,74.34,7.8715,7.4,34.43,N/A,1.6268,1.5929,N/A,1.4208,9.7748,9.378,12208.88,N/A,N/A,1254.55,N/A,4.5589,1.731,67.24,2.0374,49.353,7.8835,
2005-10-07,1.2144,137.82,1.9556,0.5731,29.638,7.4618,15.6466,0.687,250.61,3.4528,0.6977,0.4293,3.9223,N/A,3.6008,9.3375,239.53,38.943,1.5484,74.8,7.888,7.402,34.595,N/A,1.6412,1.6016,N/A,1.4325,9.8269,9.418,12177.4,N/A,N/A,1259.64,N/A,4.5774,1.7423,67.672,2.0451,49.586,7.9702,
2005-10-06,1.2061,137.3,1.956,0.5731,29.749,7.4613,15.6466,0.68175,251.75,3.4528,0.6963,0.4293,3.9475,N/A,3.5752,9.3108,239.55,38.96,1.546,74.02,7.8735,7.3973,34.43,N/A,1.642,1.5929,N/A,1.4261,9.7598,9.3538,12151.46,N/A,N/A,1256.64,N/A,4.5494,1.7301,67.331,2.0318,49.428,7.9057,
2005-10-05,1.1947,136.06,1.9557,0.5731,29.581,7.4624,15.6466,0.6779,249.35,3.4528,0.6964,0.4293,3.9137,N/A,3.5594,9.3014,239.53,38.788,1.5506,73.22,7.891,7.3908,34.183,N/A,1.6194,1.5726,N/A,1.4027,9.6675,9.2666,11982.84,N/A,N/A,1240.1,N/A,4.5064,1.7169,66.575,2.0222,49.032,7.8057,
2005-10-04,1.1938,136.44,1.9559,0.5731,29.608,7.4627,15.6466,0.6786,250.49,3.4528,0.6965,0.4293,3.9328,N/A,3.549,9.321,239.54,38.815,1.5508,73.48,7.8815,7.4045,34.171,N/A,1.6151,1.5627,N/A,1.3935,9.6602,9.2606,12170.79,N/A,N/A,1243.88,N/A,4.5006,1.7183,66.859,2.022,49.081,7.6898,
2005-10-03,1.1933,136.07,1.9558,0.5731,29.597,7.4628,15.6466,0.68,250.65,3.4528,0.6961,0.4293,3.918,N/A,3.5522,9.3086,239.52,38.852,1.5537,73.53,7.8855,7.4235,34.185,N/A,1.62,1.5653,N/A,1.3903,9.6562,9.2571,12290.99,N/A,N/A,1245.21,N/A,4.4984,1.7261,66.78,2.0243,49.12,7.6409,
2005-09-30,1.2042,136.25,1.9559,0.5732,29.553,7.4624,15.6466,0.68195,249.61,3.4528,0.696,0.4293,3.9185,N/A,3.5603,9.3267,239.52,38.79,1.5561,74.12,7.877,7.433,34.334,N/A,1.623,1.5828,N/A,1.4063,9.7444,9.3412,12391.22,N/A,N/A,1254.96,N/A,4.5389,1.7414,67.465,2.0353,49.44,7.6765,
2005-09-29,1.2063,135.92,1.9559,0.5731,29.61,7.4626,15.6466,0.6826,248.75,3.4528,0.6961,0.4293,3.9009,N/A,3.5527,9.3715,239.53,38.87,1.5578,75.72,7.816,7.4345,34.38,N/A,1.627,1.5831,N/A,1.4155,9.7626,9.359,12430.92,N/A,N/A,1251.05,N/A,4.5479,1.7386,67.462,2.0362,49.529,7.6876,
2005-09-28,1.2037,136.08,1.9559,0.5731,29.517,7.4617,15.6466,0.681,248.31,3.4528,0.696,0.4293,3.9003,N/A,3.5446,9.3887,239.51,38.775,1.5556,75.89,7.8265,7.4375,34.338,N/A,1.6272,1.5858,N/A,1.4171,9.7426,9.3397,12482.37,N/A,N/A,1248.72,N/A,4.5377,1.7548,67.497,2.0371,49.554,7.7407,
2005-09-27,1.2005,136.01,1.9557,0.5731,29.381,7.4622,15.6466,0.68025,247.25,3.4528,0.696,0.4293,3.8963,N/A,3.5323,9.3875,239.51,38.588,1.5578,75.49,7.8205,7.4515,34.285,N/A,1.615,1.5907,N/A,1.4095,9.7144,9.3129,12335.14,N/A,N/A,1243.42,N/A,4.5258,1.7647,67.576,2.0321,49.529,7.6764,
2005-09-26,1.2031,135.21,1.9559,0.5731,29.518,7.4617,15.6466,0.67895,246.95,3.4528,0.696,0.4293,3.8985,N/A,3.546,9.357,239.51,38.587,1.5566,75.46,7.8215,7.45,34.345,N/A,1.6251,1.5919,N/A,1.4167,9.7366,9.333,12307.71,N/A,N/A,1244.97,N/A,4.5357,1.7561,67.692,2.0318,49.646,7.6948,
2005-09-23,1.2118,135.07,1.9555,0.573,29.502,7.4611,15.6466,0.6785,248.08,3.4528,0.6961,0.4293,3.9017,N/A,3.5549,9.3683,239.48,38.6,1.5557,75.2,7.791,7.4485,34.466,N/A,1.6274,1.5935,N/A,1.4209,9.8047,9.4018,12390.66,N/A,N/A,1249.24,N/A,4.568,1.7559,68.109,2.0387,49.75,7.6755,
2005-09-22,1.2224,135.89,1.9556,0.573,29.455,7.4608,15.6466,0.6787,247.34,3.4528,0.6961,0.4293,3.9105,N/A,3.5502,9.3615,239.48,38.499,1.5534,74.99,7.779,7.4448,34.656,N/A,1.637,1.5909,N/A,1.4244,9.8869,9.4857,12499.04,N/A,N/A,1253.82,N/A,4.608,1.7506,68.668,2.0533,50.163,7.7558,
2005-09-21,1.2225,135.95,1.9557,0.573,29.393,7.4591,15.6466,0.67505,246.29,3.4528,0.696,0.4293,3.8954,N/A,3.4873,9.3345,239.48,38.445,1.5519,75.08,7.7925,7.4435,34.664,N/A,1.634,1.5834,N/A,1.4264,9.8914,9.4884,12487.84,N/A,N/A,1257.95,N/A,4.6082,1.7449,68.796,2.0526,50.171,7.7809,
2005-09-20,1.2154,135.43,1.9558,0.5729,29.363,7.4594,15.6466,0.6734,245.73,3.4528,0.6959,0.4293,3.8774,N/A,3.4852,9.3393,239.49,38.46,1.5524,75.01,7.777,7.441,34.538,N/A,1.631,1.5768,N/A,1.4178,9.8314,9.4337,12378.85,N/A,N/A,1250.28,N/A,4.5816,1.7303,68.336,2.0426,49.9,7.7479,
2005-09-19,1.2139,135.31,1.9558,0.5729,29.175,7.4579,15.6466,0.6728,245.73,3.4528,0.696,0.4293,3.8795,N/A,3.4794,9.33,239.48,38.43,1.5511,75.4,7.794,7.4315,34.505,N/A,1.634,1.5887,N/A,1.4316,9.8214,9.4219,12321.09,N/A,N/A,1250.62,N/A,4.5758,1.7356,68.337,2.042,49.895,7.8173,
2005-09-16,1.2243,135.78,1.9558,0.5729,29.073,7.4574,15.6466,0.6765,245.32,3.4528,0.696,0.4293,3.8827,N/A,3.4754,9.3305,239.46,38.347,1.551,75.83,7.7945,7.4345,34.698,N/A,1.642,1.5933,N/A,1.4487,9.901,9.5008,12426.65,N/A,N/A,1257.97,N/A,4.6148,1.7347,68.775,2.0553,50.178,7.7981,
2005-09-15,1.2223,134.89,1.956,0.5729,29.283,7.456,15.6466,0.6765,245.29,3.4528,0.6959,0.4293,3.8965,N/A,3.4807,9.316,239.47,38.448,1.5469,76.1,7.7915,7.435,34.673,N/A,1.6384,1.589,N/A,1.4483,9.8868,9.484,12302.45,N/A,N/A,1252.55,N/A,4.6068,1.7279,68.357,2.0512,50.059,7.8184,
2005-09-14,1.2314,135.42,1.9555,0.5729,29.242,7.4564,15.6466,0.6734,245.42,3.4528,0.6959,0.4293,3.9188,N/A,3.4922,9.333,239.47,38.455,1.5469,76.57,7.814,7.4199,34.833,N/A,1.6468,1.5953,N/A,1.4523,9.9635,9.5556,12314,N/A,N/A,1261.88,N/A,4.6411,1.7414,68.804,2.0657,50.375,7.8308,
2005-09-13,1.2276,136.17,1.9558,0.5729,29.31,7.4562,15.6466,0.6741,245.55,3.4528,0.6961,0.4293,3.9383,N/A,3.4905,9.309,239.43,38.51,1.5474,76.48,7.821,7.43,34.849,N/A,1.64,1.5988,N/A,1.4552,9.9362,9.5288,12368.07,N/A,N/A,1259.52,N/A,4.6273,1.7483,68.654,2.0638,50.293,7.8444,
2005-09-12,1.2313,135.2,1.9559,0.5729,29.19,7.4552,15.6466,0.67435,244.53,3.4528,0.6961,0.4293,3.9328,N/A,3.495,9.2834,239.44,38.183,1.5443,77.19,7.8015,7.425,34.931,N/A,1.6463,1.5945,N/A,1.4587,9.9641,9.5565,12436.13,N/A,N/A,1262.88,N/A,4.6407,1.7446,68.953,2.0618,50.29,7.8592,
2005-09-09,1.2415,136.63,1.9562,0.5729,29.17,7.4544,15.6466,0.67535,244.35,3.4528,0.6962,0.4293,3.93,N/A,3.4679,9.337,239.42,38.14,1.5435,77.97,7.798,7.4315,35.104,N/A,1.6544,1.607,N/A,1.4602,10.0507,9.6414,12675.72,N/A,N/A,1275.27,N/A,4.6797,1.7581,69.617,2.0813,50.908,7.8236,
2005-09-08,1.2418,137.16,1.9557,0.5729,29.172,7.4564,15.6466,0.6762,244.38,3.4528,0.6962,0.4293,3.9281,N/A,3.4942,9.32,239.41,38.145,1.543,77.74,7.7895,7.435,35.102,N/A,1.66,1.6129,N/A,1.4686,10.0518,9.6443,12852.63,N/A,N/A,1273.71,N/A,4.6807,1.7622,69.634,2.0832,50.934,7.8606,
2005-09-07,1.2451,136.97,1.9555,0.5729,29.251,7.4574,15.6466,0.6771,244.16,3.4528,0.6962,0.4293,3.9263,N/A,3.5005,9.328,239.42,38.24,1.5431,77.21,7.8065,7.4425,35.164,N/A,1.663,1.6224,N/A,1.4826,10.076,9.6712,12899.24,N/A,N/A,1276.6,N/A,4.6929,1.765,69.881,2.0879,51.03,7.9279,
2005-09-06,1.2483,136.75,1.9557,0.5729,29.14,7.4561,15.6466,0.6767,243.85,3.4528,0.6961,0.4293,3.9275,N/A,3.4997,9.3124,239.47,38.265,1.5436,77.18,7.827,7.455,35.225,N/A,1.663,1.6271,N/A,1.4865,10.1004,9.697,12913.66,N/A,N/A,1279.91,N/A,4.7015,1.7619,70.248,2.0908,51.303,7.8718,
2005-09-05,1.2538,136.69,1.9559,0.5729,29.058,7.456,15.6466,0.67855,243.75,3.4528,0.6962,0.4293,3.9368,N/A,3.5036,9.294,239.49,38.229,1.5429,76.99,7.825,7.4478,35.304,N/A,1.6728,1.6329,N/A,1.4868,10.1452,9.7386,12914.14,N/A,N/A,1282.26,N/A,4.7129,1.766,70.47,2.098,51.335,7.831,
2005-09-02,1.2541,137.66,1.9558,0.5729,29.285,7.4566,15.6466,0.6818,243.85,3.4528,0.6961,0.4293,3.9733,N/A,3.512,9.2905,239.46,38.535,1.5437,76.77,7.7825,7.438,35.448,N/A,1.674,1.6411,N/A,1.4885,10.1501,9.7415,12979.94,N/A,N/A,1283.95,N/A,4.7208,1.7755,70.361,2.1026,51.491,7.8403,
2005-09-01,1.2388,136.95,1.9559,0.5729,29.34,7.4584,15.6466,0.68335,243.86,3.4528,0.696,0.4293,3.9821,N/A,3.5093,9.3325,239.51,38.55,1.5463,76.98,7.8445,7.4352,35.209,N/A,1.6653,1.6374,N/A,1.4708,10.028,9.6263,12821.58,N/A,N/A,1280.67,N/A,4.6716,1.7747,69.503,2.0841,50.927,7.8986,
2005-08-31,1.2198,136.06,1.9557,0.5729,29.568,7.4582,15.6466,0.6829,244.48,3.4528,0.696,0.4293,4.0315,N/A,3.5066,9.3401,239.5,38.765,1.5485,76.95,7.866,7.4285,34.848,N/A,1.6489,1.6343,N/A,1.4552,9.8801,9.4811,12557.84,N/A,N/A,1266.76,N/A,4.601,1.7744,68.608,2.0592,50.441,7.9392,
2005-08-30,1.2181,135.81,1.9559,0.5729,29.566,7.4584,15.6466,0.68275,245.05,3.4528,0.6961,0.4293,4.0433,N/A,3.5062,9.3386,239.5,38.792,1.5512,77.4,7.9355,7.413,34.808,N/A,1.6533,1.6299,N/A,1.4628,9.8633,9.4658,12729.15,N/A,N/A,1260.31,N/A,4.5947,1.7706,68.427,2.0547,50.379,7.921,
2005-08-29,1.2289,135.73,1.956,0.5729,29.617,7.4607,15.6466,0.6816,245.8,3.4528,0.6961,0.4293,4.0594,N/A,3.5175,9.3193,239.5,38.811,1.5453,77.56,7.897,7.3915,34.998,N/A,1.669,1.6292,N/A,1.4634,9.9484,9.5481,13129.57,N/A,N/A,1267.12,N/A,4.6323,1.7669,68.972,2.0661,50.655,7.9426,
2005-08-26,1.2307,134.93,1.9557,0.5729,29.634,7.4582,15.6466,0.68185,245.59,3.4528,0.696,0.4293,4.0583,N/A,3.5359,9.3291,239.52,38.823,1.5467,78.06,7.926,7.3845,35.028,N/A,1.6742,1.6209,N/A,1.4709,9.9644,9.5617,12780.82,N/A,N/A,1264.11,N/A,4.6341,1.7622,68.833,2.0576,50.481,7.9522,
2005-08-25,1.2272,135.02,1.9557,0.5729,29.698,7.4573,15.6466,0.682,245.6,3.4528,0.6961,0.4293,4.043,N/A,3.5144,9.3313,239.5,38.865,1.5478,77.89,7.9255,7.3865,34.971,N/A,1.676,1.6173,N/A,1.4621,9.9406,9.5376,12670.84,N/A,N/A,1256.9,N/A,4.6251,1.7575,68.785,2.0521,50.409,7.9609,
2005-08-24,1.2211,134.77,1.9558,0.5729,29.66,7.4592,15.6466,0.68035,245.78,3.4528,0.696,0.4293,4.0186,N/A,3.5008,9.3333,239.51,38.808,1.5545,78.14,7.964,7.3802,34.86,N/A,1.675,1.618,N/A,1.4613,9.8915,9.4925,12540.7,N/A,N/A,1256.06,N/A,4.6037,1.7512,68.412,2.0462,50.265,7.9222,
2005-08-23,1.2233,134.61,1.9557,0.5729,29.664,7.4581,15.6466,0.6802,246.08,3.4528,0.6961,0.4293,4.0285,N/A,3.5101,9.3674,239.51,38.8,1.5534,77.93,8.0085,7.38,34.915,N/A,1.6724,1.6194,N/A,1.4675,9.9102,9.5095,12321.69,N/A,N/A,1256.88,N/A,4.6112,1.7546,68.413,2.042,50.155,7.9343,
2005-08-22,1.2231,133.93,1.9557,0.5729,29.453,7.456,15.6466,0.67815,243.95,3.4528,0.696,0.4293,4.0205,N/A,3.5196,9.3658,239.49,38.59,1.5513,78.01,7.9835,7.38,34.925,N/A,1.671,1.6177,N/A,1.4765,9.914,9.505,12235.89,N/A,N/A,1250.86,N/A,4.6101,1.7537,68.341,2.038,50.174,7.9192,
2005-08-19,1.2183,134.51,1.9558,0.5729,29.41,7.4551,15.6466,0.6784,243.59,3.4528,0.696,0.4293,4.0375,N/A,3.5524,9.3425,239.5,38.605,1.5488,78.11,7.9805,7.383,34.805,N/A,1.6694,1.6199,N/A,1.4831,9.874,9.4683,12164.73,N/A,N/A,1249.49,N/A,4.5881,1.7553,68.255,2.0324,50.265,7.9399,
2005-08-18,1.2213,134.82,1.956,0.5729,29.41,7.4559,15.6466,0.67755,243.59,3.4528,0.6961,0.4293,4.015,N/A,3.566,9.3233,239.5,38.58,1.5463,78.18,7.944,7.3845,34.875,N/A,1.6735,1.6169,N/A,1.4846,9.8934,9.4891,12170.25,N/A,N/A,1244.57,N/A,4.6027,1.7513,68.301,2.0327,50.411,7.9668,
2005-08-17,1.2296,134.85,1.956,0.573,29.444,7.4588,15.6466,0.6793,244.24,3.4528,0.696,0.4293,4.0333,N/A,3.5777,9.3309,239.5,38.603,1.5486,78.63,7.9215,7.3645,35,N/A,1.674,1.6103,N/A,1.4773,9.9594,9.5555,12173.04,N/A,N/A,1253.02,N/A,4.6327,1.7518,68.704,2.0396,50.727,7.9411,
2005-08-16,1.2313,134.63,1.9559,0.5731,29.354,7.4617,15.6466,0.68145,243.85,3.4528,0.696,0.4293,4.0159,N/A,3.5645,9.3084,239.51,38.401,1.5518,78.7,7.9515,7.361,35.035,N/A,1.657,1.604,N/A,1.4812,9.9738,9.5684,12202.18,N/A,N/A,1251.49,N/A,4.6371,1.7489,68.713,2.0433,50.721,7.9532,
2005-08-15,1.2374,135.54,1.9554,0.5731,29.418,7.4619,15.6466,0.6836,244.16,3.4528,0.696,0.4292,4.0545,N/A,3.5764,9.3064,239.51,38.499,1.5513,78.69,7.951,7.3601,35.135,N/A,1.672,1.6036,N/A,1.4801,10.0194,9.6128,12223.04,N/A,N/A,1255.34,N/A,4.6478,1.7499,69.016,2.0512,50.733,7.964,
2005-08-12,1.2457,136.32,1.9557,0.5733,29.468,7.4618,15.6466,0.68675,243.92,3.4528,0.6959,0.4293,4.0395,N/A,3.5781,9.3016,239.51,38.515,1.5533,79.02,7.8885,7.3535,35.283,N/A,1.687,1.6105,N/A,1.4935,10.0877,9.6778,12207.86,N/A,N/A,1262.83,N/A,4.6725,1.7616,69.292,2.0558,50.849,7.9181,
2005-08-11,1.2405,136.94,1.9556,0.5735,29.369,7.4611,15.6466,0.68825,243.65,3.4528,0.696,0.4293,4.0355,N/A,3.4621,9.3223,239.49,38.46,1.5537,79.48,7.8975,7.3668,35.19,N/A,1.647,1.6103,N/A,1.4976,10.0483,9.6375,12172.41,N/A,N/A,1259.73,N/A,4.6539,1.7687,69.096,2.0463,50.747,7.9383,
2005-08-10,1.2377,137.4,1.9558,0.5735,29.362,7.4619,15.6466,0.69035,243.61,3.4528,0.696,0.4293,4.0337,N/A,3.4232,9.3545,239.53,38.48,1.5566,79.47,7.8965,7.368,35.158,N/A,1.6316,1.6207,N/A,1.5,10.033,9.6167,12086.14,N/A,N/A,1255.83,N/A,4.6365,1.7823,69.095,2.0411,50.682,7.9046,
2005-08-09,1.2367,138.64,1.9557,0.5735,29.465,7.4617,15.6466,0.6929,243.95,3.4528,0.696,0.4293,4.0358,N/A,3.4264,9.359,239.56,38.51,1.556,79.69,7.8905,7.3625,35.131,N/A,1.6362,1.6246,N/A,1.5015,10.0259,9.6118,12113.48,N/A,N/A,1253.64,N/A,4.6357,1.7899,69.101,2.0483,50.969,7.9854,
2005-08-08,1.237,138.13,1.9557,0.5736,29.533,7.4615,15.6466,0.6916,243.75,3.4528,0.696,0.4293,4.0578,N/A,3.4279,9.3242,239.52,38.583,1.5595,78.86,7.93,7.3775,35.13,N/A,1.6347,1.6145,N/A,1.4996,10.0308,9.6135,12085.49,N/A,N/A,1255.56,N/A,4.6359,1.7834,69.179,2.0416,50.89,8.0093,
2005-08-05,1.2386,138.13,1.9556,0.5736,29.759,7.4616,15.6466,0.6956,244.09,3.4528,0.696,0.4293,4.0767,N/A,3.4413,9.3338,239.53,38.65,1.5593,78.48,7.8955,7.3599,35.173,N/A,1.63,1.6069,N/A,1.51,10.0372,9.6262,12070.16,N/A,N/A,1255.88,N/A,4.6456,1.7879,69.207,2.0467,51.028,7.9645,
2005-08-04,1.2319,137.33,1.9556,0.5736,29.89,7.4609,15.6466,0.69385,244.24,3.4528,0.6961,0.4293,4.0749,N/A,3.4381,9.3385,239.52,38.825,1.5571,78.14,7.879,7.355,35.069,N/A,1.6233,1.599,N/A,1.4984,9.9817,9.5767,11998.71,N/A,N/A,1246.07,N/A,4.6248,1.7879,68.9,2.0363,50.787,7.9809,
2005-08-03,1.2308,136.81,1.9558,0.5736,29.844,7.461,15.6466,0.6911,244.37,3.4528,0.6961,0.4293,4.077,N/A,3.4505,9.3803,239.51,38.87,1.5585,78.05,7.8425,7.3265,35.075,N/A,1.6223,1.6001,N/A,1.4902,9.9758,9.5667,12012.61,N/A,N/A,1249.26,N/A,4.6108,1.7836,69.017,2.0314,50.803,7.9488,
2005-08-02,1.2217,136.07,1.9554,0.5737,30.005,7.46,15.6466,0.6893,244.91,3.4528,0.6961,0.4293,4.055,N/A,3.4779,9.3721,239.51,38.902,1.5566,78.36,7.8465,7.3048,34.921,N/A,1.6171,1.5979,N/A,1.4803,9.8997,9.496,11911.58,N/A,N/A,1246.68,N/A,4.5768,1.7759,68.409,2.0194,50.536,7.9529,
2005-08-01,1.2219,136.67,1.9557,0.5738,30.073,7.4605,15.6466,0.6914,244.97,3.4528,0.696,0.4293,4.058,N/A,3.5043,9.393,239.49,38.915,1.5591,78.66,7.8575,7.3025,34.94,N/A,1.6138,1.6057,N/A,1.4874,9.903,9.4982,11952.63,N/A,N/A,1254.28,N/A,4.5831,1.7829,68.579,2.0267,50.78,8.0087,
2005-07-29,1.2093,135.91,1.9557,0.5738,30.15,7.4591,15.6466,0.6893,244.99,3.4528,0.696,0.4293,4.0715,N/A,3.5164,9.4048,239.51,38.935,1.5607,78.32,7.887,7.303,34.656,N/A,1.6102,1.5904,N/A,1.4856,9.8021,9.3991,11857.19,N/A,N/A,1241.89,N/A,4.5352,1.7697,67.848,2.01,50.385,8.0204,
2005-07-28,1.21,136,1.956,0.5738,30.186,7.461,15.6466,0.6907,245.08,3.4528,0.6961,0.4293,4.0893,N/A,3.5191,9.4,239.51,39.1,1.5625,77.82,7.8985,7.3028,34.683,N/A,1.6172,1.5976,N/A,1.494,9.8107,9.4091,11893.09,N/A,N/A,1243.88,N/A,4.5389,1.7762,67.899,2.0151,50.6,8.0224,
2005-07-27,1.199,134.92,1.9555,0.5739,30.242,7.4616,15.6466,0.6903,245.27,3.4528,0.6963,0.4293,4.1053,N/A,3.5215,9.4385,239.52,39.13,1.5618,77.51,7.9035,7.303,34.451,N/A,1.61,1.5889,N/A,1.4846,9.7272,9.3261,11787.37,N/A,N/A,1234.37,N/A,4.4977,1.7672,67.294,2.0005,49.99,8.0132,
2005-07-26,1.1987,134.56,1.9559,0.5737,30.243,7.4604,15.6466,0.68955,246.09,3.4528,0.6963,0.4293,4.126,N/A,3.5417,9.4493,239.53,39.13,1.5603,77.76,7.89,7.2995,34.443,N/A,1.6233,1.5814,N/A,1.469,9.7213,9.323,11780.82,N/A,N/A,1232.86,N/A,4.4955,1.7577,67.175,2.0006,49.818,8.0436,
2005-07-25,1.2065,134.87,1.9558,0.5738,30.191,7.4604,15.6466,0.6944,245.52,3.4528,0.6961,0.4293,4.1049,N/A,3.5525,9.421,239.52,38.91,1.5635,78.04,7.9155,7.2998,34.592,N/A,1.6149,1.5857,N/A,1.4711,9.7843,9.3791,11841.8,N/A,N/A,1236.36,N/A,4.5256,1.77,67.262,2.0071,49.975,8.0681,
2005-07-22,1.2143,134.98,1.956,0.5738,30.208,7.4615,15.6466,0.6951,245.73,3.4528,0.696,0.4293,4.1145,N/A,3.5515,9.4528,239.49,38.9,1.5635,78.5,7.974,7.3,34.74,N/A,1.6286,1.5859,N/A,1.4779,9.8493,9.4385,11882.53,N/A,N/A,1236.64,N/A,4.5901,1.7697,67.788,2.0172,50.238,8.0117,
2005-07-21,1.2187,135.21,1.9552,0.5738,30.17,7.4638,15.6466,0.696,245.56,3.4528,0.696,0.4293,4.1239,N/A,3.5618,9.457,239.5,38.969,1.5603,78.43,7.952,7.2995,34.825,N/A,1.617,1.5942,N/A,1.4782,9.8836,9.4679,11900.61,N/A,N/A,1261.78,N/A,4.6311,1.7791,67.955,2.0207,50.474,7.9947,
2005-07-20,1.2063,136.35,1.9559,0.5738,30.224,7.4628,15.6466,0.6943,246.36,3.4528,0.696,0.4293,4.1477,N/A,3.5572,9.422,239.5,39.151,1.5632,78.48,7.961,7.2998,34.599,N/A,1.6085,1.6002,N/A,1.4668,9.984,9.3834,11876.02,N/A,N/A,1257.57,N/A,4.5839,1.7815,67.312,2.035,50.737,8.0613,
2005-07-19,1.1965,135.07,1.9557,0.5738,30.203,7.462,15.6466,0.68785,246.35,3.4528,0.696,0.4293,4.1202,N/A,3.5592,9.4254,239.48,39.145,1.5634,78.27,8.016,7.3025,34.415,N/A,1.5965,1.5985,N/A,1.4617,9.9029,9.306,11748.43,N/A,N/A,1247.35,N/A,4.5467,1.7745,66.777,2.0239,50.225,8.052,
2005-07-18,1.2054,135.29,1.956,0.5738,30.158,7.4604,15.6466,0.68995,246.48,3.4528,0.6961,0.4293,4.1141,N/A,3.5605,9.373,239.48,38.989,1.5601,78.65,7.9515,7.303,34.577,N/A,1.6089,1.6108,N/A,1.469,9.9765,9.3736,11818.95,N/A,N/A,1247.29,N/A,4.5805,1.7904,66.99,2.0354,50.398,8.0343,
2005-07-15,1.2073,135.35,1.9559,0.5738,30.241,7.4596,15.6466,0.6862,246.66,3.4528,0.696,0.4293,4.1355,N/A,3.5659,9.4148,239.46,39.14,1.5594,78.54,7.9695,7.31,34.605,N/A,1.6078,1.6087,N/A,1.4651,9.9922,9.3848,11795.32,N/A,N/A,1258.61,N/A,4.5855,1.7907,67.428,2.035,50.428,7.9892,
2005-07-14,1.2067,135.24,1.9556,0.5738,30.245,7.4586,15.6466,0.68645,246.68,3.4528,0.696,0.4293,4.1445,N/A,3.5637,9.3809,239.46,39.096,1.5581,78.7,7.922,7.3098,34.61,N/A,1.6114,1.6062,N/A,1.4538,9.9873,9.3856,11834.71,N/A,N/A,1244.71,N/A,4.587,1.7875,67.467,2.0395,50.498,8.0575,
2005-07-13,1.2184,135.67,1.9556,0.5736,30.286,7.461,15.6466,0.6899,247.13,3.4528,0.6962,0.4293,4.1605,N/A,3.5669,9.3855,239.47,39.161,1.5588,78.94,7.8895,7.3068,34.825,N/A,1.6215,1.6176,N/A,1.4668,10.0841,9.476,11922.04,N/A,N/A,1264.09,N/A,4.6299,1.7963,68.413,2.0561,50.925,7.9711,
2005-07-12,1.2166,135.33,1.9559,0.5736,30.211,7.4572,15.6466,0.68815,246.27,3.4528,0.6958,0.4293,4.104,N/A,3.5715,9.456,239.46,38.78,1.5563,78.89,7.8965,7.3128,34.785,N/A,1.6299,1.6143,N/A,1.4742,10.0692,9.4612,11900.78,N/A,N/A,1264.66,N/A,4.6231,1.7797,68.19,2.0537,50.815,8.1026,
2005-07-11,1.2006,134.4,1.9559,0.5736,30.166,7.4561,15.6466,0.688,247.04,3.4528,0.6961,0.4293,4.085,N/A,3.576,9.4744,239.48,38.879,1.5554,78.76,7.912,7.3101,34.478,N/A,1.6125,1.6129,N/A,1.4584,9.9368,9.3392,11720.86,N/A,N/A,1252.95,N/A,4.5623,1.776,67.51,2.0381,50.483,8.2184,
2005-07-08,1.1904,133.84,1.9558,0.5736,30.248,7.4546,15.6466,0.6863,247.82,3.4528,0.6959,0.4293,4.0726,N/A,3.5828,9.4296,239.48,38.941,1.553,78.51,7.8755,7.317,34.315,N/A,1.605,1.6089,N/A,1.4607,9.8523,9.2551,11669.49,N/A,N/A,1255.75,N/A,4.5235,1.7725,66.752,2.0289,50.161,8.2439,
2005-07-07,1.1957,133.53,1.9558,0.5734,30.278,7.4541,15.6466,0.6851,248.56,3.4528,0.696,0.4293,4.1104,N/A,3.5904,9.4287,239.46,38.954,1.5472,78.57,7.916,7.325,34.438,N/A,1.6241,1.6094,N/A,1.476,9.8962,9.294,11717.86,N/A,N/A,1254.17,N/A,4.5437,1.7669,67.127,2.0272,49.843,8.1747,
2005-07-06,1.1913,133.23,1.9559,0.5733,30.043,7.4534,15.6466,0.6785,247.22,3.4528,0.6959,0.4293,4.0605,N/A,3.5995,9.3693,239.45,38.395,1.5545,78.27,7.914,7.3295,34.351,N/A,1.6089,1.605,N/A,1.4803,9.8598,9.2603,11650.91,N/A,N/A,1251.64,N/A,4.5279,1.7629,66.915,2.0204,49.572,8.1422,
2005-07-05,1.1883,133.03,1.9559,0.5734,30.074,7.4528,15.6466,0.67735,247.2,3.4528,0.696,0.4293,4.0407,N/A,3.5963,9.4352,239.44,38.27,1.5521,78.47,7.914,7.3248,34.281,N/A,1.605,1.6039,N/A,1.4747,9.835,9.2377,11734.46,N/A,N/A,1249.97,N/A,4.5165,1.7628,66.872,2.0196,49.386,8.2023,
2005-07-04,1.1894,132.67,1.956,0.5735,30.013,7.4524,15.6466,0.67645,247.15,3.4528,0.6961,0.4293,4.0168,N/A,3.6009,9.474,239.45,38.31,1.5484,78.18,7.8815,7.325,34.279,N/A,1.6008,1.5876,N/A,1.4784,9.8441,9.2462,11733.43,N/A,N/A,1235.97,N/A,4.5207,1.7536,66.815,2.0149,49.296,8.1584,
2005-07-01,1.2087,134.24,1.9558,0.5735,29.99,7.4541,15.6466,0.679,246.64,3.4528,0.6962,0.4293,4.0233,N/A,3.603,9.4866,239.45,38.315,1.5519,78.76,7.881,7.3045,34.63,N/A,1.6163,1.596,N/A,1.4867,10.0038,9.3929,11815.04,N/A,N/A,1246.65,N/A,4.5941,1.7526,67.482,2.0415,49.923,8.0775,
2005-06-30,1.2092,133.95,1.9559,0.5735,30.03,7.4515,15.6466,0.6742,247.24,3.4528,0.6961,0.4293,4.0388,36030,N/A,9.4259,239.47,38.414,1.5499,78.71,7.9155,7.313,34.637,N/A,1.6194,1.5885,N/A,1.49,10.0079,9.399,11804.82,N/A,N/A,1239.85,N/A,4.596,1.7387,67.685,2.0377,49.938,8.0254,
2005-06-29,1.2054,133.03,1.9556,0.5735,30.03,7.4491,15.6466,0.6669,247.66,3.4528,0.6963,0.4293,4.0521,36041,N/A,9.4333,239.46,38.407,1.5471,78.99,7.897,7.3101,34.566,N/A,1.6264,1.5828,N/A,1.4864,9.9765,9.3698,11713.47,N/A,N/A,1243.25,N/A,4.5815,1.7219,67.472,2.0314,49.803,8.1063,
2005-06-28,1.2095,132.94,1.9558,0.5737,30.038,7.4494,15.6466,0.6646,247.77,3.4528,0.696,0.4293,4.0548,36056,N/A,9.393,239.44,38.439,1.5445,78.98,7.9465,7.316,34.618,N/A,1.6349,1.579,N/A,1.4919,10.0104,9.3984,11732.15,N/A,N/A,1234.57,N/A,4.5971,1.7238,67.339,2.033,49.892,8.0365,
2005-06-27,1.2164,132.91,1.956,0.5737,29.974,7.4491,15.6466,0.6651,247.72,3.4528,0.6962,0.4293,4.0496,36055,N/A,9.3723,239.46,38.328,1.5429,78.94,7.939,7.325,34.745,N/A,1.644,1.5815,N/A,1.5024,10.0675,9.4528,11754.07,N/A,N/A,1231.42,N/A,4.6233,1.7158,67.601,2.0382,49.976,8.1244,
2005-06-24,1.2082,131.92,1.9559,0.5735,29.938,7.448,15.6466,0.663,247.17,3.4528,0.6961,0.4293,4.0285,36133,N/A,9.4015,239.43,38.32,1.5412,79.67,7.9725,7.323,34.598,N/A,1.6375,1.5647,N/A,1.484,9.9997,9.3887,11659.13,N/A,N/A,1223.91,N/A,4.5922,1.7056,67.242,2.0215,49.595,8.1148,
2005-06-23,1.2066,130.88,1.9559,0.5736,29.792,7.4483,15.6466,0.6624,247.28,3.4528,0.6961,0.4293,4.0125,36080,N/A,9.3735,239.43,38.321,1.5391,79.85,7.93,7.3202,34.561,N/A,1.6381,1.5593,N/A,1.4916,9.9864,9.3754,11643.69,N/A,N/A,1217.4,N/A,4.5861,1.702,67.28,2.0146,49.485,8.1633,
2005-06-22,1.2111,131.79,1.9559,0.5735,29.871,7.4469,15.6466,0.66515,247.73,3.4528,0.696,0.4293,4.0408,36129,N/A,9.2711,239.45,38.314,1.5419,79.54,7.876,7.3251,34.657,N/A,1.6435,1.5601,N/A,1.4931,10.0237,9.4082,11704.68,N/A,N/A,1223.7,N/A,4.6032,1.6948,67.355,2.0252,49.883,8.1773,
2005-06-21,1.2092,132.2,1.9561,0.5736,29.913,7.4469,15.6466,0.6645,247.92,3.4528,0.6959,0.4293,4.0593,36174,N/A,9.2373,239.44,38.439,1.5425,79.71,7.874,7.324,34.603,N/A,1.6485,1.5617,N/A,1.4971,10.0079,9.4,11686.31,N/A,N/A,1225.52,N/A,4.596,1.6945,67.298,2.0257,49.837,8.1643,
2005-06-20,1.221,133.09,1.9557,0.5735,29.968,7.4455,15.6466,0.66855,248.47,3.4528,0.6959,0.4293,4.0725,36155,N/A,9.2273,239.53,38.449,1.5446,79.64,7.877,7.3257,34.793,N/A,1.6609,1.5695,N/A,1.5031,10.1056,9.4928,11773.49,N/A,N/A,1231.01,N/A,4.6408,1.7003,68.04,2.0411,50.195,8.1926,
2005-06-17,1.2177,132.47,1.9558,0.5738,29.883,7.4452,15.6466,0.6678,247.89,3.4528,0.6962,0.4293,4.0536,36153,N/A,9.2403,239.43,38.315,1.5441,79.31,7.863,7.31,34.74,N/A,1.6591,1.567,N/A,1.5077,10.0783,9.4665,11714.27,N/A,N/A,1229.02,N/A,4.6283,1.6991,67.552,2.0351,50.058,8.127,
2005-06-16,1.2115,132.26,1.956,0.5742,29.96,7.4429,15.6466,0.66465,247.97,3.4528,0.6959,0.4293,4.0564,36162,N/A,9.275,239.43,38.394,1.5395,79.07,7.8615,7.303,34.62,N/A,1.6564,1.5738,N/A,1.4984,10.027,9.4205,11663.72,N/A,N/A,1228.7,N/A,4.6047,1.6988,67.026,2.0261,49.599,8.1826,
2005-06-15,1.2069,132.06,1.9558,0.5742,29.948,7.4438,15.6466,0.6667,248.68,3.4528,0.696,0.4293,4.0318,36157,N/A,9.264,239.41,38.32,1.5388,79.79,7.871,7.295,34.521,N/A,1.6631,1.5757,N/A,1.5057,9.9889,9.3834,11595.29,N/A,N/A,1221.62,N/A,4.5872,1.6986,66.699,2.0228,49.423,8.2912,
2005-06-14,1.211,132.33,1.9559,0.5742,30.05,7.4407,15.6466,0.6695,248.98,3.4528,0.6959,0.4293,4.0477,36162,N/A,9.2835,239.43,38.565,1.5397,79.66,7.8765,7.3052,34.595,N/A,1.6618,1.583,N/A,1.5218,10.0228,9.4154,11631.66,N/A,N/A,1227.23,N/A,4.6028,1.7078,66.938,2.0277,49.562,8.3879,
2005-06-13,1.2062,131.74,1.9558,0.574,29.998,7.4412,15.6466,0.6683,249.58,3.4528,0.6958,0.4293,4.0372,36160,N/A,9.2665,239.43,38.645,1.5379,79.14,7.8485,7.315,34.339,N/A,1.6631,1.586,N/A,1.5165,9.9831,9.381,11615.71,N/A,N/A,1220.8,N/A,4.5846,1.7132,66.552,2.0247,49.345,8.2891,
2005-06-10,1.2229,131.42,1.9556,0.574,30.003,7.4448,15.6466,0.6704,249.97,3.4528,0.696,0.4293,4.027,36133,N/A,9.2228,239.51,38.651,1.5348,78.8,7.8375,7.305,34.805,N/A,1.6652,1.5952,N/A,1.5324,10.1213,9.5126,11739.84,N/A,N/A,1230.6,N/A,4.648,1.7194,67.412,2.0372,49.701,8.2237,
2005-06-09,1.2239,131.37,1.9558,0.5743,30.07,7.4457,15.6466,0.6713,250.56,3.4528,0.696,0.4293,4.0642,36175,N/A,9.201,239.49,38.685,1.5343,78.73,7.9135,7.313,34.819,N/A,1.6741,1.5946,N/A,1.5347,10.1296,9.5239,11780.04,N/A,N/A,1228.98,N/A,4.6518,1.7165,67.315,2.0353,49.821,8.3424,
2005-06-08,1.2324,131.69,1.9557,0.5744,30.094,7.4446,15.6466,0.67095,249.98,3.4528,0.6962,0.4293,4.0611,36144,N/A,9.193,239.52,38.575,1.5336,78.54,7.9,7.315,34.95,N/A,1.684,1.6013,N/A,1.5351,10.2,9.5893,11812.55,N/A,N/A,1239.49,N/A,4.6831,1.7221,67.418,2.0462,49.995,8.2235,
2005-06-07,1.2285,131.13,1.9558,0.5745,30.093,7.4427,15.6466,0.67155,249.45,3.4528,0.696,0.4293,4.059,36178,N/A,9.1304,239.52,38.598,1.5303,78.56,7.857,7.3255,34.893,N/A,1.6719,1.601,N/A,1.5286,10.1677,9.5588,11738.32,N/A,N/A,1234.03,N/A,4.6683,1.722,66.953,2.039,49.765,8.1201,
2005-06-06,1.2272,131.44,1.9558,0.5746,30.163,7.4395,15.6466,0.6748,249.36,3.4528,0.6959,0.4293,4.0893,36208,N/A,9.1357,239.47,38.739,1.5319,79.38,7.8725,7.332,34.882,N/A,1.6741,1.6104,N/A,1.5284,10.1569,9.5504,11772.53,N/A,N/A,1237.63,N/A,4.6634,1.7372,66.91,2.0405,49.79,8.2938,
2005-06-03,1.2289,132.57,1.9557,0.5747,30.174,7.4399,15.6466,0.6757,250.63,3.4528,0.6959,0.4293,4.1158,36150,N/A,9.141,239.5,38.769,1.5359,80.66,7.898,7.3248,34.85,N/A,1.6793,1.6241,N/A,1.5311,10.171,9.5645,11772.86,N/A,N/A,1238.12,N/A,4.6698,1.7498,67.006,2.0493,50.035,8.3573,
2005-06-02,1.2263,132.72,1.9558,0.5751,30.355,7.4405,15.6466,0.67535,252.79,3.4528,0.696,0.4293,4.1198,36164,N/A,9.1528,239.5,38.896,1.5348,79.77,7.906,7.321,34.772,N/A,1.6549,1.6305,N/A,1.53,10.1495,9.5444,11741.82,N/A,N/A,1241.81,N/A,4.6599,1.7528,66.901,2.0515,49.894,8.4172,
2005-06-01,1.2228,132.84,1.9559,0.5751,30.405,7.4404,15.6466,0.67545,254.09,3.4528,0.696,0.4293,4.1622,36199,N/A,9.14,239.5,39.185,1.531,79.14,7.917,7.3255,34.728,N/A,1.6718,1.6347,N/A,1.5341,10.1205,9.5183,11708.31,N/A,N/A,1236.01,N/A,4.6466,1.7511,66.71,2.0491,49.864,8.4664,
2005-05-31,1.2331,133.47,1.9554,0.576,30.372,7.4423,15.6466,0.6771,253.6,3.4528,0.696,0.4293,4.116,36215,N/A,9.1608,239.48,39.064,1.5372,79.81,7.939,7.327,34.837,N/A,1.6748,1.6309,N/A,1.5531,10.2058,9.5926,11723.7,N/A,N/A,1242.9,N/A,4.6858,1.7454,67.229,2.0552,50.058,8.2849,
2005-05-30,1.2472,134.68,1.9558,0.5763,30.477,7.4427,15.6466,0.68495,254.01,3.4528,0.696,0.4293,4.144,36195,N/A,9.1768,239.52,39.134,1.5447,80.56,7.9585,7.32,35.061,N/A,1.7134,1.6386,N/A,1.5679,10.3225,9.7025,11830.94,N/A,N/A,1250.38,N/A,4.7393,1.7512,67.866,2.072,50.37,8.2824,
2005-05-27,1.2551,135.27,1.9558,0.5764,30.516,7.4434,15.6466,0.6871,253.16,3.4528,0.6962,0.4293,4.1617,36168,N/A,9.1975,239.53,39.189,1.5479,81.13,7.971,7.315,35.235,N/A,1.728,1.6475,N/A,1.5845,10.3878,9.7623,11907.76,N/A,N/A,1258.36,N/A,4.7693,1.759,68.246,2.0816,50.779,8.3279,
2005-05-26,1.2523,135.58,1.9559,0.5764,30.495,7.4438,15.6466,0.6874,254.26,3.4528,0.6959,0.4293,4.1775,36144,N/A,9.2,239.52,39.21,1.5472,81.02,8.009,7.318,35.18,N/A,1.7358,1.6473,N/A,1.5886,10.3647,9.7439,11884.33,N/A,N/A,1254.55,N/A,4.7586,1.7595,68.282,2.0801,50.599,8.2949,
2005-05-25,1.2564,135.33,1.9555,0.5767,30.546,7.4468,15.6466,0.68785,255.18,3.4528,0.696,0.4293,4.1834,36175,N/A,9.1783,239.52,39.215,1.5458,81.11,8.056,7.3151,35.23,N/A,1.7455,1.6528,N/A,1.5831,10.3986,9.777,11906.27,N/A,N/A,1257.28,N/A,4.7742,1.7648,68.392,2.0828,50.486,8.2404,
2005-05-24,1.2617,135.39,1.962,0.5767,30.351,7.4484,15.6466,0.68765,253.9,3.4528,0.696,0.4293,4.1808,36163,N/A,9.1812,239.48,38.975,1.5467,81.03,8.0885,7.313,35.336,N/A,1.7504,1.6527,N/A,1.5893,10.4425,9.8146,11948.3,N/A,N/A,1262.84,N/A,4.7944,1.7662,68.794,2.0877,50.487,8.2052,
2005-05-23,1.2548,135.45,1.9558,0.5767,30.354,7.4491,15.6466,0.6863,252.45,3.4528,0.6962,0.4293,4.1796,36165,N/A,9.18,239.5,39.04,1.5467,81.93,8.113,7.326,35.215,N/A,1.7422,1.6599,N/A,1.5848,10.3854,9.7717,11882.96,N/A,N/A,1260.13,N/A,4.7681,1.7729,68.65,2.0839,50.303,8.2345,
2005-05-20,1.2607,135.98,1.9559,0.5769,30.24,7.447,15.6466,0.68715,251.95,3.4528,0.696,0.4293,4.1736,36173,N/A,9.1885,239.5,38.91,1.5483,81.96,8.1345,7.321,35.295,N/A,1.7228,1.6636,N/A,1.589,10.4342,9.8224,11913.62,N/A,N/A,1266.25,N/A,4.7906,1.7761,68.803,2.0906,50.372,8.0849,
2005-05-19,1.2642,135.62,1.9559,0.5772,30.205,7.4462,15.6466,0.6872,251.45,3.4528,0.6963,0.4293,4.1615,36144,N/A,9.191,239.52,38.89,1.5433,82.13,8.1135,7.322,35.34,N/A,1.7266,1.6669,N/A,1.5952,10.4632,9.8498,11946.69,N/A,N/A,1270.65,N/A,4.8039,1.7765,69.057,2.0913,50.456,8.0987,
2005-05-18,1.2621,135.44,1.9559,0.577,30.268,7.4457,15.6466,0.68835,252.65,3.4528,0.6961,0.4293,4.1973,36151,N/A,9.2162,239.5,39.038,1.5426,82.94,8.094,7.33,35.353,N/A,1.738,1.669,N/A,1.5976,10.4458,9.8395,11926.85,N/A,N/A,1268.66,N/A,4.7959,1.7821,68.879,2.0858,50.326,8.1191,
2005-05-17,1.2636,135.52,1.9559,0.577,30.27,7.443,15.6466,0.68735,252.98,3.4528,0.696,0.4293,4.2133,36120,N/A,9.226,239.5,39.075,1.543,83.29,8.0956,7.315,35.375,N/A,1.746,1.6701,N/A,1.6049,10.4582,9.8552,11909.43,N/A,N/A,1269.41,N/A,4.8016,1.7823,68.658,2.0934,50.371,8.1124,
2005-05-16,1.2616,135.63,1.9559,0.5773,30.155,7.4424,15.6466,0.6869,252.7,3.4528,0.6961,0.4293,4.2237,36156,N/A,9.224,239.49,39.15,1.5445,84.25,8.1136,7.31,35.337,N/A,1.7469,1.6698,N/A,1.6016,10.4416,9.8394,11953.66,N/A,N/A,1273.21,N/A,4.794,1.7857,68.776,2.0947,50.312,8.0468,
2005-05-13,1.2635,135.2,1.9559,0.5775,30,7.4427,15.6466,0.68015,250.56,3.4528,0.6961,0.4293,4.1656,36168,N/A,9.2067,239.5,38.888,1.5449,84.25,8.096,7.309,35.29,N/A,1.7298,1.6581,N/A,1.584,10.4574,9.8538,11971.66,N/A,N/A,1265.52,N/A,4.8012,1.7712,68.513,2.0939,49.948,8.0115,
2005-05-12,1.2771,135.66,1.9559,0.5783,29.93,7.4428,15.6466,0.6833,250.38,3.4528,0.6959,0.4293,4.1402,36114,N/A,9.2105,239.52,38.818,1.5461,84.29,8.092,7.325,35.593,N/A,1.7316,1.6565,N/A,1.5955,10.5699,9.9582,12094.14,N/A,N/A,1276.59,N/A,4.8529,1.7675,69.187,2.1088,50.367,7.9643,
2005-05-11,1.2882,135.7,1.9559,0.5784,30.05,7.4433,15.6466,0.6841,250.68,3.4528,0.696,0.4293,4.1695,36196,N/A,9.2008,239.51,38.91,1.5443,83.49,8.083,7.332,35.832,N/A,1.7636,1.6543,N/A,1.6001,10.6618,10.0449,12181.22,N/A,N/A,1288.2,N/A,4.8951,1.757,69.8,2.1148,50.699,7.9453,
2005-05-10,1.2854,135.86,1.9559,0.5791,30.035,7.4419,15.6466,0.6828,251.33,3.4528,0.696,0.4293,4.1673,36123,N/A,9.2005,239.51,38.87,1.5467,83.21,8.091,7.325,35.735,N/A,1.7496,1.6615,N/A,1.5918,10.6386,10.0241,12153.46,N/A,N/A,1284.24,N/A,4.8844,1.7596,69.637,2.1141,50.767,7.9548,
2005-05-09,1.2824,135.46,1.9559,0.5791,29.85,7.4412,15.6466,0.6815,249.5,3.4528,0.6962,0.4293,4.1197,36079,N/A,9.1823,239.5,38.645,1.5476,82.84,8.1265,7.325,35.646,N/A,1.7383,1.6588,N/A,1.5876,10.6138,9.9993,12160.36,N/A,N/A,1283.55,N/A,4.873,1.7552,69.346,2.1084,50.704,7.8329,
2005-05-06,1.2947,135.71,1.9559,0.5793,29.899,7.4433,15.6466,0.68205,249.68,3.4528,0.6959,0.4293,4.131,36179,N/A,9.1633,239.53,38.76,1.5485,83.07,8.1115,7.344,35.988,N/A,1.7476,1.6622,N/A,1.6058,10.7156,10.0897,12283.47,N/A,N/A,1292.24,N/A,4.9198,1.7612,69.946,2.1244,51.033,7.7886,
2005-05-05,1.2954,135.28,1.9559,0.5797,29.961,7.4449,15.6466,0.6807,248.91,3.4528,0.6958,0.4293,4.1542,36326,N/A,9.168,239.53,38.804,1.5457,83.14,8.1119,7.346,35.99,N/A,1.7352,1.6589,N/A,1.6158,10.7214,10.096,12319.25,N/A,N/A,1295.01,N/A,4.9239,1.7635,69.88,2.1194,51.124,7.7365,
2005-05-04,1.2953,135.21,1.9559,0.5808,30.148,7.4439,15.6466,0.68175,250.05,3.4528,0.6961,0.4293,4.195,36231,N/A,9.1718,239.48,38.89,1.541,82.95,8.1115,7.35,35.995,N/A,1.7534,1.6652,N/A,1.6176,10.7206,10.092,12318.3,N/A,N/A,1294.91,N/A,4.922,1.7712,70.043,2.1181,51.138,7.8145,
2005-05-03,1.2856,135.23,1.9559,0.5823,30.323,7.4443,15.6466,0.67995,251.55,3.4528,0.6961,0.4293,4.2295,36230,N/A,9.2249,239.55,39.27,1.5438,82.24,8.144,7.355,35.785,N/A,1.7673,1.6625,N/A,1.6153,10.6403,10.0226,12258.2,N/A,N/A,1288.81,N/A,4.8852,1.7731,69.712,2.1078,50.827,7.8801,
2005-05-02,1.2863,135.54,1.9559,0.5823,30.385,7.4454,15.6466,0.67625,252.05,3.4528,0.6961,0.4288,4.2637,36226,N/A,9.1994,239.58,39.345,1.5402,81.2,8.1365,7.355,35.758,N/A,1.7838,1.6481,N/A,1.6189,10.6461,10.0288,12264.87,N/A,N/A,1287.71,N/A,4.8878,1.7621,69.557,2.1067,50.83,7.8403,
2005-04-29,1.2957,136.24,1.9559,0.5818,30.499,7.446,15.6466,0.6775,252.51,3.4528,0.6961,0.4293,4.2715,36180,N/A,9.1805,239.58,39.435,1.5374,81.67,8.143,7.362,35.989,N/A,1.8031,1.6565,N/A,1.6191,10.7239,10.1017,12386.89,N/A,N/A,1291.94,N/A,4.9236,1.7669,70.13,2.1191,51.11,7.9067,
2005-04-28,1.2905,136.63,1.9559,0.5818,30.52,7.447,15.6466,0.6773,252.09,3.4528,0.6961,0.4291,4.2712,36174,N/A,9.1413,239.58,39.863,1.5397,82.3,8.145,7.365,35.88,N/A,1.7893,1.6591,N/A,1.6172,10.6808,10.0646,12362.99,N/A,N/A,1293.86,N/A,4.9038,1.7756,70.197,2.125,51.06,7.9202,
2005-04-27,1.292,137.35,1.9559,0.582,30.225,7.4472,15.6466,0.6796,249.52,3.4528,0.6961,0.4294,4.2197,36160,N/A,9.1403,239.61,39.62,1.5434,82.36,8.127,7.375,35.925,N/A,1.7763,1.6654,N/A,1.6121,10.6932,10.0761,12351.52,N/A,N/A,1295.75,N/A,4.9095,1.7917,70.253,2.129,51.143,7.8992,
2005-04-26,1.2981,137.54,1.9559,0.5821,30.247,7.4489,15.6466,0.68115,249.23,3.4528,0.6962,0.4298,4.2054,36183,N/A,9.1453,239.61,39.695,1.5418,82.46,8.1315,7.385,36.035,N/A,1.7662,1.6661,N/A,1.6112,10.7437,10.1235,12572.1,N/A,N/A,1296.54,N/A,4.9327,1.7831,70.519,2.1384,51.257,7.9119,
2005-04-25,1.2966,137.31,1.9559,0.5821,30.355,7.449,15.6466,0.67865,249.98,3.4528,0.6962,0.4294,4.2033,36148,N/A,9.1523,239.61,39.8,1.5441,82.09,8.155,7.394,36.005,N/A,1.772,1.6637,N/A,1.6082,10.7313,10.1095,12641.85,N/A,N/A,1295.3,N/A,4.927,1.7746,70.114,2.1343,51.093,7.8714,
2005-04-22,1.3077,138.96,1.9559,0.5822,30.278,7.4497,15.6466,0.68285,249.15,3.4528,0.6959,0.4302,4.182,36000,N/A,9.1704,239.61,39.59,1.5435,81.46,8.1625,7.386,36.25,N/A,1.7762,1.6773,N/A,1.6148,10.8232,10.1943,12652,N/A,N/A,1313.06,N/A,4.9692,1.7911,70.845,2.154,51.595,7.928,
2005-04-21,1.3058,140.27,1.9559,0.5822,30.196,7.4494,15.6466,0.68475,248.2,3.4528,0.6961,0.4304,4.1701,36129,N/A,9.1855,239.61,39.535,1.5427,81.75,8.156,7.38,36.194,N/A,1.7813,1.6872,N/A,1.6226,10.8075,10.1844,12633.62,N/A,N/A,1314.03,N/A,4.9619,1.7976,71.238,2.1564,51.716,7.9636,
2005-04-20,1.3049,139.5,1.9559,0.5822,30.205,7.4518,15.6466,0.6813,248.23,3.4528,0.6959,0.43,4.1577,36330,N/A,9.1923,239.61,39.5,1.544,81.62,8.1865,7.383,36.186,N/A,1.773,1.684,N/A,1.6162,10.8,10.1775,12508.12,N/A,N/A,1316.51,N/A,4.9585,1.7987,70.954,2.1508,51.402,8.0372,
2005-04-19,1.2996,139.54,1.9559,0.5822,30.429,7.4529,15.6466,0.6807,250.4,3.4528,0.696,0.4298,4.2082,36305,N/A,9.2005,239.63,39.825,1.545,81.88,8.2075,7.365,36.1,N/A,1.789,1.6947,N/A,1.6209,10.7561,10.1357,12443.67,N/A,N/A,1317.53,N/A,4.9384,1.8086,70.731,2.1472,51.395,8.1098,
2005-04-18,1.2967,139.6,1.9559,0.5825,30.19,7.4536,15.6466,0.6832,248.47,3.4528,0.6959,0.43,4.1916,36138,N/A,9.177,239.61,39.595,1.5476,81.78,8.22,7.382,36.06,N/A,1.7934,1.69,N/A,1.6193,10.7321,10.1129,12422.39,N/A,N/A,1322.24,N/A,4.9274,1.8119,70.897,2.147,51.317,8.1469,
2005-04-15,1.2868,139.08,1.9559,0.5828,30.096,7.4531,15.6466,0.682,247.75,3.4528,0.6959,0.4296,4.1425,36248,N/A,9.1785,239.67,39.246,1.5532,80.97,8.232,7.38,35.865,N/A,1.7776,1.6717,N/A,1.6,10.6502,10.0354,12272.21,N/A,N/A,1315.75,N/A,4.8897,1.7994,70.291,2.134,51.075,8.1191,
2005-04-14,1.282,138.64,1.9559,0.5829,29.963,7.4517,15.6466,0.68135,246.87,3.4528,0.6959,0.4294,4.1218,36252,N/A,9.168,239.7,38.89,1.5547,81.17,8.2465,7.375,35.695,N/A,1.7472,1.6598,N/A,1.5956,10.6105,9.9982,12204.64,N/A,N/A,1303.28,N/A,4.8715,1.7719,69.773,2.1215,50.943,7.9455,
2005-04-13,1.2922,138.71,1.9559,0.5829,29.912,7.45,15.6466,0.68335,246.15,3.4528,0.696,0.4299,4.0873,36085,N/A,9.1515,239.69,38.686,1.5499,81.6,8.191,7.391,35.915,N/A,1.7373,1.6598,N/A,1.5979,10.6949,10.0783,12253.29,N/A,N/A,1306.93,N/A,4.9103,1.7852,69.876,2.1233,51.042,7.9176,
2005-04-12,1.2985,139.97,1.9559,0.5829,29.893,7.4502,15.6466,0.6854,245.93,3.4528,0.696,0.4303,4.0793,36176,N/A,9.1578,239.71,38.66,1.5494,80.47,8.176,7.395,36.063,N/A,1.7467,1.6738,N/A,1.6022,10.747,10.1272,12318.87,N/A,N/A,1315.9,N/A,4.9342,1.7983,70.346,2.1388,51.511,7.9634,
2005-04-11,1.2971,139.76,1.9559,0.5829,29.897,7.4491,15.6466,0.6864,245.87,3.4528,0.6961,0.4304,4.0879,36359,N/A,9.1703,239.72,38.72,1.5489,79.51,8.173,7.395,36.03,N/A,1.7507,1.6745,N/A,1.5927,10.7354,10.1166,12309.48,N/A,N/A,1316.56,N/A,4.9289,1.8002,70.4,2.1394,51.365,7.8754,
2005-04-08,1.2819,139.46,1.9558,0.583,29.945,7.4489,15.6466,0.6859,245.96,3.4528,0.6963,0.43,4.111,36447,N/A,9.1597,239.72,38.825,1.5505,78.72,8.1635,7.402,35.725,N/A,1.7335,1.6717,N/A,1.5749,10.6096,9.9979,12178.05,N/A,N/A,1301.38,N/A,4.8711,1.7976,69.985,2.1288,50.896,7.9483,
2005-04-07,1.2923,139.84,1.9559,0.5833,29.958,7.4493,15.6466,0.6874,246.4,3.4528,0.6962,0.4304,4.1081,36447,N/A,9.1478,239.7,38.9,1.5497,78.94,8.162,7.411,35.963,N/A,1.7354,1.6798,N/A,1.5746,10.6957,10.079,12263.93,N/A,N/A,1308.45,N/A,4.9106,1.8057,70.398,2.1383,51.196,7.9137,
2005-04-06,1.286,139.75,1.9558,0.5842,29.956,7.45,15.6466,0.68505,247.23,3.4528,0.6961,0.4298,4.1273,36492,N/A,9.1612,239.68,38.915,1.5508,78.76,8.167,7.415,35.845,N/A,1.7462,1.6804,N/A,1.5708,10.6436,10.0302,12191.28,N/A,N/A,1303.23,N/A,4.8867,1.8092,70.376,2.1378,50.872,7.8774,
2005-04-05,1.281,139.16,1.9558,0.5846,29.995,7.45,15.6466,0.6841,247.44,3.4528,0.6961,0.4299,4.1297,36449,N/A,9.1765,239.7,38.935,1.5541,78.32,8.164,7.419,35.79,N/A,1.7515,1.6758,N/A,1.5683,10.6022,9.9914,12163.1,N/A,N/A,1303.42,N/A,4.8677,1.8188,70.231,2.1329,50.79,7.9995,
2005-04-04,1.2883,139.18,1.9441,0.5846,30.02,7.4502,15.6466,0.687,247.36,3.4528,0.6961,0.4302,4.1113,36498,N/A,9.1818,239.68,38.885,1.5535,78.43,8.198,7.425,35.938,N/A,1.7564,1.6777,N/A,1.5691,10.6626,10.048,12219.53,N/A,N/A,1305.6,N/A,4.8954,1.8214,70.631,2.1456,50.939,7.9968,
2005-04-01,1.2959,139.07,1.9558,0.584,30.031,7.4502,15.6466,0.68665,247.25,3.4528,0.696,0.4304,4.0876,36627,N/A,9.1687,239.7,38.75,1.5527,78.59,8.195,7.422,36.115,N/A,1.7521,1.6803,N/A,1.5736,10.7255,10.1063,12272.17,N/A,N/A,1306.01,N/A,4.9243,1.8239,70.944,2.1449,50.745,8.0119,
2005-03-31,1.2964,138.44,1.9559,0.5846,29.955,7.4495,15.6466,0.6885,247.2,3.4528,0.696,0.4306,4.0807,36767,N/A,9.143,239.73,38.672,1.5486,78.64,8.206,N/A,N/A,N/A,1.7572,1.6763,N/A,1.5737,N/A,10.111,N/A,N/A,N/A,1316.49,N/A,N/A,1.8237,N/A,2.1377,N/A,8.0898,
2005-03-30,1.2943,139.13,1.9559,0.5845,30.085,7.4493,15.6466,0.6877,247.15,3.4528,0.6959,0.4305,4.1118,36677,N/A,9.1325,239.7,38.87,1.5513,79.33,8.186,N/A,N/A,N/A,1.7846,1.679,N/A,1.5685,N/A,10.0949,N/A,N/A,N/A,1324.72,N/A,N/A,1.8266,N/A,2.1374,N/A,8.1941,
2005-03-29,1.2926,138.61,1.9558,0.5843,30.205,7.4493,15.6466,0.68995,248.25,3.4528,0.696,0.4307,4.1571,36429,N/A,9.1197,239.71,39.148,1.5522,79.43,8.219,N/A,N/A,N/A,1.8019,1.6736,N/A,1.5683,N/A,10.0821,N/A,N/A,N/A,1317.42,N/A,N/A,1.8203,N/A,2.1348,N/A,8.2239,
2005-03-24,1.2982,138.1,1.9558,0.5842,30.097,7.4497,15.6466,0.6944,247.28,3.4528,0.696,0.4314,4.1207,36600,N/A,9.1087,239.68,39.035,1.5538,79.68,8.2,N/A,N/A,N/A,1.7575,1.6803,N/A,1.5809,N/A,10.1258,N/A,N/A,N/A,1315.73,N/A,N/A,1.8211,N/A,2.1383,N/A,8.0565,
2005-03-23,1.305,137.7,1.9559,0.5842,30.078,7.4491,15.6466,0.6946,247.7,3.4528,0.6961,0.4316,4.1198,36311,N/A,9.1114,239.67,39.12,1.5557,79.77,8.1818,N/A,N/A,N/A,1.7776,1.679,N/A,1.5834,N/A,10.1786,N/A,N/A,N/A,1316.09,N/A,N/A,1.8016,N/A,2.1393,N/A,8.0879,
2005-03-22,1.3175,138.45,1.9559,0.5838,29.905,7.448,15.6466,0.6941,246.03,3.4528,0.6961,0.4324,4.063,36449,N/A,9.1392,239.68,38.775,1.5523,78.65,8.1735,N/A,N/A,N/A,1.7606,1.6709,N/A,1.5872,N/A,10.2762,N/A,N/A,N/A,1330.15,N/A,N/A,1.7855,N/A,2.1538,N/A,8.0058,
2005-03-21,1.3199,139.09,1.9559,0.5834,30.144,7.4476,15.6466,0.6941,247.15,3.4528,0.6962,0.4324,4.1267,36367,N/A,9.1371,239.69,38.895,1.5516,77.49,8.14,N/A,N/A,N/A,1.7768,1.6751,N/A,1.6001,N/A,10.2947,N/A,N/A,N/A,1331.91,N/A,N/A,1.7867,N/A,2.1524,N/A,8.1141,
2005-03-18,1.3279,139.28,1.9558,0.5834,29.749,7.4478,15.6466,0.69345,245.66,3.4528,0.6962,0.4324,4.0675,36276,N/A,9.1144,239.7,38.28,1.5495,78.08,8.128,N/A,N/A,N/A,1.7546,1.6802,N/A,1.6027,N/A,10.3552,N/A,N/A,N/A,1334.54,N/A,N/A,1.7951,N/A,2.1613,N/A,8.0401,
2005-03-17,1.3378,139.72,1.9558,0.5831,29.978,7.4474,15.6466,0.6959,247.84,3.4528,0.6961,0.4326,4.1171,36670,N/A,9.1023,239.68,38.775,1.5471,78.24,8.141,N/A,N/A,N/A,1.7886,1.6876,N/A,1.614,N/A,10.4346,N/A,N/A,N/A,1338.94,N/A,N/A,1.801,N/A,2.1717,N/A,8.2177,
2005-03-16,1.3373,139.33,1.9559,0.5828,29.85,7.4472,15.6466,0.696,246.08,3.4528,0.6961,0.4325,4.0691,36153,N/A,9.09,239.7,38.461,1.5462,78.71,8.201,N/A,N/A,N/A,1.7783,1.6906,N/A,1.6094,N/A,10.4305,N/A,N/A,N/A,1342.38,N/A,N/A,1.8065,N/A,2.1683,N/A,8.1594,
2005-03-15,1.3383,139.74,1.9559,0.5824,29.625,7.4474,15.6466,0.6962,244.78,3.4528,0.6959,0.4326,4.0054,36001,N/A,9.0958,239.69,37.756,1.5503,78.58,8.186,N/A,N/A,N/A,1.7301,1.6911,N/A,1.6113,N/A,10.4386,N/A,N/A,N/A,1343.52,N/A,N/A,1.8066,N/A,2.1679,N/A,8.0144,
2005-03-14,1.3372,140.12,1.9559,0.5821,29.615,7.4467,15.6466,0.6974,245.13,3.4528,0.696,0.4326,4.0067,35988,N/A,9.075,239.7,37.836,1.5516,79.01,8.176,N/A,N/A,N/A,1.729,1.6995,N/A,1.6157,N/A,10.4298,N/A,N/A,N/A,1338.27,N/A,N/A,1.8142,N/A,2.1694,N/A,8.004,
2005-03-11,1.3416,139.67,1.9559,0.5825,29.475,7.4462,15.6466,0.69865,243.2,3.4528,0.696,0.433,3.9519,35885,N/A,9.063,239.72,37.649,1.55,79.27,8.177,N/A,N/A,N/A,1.7002,1.6944,N/A,1.6176,N/A,10.4638,N/A,N/A,N/A,1342.14,N/A,N/A,1.8173,N/A,2.1733,N/A,7.8354,
2005-03-10,1.3409,139.62,1.9559,0.5825,29.503,7.4459,15.6466,0.69645,243.88,3.4528,0.6962,0.4327,3.9725,36051,N/A,9.0693,239.7,37.761,1.5484,79.14,8.174,N/A,N/A,N/A,1.7215,1.6938,N/A,1.6112,N/A,10.458,N/A,N/A,N/A,1341.3,N/A,N/A,1.8147,N/A,2.1731,N/A,7.8918,
2005-03-09,1.3346,139.18,1.9559,0.5823,29.331,7.4462,15.6466,0.69385,241.68,3.4528,0.696,0.4322,3.904,35951,N/A,9.053,239.73,37.555,1.5535,79.14,8.175,N/A,N/A,N/A,1.707,1.6855,N/A,1.6145,N/A,10.4097,N/A,N/A,N/A,1336.07,N/A,N/A,1.8189,N/A,2.1639,N/A,7.7337,
2005-03-08,1.3246,138.94,1.9559,0.5823,29.523,7.4448,15.6466,0.6889,241.53,3.4528,0.6963,0.4313,3.889,35867,N/A,9.0499,239.69,37.604,1.5509,79.39,8.201,N/A,N/A,N/A,1.6792,1.6655,N/A,1.6242,N/A,10.3317,N/A,N/A,N/A,1330.3,N/A,N/A,1.7964,N/A,2.1502,N/A,7.7414,
2005-03-07,1.3197,138.88,1.9559,0.5825,29.55,7.4434,15.6466,0.6896,241.8,3.4528,0.6963,0.4314,3.8758,36025,N/A,9.0365,239.69,37.65,1.5518,79.8,8.216,N/A,N/A,N/A,1.6642,1.6682,N/A,1.6267,N/A,10.2934,N/A,N/A,N/A,1325.9,N/A,N/A,1.798,N/A,2.1483,N/A,7.7538,
2005-03-04,1.3115,138.33,1.9559,0.5827,29.665,7.4438,15.6466,0.6876,242.44,3.4528,0.6964,0.4309,3.9287,36497,N/A,9.0555,239.69,37.884,1.5491,79.82,8.2275,N/A,N/A,N/A,1.6732,1.6715,N/A,1.6317,N/A,10.2295,N/A,N/A,N/A,1322.39,N/A,N/A,1.8031,N/A,2.1375,N/A,7.8168,
2005-03-03,1.3144,137.83,1.9559,0.583,29.585,7.4436,15.6466,0.6878,242.23,3.4528,0.6962,0.431,3.904,36443,N/A,9.0464,239.73,37.896,1.5461,79.88,8.221,N/A,N/A,N/A,1.6784,1.6746,N/A,1.6341,N/A,10.252,N/A,N/A,N/A,1322.68,N/A,N/A,1.8049,N/A,2.1381,N/A,7.7793,
2005-03-02,1.3101,137.43,1.9559,0.583,29.647,7.4433,15.6466,0.6859,242.21,3.4528,0.6961,0.4307,3.9098,36443,N/A,9.0627,239.73,37.858,1.5413,79.88,8.206,N/A,N/A,N/A,1.6841,1.6792,N/A,1.6286,N/A,10.2185,N/A,N/A,N/A,1319.79,N/A,N/A,1.8077,N/A,2.1346,N/A,7.7544,
2005-03-01,1.3216,137.9,1.9559,0.5834,29.63,7.442,15.6466,0.6879,241.78,3.4528,0.6961,0.4311,3.8763,36281,N/A,9.0517,239.71,37.838,1.5357,80.25,8.212,N/A,N/A,N/A,1.6941,1.6771,N/A,1.6306,N/A,10.3082,N/A,N/A,N/A,1327.55,N/A,N/A,1.8201,N/A,2.1448,N/A,7.7193,
2005-02-28,1.3257,138.04,1.9559,0.5838,29.743,7.443,15.6466,0.68975,241.84,3.4528,0.6961,0.4315,3.9066,36433,N/A,9.0576,239.7,37.874,1.5392,80.33,8.22,N/A,N/A,N/A,1.7009,1.673,N/A,1.634,N/A,10.3396,N/A,N/A,N/A,1333.79,N/A,N/A,1.8178,N/A,2.1562,N/A,7.6734,
2005-02-25,1.3165,138.74,1.9559,0.5837,29.723,7.4418,15.6466,0.68975,242.28,3.4528,0.6961,0.4313,3.9233,36226,N/A,9.0724,239.71,37.858,1.5426,80.24,8.2615,N/A,N/A,N/A,1.704,1.6824,N/A,1.6358,N/A,10.2685,N/A,N/A,N/A,1327.56,N/A,N/A,1.8288,N/A,2.152,N/A,7.6994,
2005-02-24,1.326,139.07,1.9559,0.5836,29.86,7.4413,15.6466,0.69395,242.11,3.4528,0.6961,0.4321,3.9389,36331,N/A,9.0734,239.72,37.85,1.5391,80.68,8.235,N/A,N/A,N/A,1.7145,1.6816,N/A,1.6511,N/A,10.3425,N/A,N/A,N/A,1334.62,N/A,N/A,1.8309,N/A,2.1586,N/A,7.6845,
2005-02-23,1.3203,138.45,1.9559,0.583,29.935,7.4416,15.6466,0.6917,242.14,3.4528,0.696,0.4316,3.9523,36596,N/A,9.098,239.73,37.913,1.5389,80.48,8.2605,N/A,N/A,N/A,1.7272,1.6695,N/A,1.6271,N/A,10.2982,N/A,N/A,N/A,1325.71,N/A,N/A,1.8215,N/A,2.1473,N/A,7.684,
2005-02-22,1.3193,137.42,1.9559,0.583,29.845,7.4432,15.6466,0.6913,242.97,3.4528,0.696,0.4315,3.9674,36649,N/A,9.0993,239.74,38.045,1.538,80.43,8.27,N/A,N/A,N/A,1.712,1.6639,N/A,1.6205,N/A,10.2894,N/A,N/A,N/A,1327.08,N/A,N/A,1.8066,N/A,2.1474,N/A,7.7113,
2005-02-21,1.3055,137.76,1.9559,0.583,29.922,7.444,15.6466,0.6891,243.65,3.4528,0.6961,0.4309,3.9877,36034,N/A,9.12,239.75,38.054,1.5447,79.9,8.2855,N/A,N/A,N/A,1.7062,1.6558,N/A,1.6073,N/A,10.1825,N/A,N/A,N/A,1335.79,N/A,N/A,1.7979,N/A,2.1379,N/A,7.7531,
2005-02-18,1.3039,137.63,1.9559,0.583,29.893,7.4436,15.6466,0.6891,243.05,3.4528,0.696,0.4309,3.9904,36168,N/A,9.0914,239.75,38.05,1.5475,80.68,8.288,N/A,N/A,N/A,1.704,1.659,N/A,1.6051,N/A,10.1703,N/A,N/A,N/A,1335.32,N/A,N/A,1.812,N/A,2.1359,N/A,7.7296,
2005-02-17,1.3041,137.8,1.9559,0.5831,29.985,7.4436,15.6466,0.6912,243.27,3.4528,0.6961,0.4312,4.0014,37348,N/A,9.1048,239.76,38.13,1.5485,81.12,8.366,N/A,N/A,N/A,1.7116,1.6597,N/A,1.6101,N/A,10.1717,N/A,N/A,N/A,1337.62,N/A,N/A,1.8216,N/A,2.1422,N/A,7.7995,
2005-02-16,1.304,137,1.9559,0.5831,30.062,7.4429,15.6466,0.69135,243.85,3.4528,0.696,0.4312,4.0059,38339,N/A,9.0761,239.75,38.072,1.5469,81.08,8.359,N/A,N/A,N/A,1.7126,1.6626,N/A,1.6078,N/A,10.1708,N/A,N/A,N/A,1337.9,N/A,N/A,1.8237,N/A,2.1377,N/A,7.8139,
2005-02-15,1.3016,136.42,1.9559,0.5831,30.081,7.4444,15.6466,0.6885,244.33,3.4528,0.696,0.4308,3.973,36469,N/A,9.0706,239.73,38.093,1.5507,81.08,8.372,N/A,N/A,N/A,1.7036,1.6574,N/A,1.6052,N/A,10.152,N/A,N/A,N/A,1336.48,N/A,N/A,1.8192,N/A,2.1341,N/A,7.8627,
2005-02-14,1.2967,136.2,1.9559,0.5831,30.069,7.4439,15.6466,0.6873,244.27,3.4528,0.696,0.4305,4.011,35015,N/A,9.0972,239.75,38.115,1.5545,81.13,8.4165,N/A,N/A,N/A,1.7053,1.6471,N/A,1.596,N/A,10.1138,N/A,N/A,N/A,1329.38,N/A,N/A,1.8093,N/A,2.1286,N/A,7.8129,
2005-02-11,1.2855,136.11,1.9558,0.5831,30.065,7.4421,15.6466,0.6897,244.47,3.4528,0.6959,0.4305,4.0218,36024,N/A,9.0975,239.75,38.154,1.5551,80.94,8.422,N/A,N/A,N/A,1.6982,1.6438,N/A,1.5986,N/A,10.0268,N/A,N/A,N/A,1328.24,N/A,N/A,1.8076,N/A,2.1249,N/A,7.866,
2005-02-10,1.2777,135.96,1.9559,0.5831,29.99,7.4419,15.6466,0.68825,244.46,3.4528,0.696,0.4301,4.0077,36475,N/A,9.091,239.74,38.08,1.5588,80.71,8.4305,N/A,N/A,N/A,1.7144,1.6477,N/A,1.6016,N/A,9.9658,N/A,N/A,N/A,1319.86,N/A,N/A,1.8113,N/A,2.1171,N/A,7.9808,
2005-02-09,1.2762,134.85,1.9559,0.5831,29.93,7.4418,15.6466,0.6858,244.3,3.4528,0.6962,0.4299,4.0207,36767,N/A,9.0755,239.74,38.08,1.5575,80.92,8.354,N/A,N/A,N/A,1.7,1.6647,N/A,1.5949,N/A,9.9541,N/A,N/A,N/A,1322.78,N/A,N/A,1.8209,N/A,2.1049,N/A,7.9766,
2005-02-08,1.2764,134.85,1.9559,0.5828,29.951,7.4414,15.6466,0.6876,244.16,3.4528,0.696,0.43,3.9861,36952,N/A,9.0883,239.75,38.046,1.5591,81.18,8.396,N/A,N/A,N/A,1.7008,1.6708,N/A,1.6011,N/A,9.9557,N/A,N/A,N/A,1309.91,N/A,N/A,1.8267,N/A,2.1046,N/A,7.9756,
2005-02-07,1.2844,133.98,1.9559,0.5827,29.95,7.4437,15.6466,0.6867,243.98,3.4528,0.6961,0.4301,3.9621,37318,N/A,9.0723,239.73,38.07,1.5593,80.98,8.346,N/A,N/A,N/A,1.6905,1.6614,N/A,1.6086,N/A,10.018,N/A,N/A,N/A,1318.18,N/A,N/A,1.8137,N/A,2.1049,N/A,7.9488,
2005-02-04,1.2958,134.71,1.9557,0.583,29.963,7.4435,15.6466,0.6883,243.79,3.4528,0.696,0.4306,3.981,37385,N/A,9.0853,239.72,38.043,1.5591,81.48,8.292,N/A,N/A,N/A,1.7107,1.6835,N/A,1.6101,N/A,10.106,N/A,N/A,N/A,1330.79,N/A,N/A,1.8215,N/A,2.1181,N/A,7.9695,
2005-02-03,1.3001,135.54,1.9558,0.5832,30.065,7.4438,15.6466,0.6894,244.37,3.4528,0.6962,0.4308,3.9899,37298,N/A,9.0633,239.72,38.09,1.5583,80.63,8.26,N/A,N/A,N/A,1.7216,1.68,N/A,1.6123,N/A,10.1407,N/A,N/A,N/A,1332.73,N/A,N/A,1.825,N/A,2.1288,N/A,7.9901,
2005-02-02,1.3061,135.3,1.9558,0.5832,30.08,7.4416,15.6466,0.6923,245.18,3.4528,0.696,0.4315,4.0558,37315,N/A,9.0763,239.72,38.12,1.5528,80.27,8.269,N/A,N/A,N/A,1.7354,1.6864,N/A,1.6126,N/A,10.1874,N/A,N/A,N/A,1342.47,N/A,N/A,1.8336,N/A,2.1364,N/A,7.8795,
2005-02-01,1.3027,135.16,1.9558,0.5832,30.028,7.4404,15.6466,0.69255,245.25,3.4528,0.6961,0.4313,4.0501,37512,N/A,9.0945,239.75,38.14,1.5516,80.47,8.2945,N/A,N/A,N/A,1.7342,1.6896,N/A,1.6153,N/A,10.161,N/A,N/A,N/A,1339.05,N/A,N/A,1.8347,N/A,2.1366,N/A,7.8629,
2005-01-31,1.3035,134.96,1.9558,0.5832,30.14,7.4417,15.6466,0.6912,245.6,3.4528,0.6961,0.4311,4.0806,37519,N/A,9.1057,239.77,38.17,1.5473,81.13,8.26,N/A,N/A,N/A,1.742,1.6826,N/A,1.6167,N/A,10.1671,N/A,N/A,N/A,1336.87,N/A,N/A,1.8301,N/A,2.1334,N/A,7.7887,
2005-01-28,1.3035,134.69,1.9558,0.5832,30.223,7.4419,15.6466,0.69255,245.13,3.4528,0.6962,0.4313,4.053,37705,N/A,9.0875,239.78,38.338,1.5461,80.77,8.25,N/A,N/A,N/A,1.7377,1.6847,N/A,1.6167,N/A,10.1663,N/A,N/A,N/A,1334.52,N/A,N/A,1.8312,N/A,2.1315,N/A,7.7643,
2005-01-27,1.3026,134.78,1.9558,0.5832,30.203,7.4424,15.6466,0.6919,245.3,3.4528,0.6961,0.4312,4.0596,37800,N/A,9.078,239.78,38.435,1.5468,81.32,8.243,N/A,N/A,N/A,1.7541,1.6847,N/A,1.6136,N/A,10.1588,N/A,N/A,N/A,1339.33,N/A,N/A,1.8264,N/A,2.1303,N/A,7.7542,
2005-01-26,1.3005,134.47,1.9558,0.5831,30.02,7.4427,15.6466,0.6927,245.61,3.4528,0.6961,0.4313,4.0677,37635,N/A,9.0725,239.77,38.535,1.5505,81.3,8.228,N/A,N/A,N/A,1.7353,1.6879,N/A,1.61,N/A,10.1428,N/A,N/A,N/A,1341.73,N/A,N/A,1.8209,N/A,2.1259,N/A,7.7749,
2005-01-25,1.3025,134.85,1.9558,0.5825,30.105,7.4423,15.6466,0.6956,245.98,3.4528,0.6961,0.4316,4.072,37757,N/A,9.0701,239.75,38.613,1.546,81.35,8.2065,N/A,N/A,N/A,1.7357,1.6988,N/A,1.5994,N/A,10.1585,N/A,N/A,N/A,1343.4,N/A,N/A,1.8314,N/A,2.1337,N/A,7.7314,
2005-01-24,1.3065,134.34,1.9558,0.5821,30.278,7.4425,15.6466,0.6956,246.38,3.4528,0.6961,0.4317,4.075,38191,N/A,9.0615,239.77,38.62,1.5441,81.63,8.1915,N/A,N/A,N/A,1.7549,1.6995,N/A,1.5939,N/A,10.1891,N/A,N/A,N/A,1348.7,N/A,N/A,1.8293,N/A,2.1341,N/A,7.7805,
2005-01-21,1.2963,134.6,1.9559,0.582,30.373,7.4417,15.6466,0.6953,246.63,3.4528,0.6962,0.4314,4.0763,38564,N/A,9.057,239.77,38.66,1.5491,81.48,8.197,N/A,N/A,N/A,1.7505,1.6979,N/A,1.5938,N/A,10.1097,N/A,N/A,N/A,1345.62,N/A,N/A,1.8305,N/A,2.1257,N/A,7.8413,
2005-01-20,1.2936,133.22,1.9559,0.582,30.373,7.4417,15.6466,0.6933,246.98,3.4528,0.696,0.4311,4.1137,38488,N/A,9.0217,239.76,38.68,1.5414,81.13,8.179,N/A,N/A,N/A,1.748,1.708,N/A,1.5934,N/A,10.0887,N/A,N/A,N/A,1336.55,N/A,N/A,1.8439,N/A,2.1186,N/A,7.8845,
2005-01-19,1.3083,133.98,1.9559,0.582,30.275,7.4398,15.6466,0.69655,246.53,3.4528,0.6961,0.4319,4.0811,37434,N/A,9.0295,239.78,38.625,1.5416,81.38,8.1475,N/A,N/A,N/A,1.7598,1.7145,N/A,1.597,N/A,10.2031,N/A,N/A,N/A,1348.73,N/A,N/A,1.86,N/A,2.1342,N/A,7.8725,
2005-01-18,1.306,134.08,1.9559,0.582,30.378,7.4403,15.6466,0.6978,246.44,3.4528,0.696,0.432,4.0774,37450,N/A,9.035,239.75,38.64,1.5433,81.42,8.161,N/A,N/A,N/A,1.7464,1.7285,N/A,1.5969,N/A,10.1853,N/A,N/A,N/A,1352.89,N/A,N/A,1.8764,N/A,2.1367,N/A,7.9029,
2005-01-17,1.3085,133.52,1.9559,0.582,30.375,7.4408,15.6466,0.7031,246.08,3.4528,0.696,0.4327,4.0675,37433,N/A,9.0432,239.77,38.608,1.545,81.8,8.195,N/A,N/A,N/A,1.7497,1.7243,N/A,1.5883,N/A,10.2027,N/A,N/A,N/A,1355.34,N/A,N/A,1.8727,N/A,2.138,N/A,7.8939,
2005-01-14,1.3091,134.32,1.9559,0.5818,30.365,7.4398,15.6466,0.7006,246.98,3.4528,0.6964,0.4324,4.0626,37792,N/A,9.0483,239.77,38.58,1.5491,82.17,8.175,N/A,N/A,N/A,1.7708,1.7242,N/A,1.5859,N/A,10.2051,N/A,N/A,N/A,1366.05,N/A,N/A,1.873,N/A,2.1444,N/A,7.9051,
2005-01-13,1.3232,135.71,1.9559,0.5816,30.389,7.4404,15.6466,0.703,246.91,3.4528,0.6965,0.433,4.0717,38132,N/A,9.0481,239.77,38.595,1.5479,82.5,8.186,N/A,N/A,N/A,1.7968,1.7283,N/A,1.5917,N/A,10.3132,N/A,N/A,N/A,1371.7,N/A,N/A,1.8759,N/A,2.1557,N/A,7.923,
2005-01-12,1.3139,135.47,1.9559,0.5813,30.485,7.4405,15.6466,0.6999,247.75,3.4528,0.6964,0.4324,4.0725,38027,N/A,9.055,239.77,38.7,1.5488,82.7,8.194,N/A,N/A,N/A,1.8098,1.7326,N/A,1.5997,N/A,10.2435,N/A,N/A,N/A,1369.08,N/A,N/A,1.887,N/A,2.1546,N/A,7.9278,
2005-01-11,1.3143,136.7,1.9559,0.5811,30.264,7.4397,15.6466,0.7001,246.4,3.4528,0.6966,0.4325,4.0666,38304,N/A,9.028,239.79,38.632,1.547,82.91,8.2045,N/A,N/A,N/A,1.8142,1.726,N/A,1.5992,N/A,10.2479,N/A,N/A,N/A,1373.57,N/A,N/A,1.8854,N/A,2.1594,N/A,7.8371,
2005-01-10,1.3103,136.83,1.9559,0.5809,30.245,7.4403,15.6466,0.6978,247.8,3.4528,0.6969,0.4321,4.0763,38671,N/A,9.043,239.78,38.528,1.5469,82.99,8.227,N/A,N/A,N/A,1.8155,1.7256,N/A,1.6041,N/A,10.2144,N/A,N/A,N/A,1380.66,N/A,N/A,1.8865,N/A,2.1573,N/A,7.8438,
2005-01-07,1.32,138.06,1.9558,0.5807,30.303,7.4399,15.6466,0.7028,248.58,3.4528,0.6968,0.4329,4.0912,39003,N/A,9.0298,239.77,38.608,1.5488,83.36,8.221,N/A,N/A,N/A,1.825,1.7301,N/A,1.6226,N/A,10.2822,N/A,N/A,N/A,1387.58,N/A,N/A,1.8811,N/A,2.1721,N/A,8.0036,
2005-01-06,1.3183,138.3,1.9558,0.5804,30.438,7.44,15.6466,0.7039,247.93,3.4527,0.697,0.433,4.1192,38775,N/A,9.0339,239.78,38.62,1.5498,83.15,8.2535,N/A,N/A,N/A,1.845,1.7314,N/A,1.6224,N/A,10.2754,N/A,N/A,N/A,1395.95,N/A,N/A,1.8909,N/A,2.1766,N/A,8.0519,
2005-01-05,1.3224,138.09,1.9558,0.5806,30.429,7.4396,15.6466,0.70485,246.17,3.4528,0.6965,0.4332,4.1204,38666,N/A,9.0373,239.77,38.625,1.5528,83.24,8.2835,N/A,N/A,N/A,1.8329,1.7354,N/A,1.6269,N/A,10.301,N/A,N/A,N/A,1383.76,N/A,N/A,1.8963,N/A,2.1823,N/A,7.8085,
2005-01-04,1.3365,138.49,1.9559,0.5801,30.366,7.4351,15.6466,0.7062,245.38,3.4528,0.6965,0.4338,4.0859,38942,N/A,9.0385,239.78,38.57,1.5477,83.39,8.246,N/A,N/A,N/A,1.807,1.73,N/A,1.6254,N/A,10.4042,N/A,N/A,N/A,1387.96,N/A,N/A,1.8855,N/A,2.1961,N/A,7.7314,
2005-01-03,1.3507,138.84,1.9559,0.58,30.361,7.4371,15.6466,0.70725,245.58,3.4528,0.6964,0.4343,4.0774,39230,N/A,8.9758,239.78,38.655,1.5444,83.39,8.2135,N/A,N/A,N/A,1.815,1.7329,N/A,1.6278,N/A,10.5055,N/A,N/A,N/A,1402.16,N/A,N/A,1.8877,N/A,2.2113,N/A,7.5893,
2004-12-31,1.3621,139.65,1.9559,0.58,30.464,7.4388,15.6466,0.70505,245.97,3.4528,0.6979,0.4343,4.0845,39390,N/A,9.0206,239.76,38.745,1.5429,83.6,8.2365,N/A,N/A,1836200,N/A,1.7459,N/A,1.6416,N/A,10.5881,N/A,N/A,N/A,1410.05,N/A,N/A,1.8871,N/A,2.2262,N/A,7.6897,
2004-12-30,1.3604,141.03,1.9559,0.5796,30.395,7.4381,15.6466,0.7088,245.63,3.4528,0.698,0.4346,4.074,39465,N/A,9.0155,239.74,38.71,1.544,83.72,8.2435,N/A,N/A,1829000,N/A,1.7539,N/A,1.6483,N/A,10.5794,N/A,N/A,N/A,1417.06,N/A,N/A,1.9015,N/A,2.2285,N/A,7.7064,
2004-12-29,1.3608,140.76,1.9559,0.5796,30.495,7.4361,15.6466,0.7083,245.78,3.4528,0.6967,0.4346,4.065,39481,N/A,8.9883,239.74,38.793,1.5426,84.09,8.275,N/A,N/A,1849500,N/A,1.7477,N/A,1.6579,N/A,10.5861,N/A,N/A,N/A,1416.66,N/A,N/A,1.8897,N/A,2.2323,N/A,7.6746,
2004-12-28,1.3633,140.49,1.9559,0.5791,30.563,7.4409,15.6466,0.70315,245.88,3.4528,0.696,0.434,4.0527,39457,N/A,8.987,239.76,38.845,1.5441,84,8.272,N/A,N/A,1840700,N/A,1.7495,N/A,1.6562,N/A,10.5967,N/A,N/A,N/A,1421.17,N/A,N/A,1.8842,N/A,2.2272,N/A,7.6666,
2004-12-27,1.3527,140.34,1.9559,0.5786,30.555,7.4411,15.6466,0.7036,245.6,3.4528,0.6936,0.4338,4.0565,39648,N/A,9.0292,239.77,38.805,1.5484,83.78,8.265,N/A,N/A,1834938,N/A,1.7526,N/A,1.6625,N/A,10.5289,N/A,N/A,N/A,1415.8,N/A,N/A,1.8861,N/A,2.2186,N/A,7.6495,
2004-12-24,1.3542,140.26,1.9559,0.5787,30.433,7.4406,15.6466,0.7033,246.25,3.4528,0.6936,0.4337,4.0757,38700,N/A,9.035,239.78,38.83,1.5458,83.79,8.2815,N/A,N/A,1854638,N/A,1.7587,N/A,1.6631,N/A,10.5412,N/A,N/A,N/A,1419.13,N/A,N/A,1.8908,N/A,2.2203,N/A,7.6377,
2004-12-23,1.3456,139.88,1.9559,0.5789,30.6,7.4376,15.6466,0.7013,245.88,3.4528,0.6916,0.4332,4.072,38160,N/A,9.0275,239.79,38.81,1.5443,83.82,8.2825,N/A,N/A,1856190,N/A,1.758,N/A,1.6656,N/A,10.4706,N/A,N/A,N/A,1413.62,N/A,N/A,1.887,N/A,2.2048,N/A,7.6,
2004-12-22,1.3384,139.18,1.9559,0.5788,30.563,7.4351,15.6466,0.69905,245.71,3.4528,0.6895,0.4329,4.0908,37946,N/A,9.0245,239.73,38.75,1.5436,83.59,8.283,N/A,N/A,1860200,N/A,1.7442,N/A,1.6478,N/A,10.4143,N/A,N/A,N/A,1410.27,N/A,N/A,1.8735,N/A,2.194,N/A,7.5985,
2004-12-21,1.3394,139.85,1.9559,0.5788,30.493,7.4338,15.6466,0.6923,245.05,3.4528,0.6893,0.4322,4.1021,38551,N/A,8.9695,239.79,38.565,1.5403,83.75,8.2575,N/A,N/A,1862000,N/A,1.7476,N/A,1.6424,N/A,10.4202,N/A,N/A,N/A,1413.87,N/A,N/A,1.8779,N/A,2.1983,N/A,7.5914,
2004-12-20,1.3378,139.44,1.9559,0.5788,30.46,7.4329,15.6466,0.6874,244.93,3.4528,0.688,0.4315,4.1223,38672,N/A,8.963,239.78,38.545,1.5382,83.9,8.229,N/A,N/A,1855600,N/A,1.7516,N/A,1.6428,N/A,10.4076,N/A,N/A,N/A,1415.66,N/A,N/A,1.8672,N/A,2.1994,N/A,7.6633,
2004-12-17,1.3264,138.37,1.9559,0.5788,30.445,7.4318,15.6466,0.68585,245.58,3.4528,0.6849,0.4311,4.1465,38736,N/A,8.998,239.79,38.631,1.5367,84.09,8.217,N/A,N/A,1864100,N/A,1.7479,N/A,1.6351,N/A,10.3193,N/A,N/A,N/A,1406.12,N/A,N/A,1.8583,N/A,2.1843,N/A,7.6747,
2004-12-16,1.3401,138.93,1.9559,0.5788,30.62,7.4316,15.6466,0.6863,245.65,3.4528,0.6886,0.4315,4.1612,38403,N/A,8.9615,239.78,38.761,1.532,84.92,8.1855,N/A,N/A,1880100,N/A,1.7516,N/A,1.6436,N/A,10.4191,N/A,N/A,N/A,1415.82,N/A,N/A,1.8625,N/A,2.1973,N/A,7.6824,
2004-12-15,1.3383,139.51,1.9559,0.5788,30.608,7.434,15.6466,0.69115,245.75,3.4528,0.6891,0.432,4.1576,39197,N/A,8.9963,239.83,38.755,1.5282,84.74,8.226,N/A,N/A,1898100,N/A,1.7561,N/A,1.6479,N/A,10.4051,N/A,N/A,N/A,1420.07,N/A,N/A,1.8705,N/A,2.1954,N/A,7.6875,
2004-12-14,1.3317,139.7,1.9559,0.5788,30.608,7.433,15.6466,0.6915,246.58,3.4528,0.6883,0.4318,4.1786,39315,N/A,8.9573,239.76,38.785,1.5368,84.11,8.2,N/A,N/A,1893200,N/A,1.7494,N/A,1.6372,N/A,10.3538,N/A,N/A,N/A,1409.2,N/A,N/A,1.8668,N/A,2.1896,N/A,7.6426,
2004-12-13,1.3268,139.01,1.9559,0.5788,30.61,7.4303,15.6466,0.69225,247.21,3.4528,0.6869,0.4319,4.2021,39294,N/A,8.9675,239.84,38.945,1.5348,83.8,8.204,N/A,N/A,1898600,N/A,1.7505,N/A,1.6271,N/A,10.3166,N/A,N/A,N/A,1408.8,N/A,N/A,1.8674,N/A,2.1869,N/A,7.6297,
2004-12-10,1.3191,139.59,1.9559,0.5792,30.868,7.431,15.6466,0.6912,247.78,3.4528,0.686,0.4316,4.2077,38845,N/A,9.014,239.87,39.088,1.5349,83.62,8.218,N/A,N/A,1896000,N/A,1.7609,N/A,1.6225,N/A,10.2569,N/A,N/A,N/A,1408.01,N/A,N/A,1.8759,N/A,2.1884,N/A,7.7072,
2004-12-09,1.3305,139.17,1.9559,0.5792,30.784,7.4312,15.6466,0.6919,247.23,3.4528,0.6876,0.4319,4.1877,38392,N/A,8.994,239.86,39.073,1.5344,83.69,8.241,N/A,N/A,1912400,N/A,1.7639,N/A,1.6275,N/A,10.3484,N/A,N/A,N/A,1404.21,N/A,N/A,1.8794,N/A,2.1959,N/A,7.8301,
2004-12-08,1.33,138.63,1.9559,0.5792,30.884,7.4308,15.6466,0.6895,245.8,3.4528,0.6877,0.432,4.2055,38292,N/A,8.9627,239.87,39.097,1.533,82.2,8.2105,N/A,N/A,1881600,N/A,1.7586,N/A,1.6306,N/A,10.3343,N/A,N/A,N/A,1408.07,N/A,N/A,1.8823,N/A,2.1901,N/A,7.7976,
2004-12-07,1.3456,138.3,1.9559,0.5791,30.727,7.4292,15.6466,0.6906,245.74,3.4528,0.6898,0.4321,4.1743,38293,N/A,8.9065,239.86,39.093,1.5305,83.38,8.1355,N/A,N/A,1880900,N/A,1.7319,N/A,1.6074,N/A,10.4571,N/A,N/A,N/A,1401.98,N/A,N/A,1.8626,N/A,2.1993,N/A,7.7176,
2004-12-06,1.3435,137.47,1.9559,0.5791,30.786,7.4287,15.6466,0.6918,245.49,3.4528,0.689,0.4322,4.1707,38022,N/A,8.8992,239.84,39.135,1.5272,83.99,8.143,N/A,N/A,1878300,N/A,1.731,N/A,1.6072,N/A,10.4404,N/A,N/A,N/A,1398.38,N/A,N/A,1.8592,N/A,2.1955,N/A,7.6784,
2004-12-03,1.33,137.05,1.9559,0.5794,30.788,7.43,15.6466,0.6901,244.75,3.4528,0.6858,0.4317,4.1744,37209,N/A,8.951,239.81,39.054,1.5273,83.65,8.175,N/A,N/A,1882500,N/A,1.7204,N/A,1.5928,N/A,10.3378,N/A,N/A,N/A,1390.38,N/A,N/A,1.8579,N/A,2.18,N/A,7.7592,
2004-12-02,1.3314,136.78,1.9559,0.5795,30.895,7.4301,15.6466,0.68905,244.37,3.4528,0.6854,0.4316,4.173,38157,N/A,8.9755,239.79,39.025,1.5268,85.37,8.1665,N/A,N/A,1890700,N/A,1.7071,N/A,1.5739,N/A,10.3488,N/A,N/A,N/A,1386.65,N/A,N/A,1.8467,N/A,2.1771,N/A,7.7357,
2004-12-01,1.3294,136.83,1.9559,0.5794,30.984,7.4303,15.6466,0.69155,244.83,3.4528,0.6862,0.4318,4.1786,38378,N/A,8.9396,239.83,39.22,1.52,86.22,8.1295,N/A,N/A,1890400,N/A,1.7236,N/A,1.5845,N/A,10.3365,N/A,N/A,N/A,1390.69,N/A,N/A,1.8604,N/A,2.1749,N/A,7.7288,
2004-11-30,1.3295,136.54,1.9559,0.5795,30.988,7.4287,15.6466,0.6966,245.74,3.4528,0.6872,0.4324,4.2075,38405,N/A,8.9238,239.82,39.28,1.5114,86.45,8.105,N/A,N/A,1899800,N/A,1.7147,N/A,1.5785,N/A,10.3365,N/A,N/A,N/A,1393.85,N/A,N/A,1.8555,N/A,2.1772,N/A,7.7068,
2004-11-29,1.3247,136.24,1.9559,0.5796,31.02,7.4287,15.6466,0.701,246.54,3.4528,0.6858,0.4328,4.2122,38922,N/A,8.921,239.79,39.275,1.517,86.47,8.07,N/A,N/A,1896900,N/A,1.689,N/A,1.5675,N/A,10.301,N/A,N/A,N/A,1387.09,N/A,N/A,1.8502,N/A,2.169,N/A,7.718,
2004-11-26,1.3238,136.39,1.9559,0.5795,30.995,7.429,15.6466,0.6997,245.22,3.4528,0.6849,0.4327,4.2133,39330,N/A,8.9214,239.78,39.285,1.5146,86.69,8.106,N/A,N/A,1889000,N/A,1.6821,N/A,1.5631,N/A,10.2904,N/A,N/A,N/A,1385.75,N/A,N/A,1.8506,N/A,2.1727,N/A,7.7999,
2004-11-25,1.3213,135.75,1.9559,0.5791,30.992,7.4291,15.6466,0.7006,245.73,3.4528,0.6844,0.4328,4.2174,39442,N/A,8.926,239.79,39.255,1.5113,87.04,8.1195,N/A,N/A,1891000,N/A,1.6703,N/A,1.5572,N/A,10.2687,N/A,N/A,N/A,1396.88,N/A,N/A,1.8464,N/A,2.1675,N/A,7.7729,
2004-11-24,1.3146,135.26,1.9559,0.5786,31.021,7.4305,15.6466,0.69985,245.1,3.4528,0.6824,0.4324,4.2156,39474,N/A,8.927,239.79,39.315,1.5143,87.06,8.132,N/A,N/A,1877100,N/A,1.6687,N/A,1.5537,N/A,10.2181,N/A,N/A,N/A,1402.28,N/A,N/A,1.8481,N/A,2.1578,N/A,7.8432,
2004-11-23,1.3089,134.81,1.9559,0.5785,31.018,7.431,15.6466,0.6995,244.8,3.4528,0.6809,0.4322,4.2027,39409,N/A,8.9465,239.78,39.255,1.515,87.06,8.156,N/A,N/A,1878500,N/A,1.663,N/A,1.5508,N/A,10.1788,N/A,N/A,N/A,1395.03,N/A,N/A,1.837,N/A,2.1497,N/A,7.8472,
2004-11-22,1.3033,134.47,1.9559,0.5784,31.09,7.4312,15.6466,0.70255,246.2,3.4528,0.6809,0.4325,4.2283,39678,N/A,8.9569,239.79,39.255,1.5157,87.04,8.168,N/A,N/A,1877000,N/A,1.6657,N/A,1.5517,N/A,10.1316,N/A,N/A,N/A,1388.54,N/A,N/A,1.836,N/A,2.1436,N/A,7.8312,
2004-11-19,1.302,134.97,1.9559,0.5784,31.133,7.4306,15.6466,0.7012,246.8,3.4528,0.6805,0.4323,4.2446,39864,N/A,8.9695,239.8,39.265,1.5153,86.88,8.132,N/A,N/A,1876400,N/A,1.6645,N/A,1.566,N/A,10.1248,N/A,N/A,N/A,1391.58,N/A,N/A,1.8344,N/A,2.145,N/A,7.7954,
2004-11-18,1.3024,135.54,1.9559,0.578,31.267,7.4313,15.6466,0.7025,245.92,3.4528,0.6812,0.4325,4.254,39736,N/A,8.9645,239.79,39.408,1.5171,86.74,8.1265,N/A,N/A,1882100,N/A,1.6685,N/A,1.5651,N/A,10.1296,N/A,N/A,N/A,1387.97,N/A,N/A,1.8365,N/A,2.1485,N/A,7.8623,
2004-11-17,1.3026,135.97,1.9559,0.5777,31.328,7.4329,15.6466,0.70135,244.6,3.4528,0.6811,0.4323,4.2577,39900,N/A,8.971,239.79,39.443,1.5203,86.83,8.1265,N/A,N/A,1893100,N/A,1.6709,N/A,1.5506,N/A,10.1257,N/A,N/A,N/A,1405.51,N/A,N/A,1.8446,N/A,2.1458,N/A,7.7866,
2004-11-16,1.2971,136.64,1.9559,0.5777,31.395,7.4321,15.6466,0.69955,244.43,3.4528,0.6797,0.432,4.2586,39600,N/A,8.9625,239.78,39.48,1.5238,87.28,8.0935,N/A,N/A,1890700,N/A,1.678,N/A,1.5504,N/A,10.0837,N/A,N/A,N/A,1414.36,N/A,N/A,1.8482,N/A,2.1406,N/A,7.84,
2004-11-15,1.2955,136.48,1.9559,0.5777,31.46,7.4318,15.6466,0.6989,243.87,3.4528,0.6792,0.4318,4.2661,39715,N/A,8.9613,239.77,39.62,1.5241,86.79,8.083,N/A,N/A,1884500,N/A,1.6767,N/A,1.549,N/A,10.0733,N/A,N/A,N/A,1414.95,N/A,N/A,1.8487,N/A,2.1385,N/A,7.834,
2004-11-12,1.2921,136.93,1.9559,0.5775,31.51,7.4316,15.6466,0.7006,244.45,3.4528,0.6791,0.432,4.2883,40254,N/A,8.9663,239.78,39.61,1.5205,87.17,8.113,N/A,N/A,1881400,N/A,1.6861,N/A,1.5394,N/A,10.0481,N/A,N/A,N/A,1427.38,N/A,N/A,1.8651,N/A,2.1369,N/A,7.9644,
2004-11-11,1.289,137.65,1.9559,0.5775,31.483,7.4311,15.6466,0.7002,244.46,3.4528,0.6791,0.4319,4.2868,40377,N/A,9.0233,239.8,39.633,1.5191,87.64,8.145,N/A,N/A,1883200,N/A,1.6974,N/A,1.5405,N/A,10.0339,N/A,N/A,N/A,1433.43,N/A,N/A,1.8784,N/A,2.1372,N/A,7.9955,
2004-11-10,1.2977,137.44,1.9558,0.5775,31.425,7.431,15.6466,0.6987,244.7,3.4528,0.6806,0.4318,4.2599,40520,N/A,9.0665,239.78,39.63,1.5222,87.57,8.178,N/A,N/A,1887800,N/A,1.7005,N/A,1.5489,N/A,10.0961,N/A,N/A,N/A,1440.42,N/A,N/A,1.8858,N/A,2.147,N/A,7.9972,
2004-11-09,1.2911,136.57,1.9558,0.5774,31.42,7.4316,15.6466,0.69625,245.41,3.4528,0.6788,0.4314,4.2636,40684,N/A,9.116,239.77,39.708,1.5273,87.25,8.23,N/A,N/A,1884400,N/A,1.7049,N/A,1.5397,N/A,10.0394,N/A,N/A,N/A,1424.86,N/A,N/A,1.8646,N/A,2.1326,N/A,8.0239,
2004-11-08,1.2917,136.56,1.9559,0.5769,31.421,7.4326,15.6466,0.69695,245.27,3.4528,0.6789,0.4315,4.2574,40669,N/A,9.0886,239.78,39.78,1.5286,87.24,8.191,N/A,N/A,1880100,N/A,1.7031,N/A,1.544,N/A,10.0447,N/A,N/A,N/A,1427.72,N/A,N/A,1.8595,N/A,2.135,N/A,7.9915,
2004-11-05,1.2856,136.51,1.9558,0.5769,31.455,7.4334,15.6466,0.69775,245.65,3.4528,0.6782,0.4315,4.2904,39983,N/A,9.108,239.8,39.855,1.5316,87.13,8.179,N/A,N/A,1876200,N/A,1.6967,N/A,1.5507,N/A,9.9956,N/A,N/A,N/A,1427.79,N/A,N/A,1.8614,N/A,2.1331,N/A,7.9126,
2004-11-04,1.2874,136.64,1.9558,0.5769,31.481,7.433,15.6466,0.6966,245.44,3.4528,0.6786,0.4313,4.3141,39684,N/A,9.0793,239.81,39.885,1.5304,87.58,8.154,N/A,N/A,1883800,N/A,1.6992,N/A,1.5506,N/A,10.0131,N/A,N/A,N/A,1433.39,N/A,N/A,1.8636,N/A,2.133,N/A,7.8593,
2004-11-03,1.2754,135.86,1.9559,0.5769,31.461,7.4326,15.6466,0.6919,245.9,3.4528,0.6752,0.4302,4.2997,39812,N/A,9.063,239.78,39.93,1.5331,87.79,8.193,N/A,N/A,1867600,N/A,1.6941,N/A,1.5571,N/A,9.9251,N/A,N/A,N/A,1423.6,N/A,N/A,1.8545,N/A,2.127,N/A,7.804,
2004-11-02,1.2705,135.17,1.9559,0.5768,31.466,7.4329,15.6466,0.6916,245.67,3.4528,0.6737,0.4303,4.3072,40440,N/A,9.0422,239.77,39.915,1.5317,87.72,8.178,N/A,N/A,1873800,N/A,1.7046,N/A,1.5559,N/A,9.8868,N/A,N/A,N/A,1416.48,N/A,N/A,1.8552,N/A,2.1186,N/A,7.845,
2004-11-01,1.2748,135.53,1.9559,0.5766,31.467,7.4326,15.6466,0.6958,245.93,3.4528,0.6757,0.4309,4.3154,40763,N/A,9.0525,239.82,39.923,1.5318,87.87,8.127,N/A,N/A,1879620,N/A,1.7079,N/A,1.5566,N/A,9.9172,N/A,N/A,N/A,1426.5,N/A,N/A,1.8627,N/A,2.1253,N/A,7.814,
2004-10-29,1.2737,135.13,1.9558,0.5765,31.535,7.4326,15.6466,0.69565,246.04,3.4528,0.6748,0.4309,4.3248,40873,N/A,9.053,239.82,39.94,1.5299,87.98,8.1465,N/A,N/A,1877600,N/A,1.7088,N/A,1.5546,N/A,9.9133,N/A,N/A,N/A,1425.78,N/A,N/A,1.8666,N/A,2.1189,N/A,7.8017,
2004-10-28,1.2711,135.2,1.9558,0.5763,31.617,7.4342,15.6466,0.6957,246.38,3.4528,0.6743,0.4308,4.3424,40925,N/A,9.0426,239.89,39.955,1.5316,88.12,8.1935,N/A,N/A,1874700,N/A,1.7127,N/A,1.5606,N/A,9.892,N/A,N/A,N/A,1433.17,N/A,N/A,1.8645,N/A,2.1151,N/A,7.8529,
2004-10-27,1.2792,136.37,1.9559,0.5765,31.595,7.4348,15.6466,0.69455,247.63,3.4528,0.6763,0.4309,4.3483,40914,N/A,9.0238,239.81,39.965,1.5321,88.22,8.162,N/A,N/A,1889900,N/A,1.708,N/A,1.5628,N/A,9.9487,N/A,N/A,N/A,1442.94,N/A,N/A,1.8312,N/A,2.126,N/A,7.8898,
2004-10-26,1.2784,136.51,1.9559,0.5765,31.648,7.4347,15.6466,0.69555,247.78,3.4528,0.6761,0.431,4.357,41093,N/A,9.0427,239.8,39.967,1.5333,88.14,8.237,N/A,N/A,1895500,N/A,1.7123,N/A,1.5639,N/A,9.947,N/A,N/A,N/A,1449.07,N/A,N/A,1.8307,N/A,2.128,N/A,7.9711,
2004-10-25,1.2792,136.3,1.9559,0.5762,31.567,7.4347,15.6466,0.69455,247.15,3.4528,0.6761,0.4309,4.3276,41095,N/A,9.0775,239.81,39.99,1.5326,87.77,8.2265,N/A,N/A,1887100,N/A,1.7127,N/A,1.5629,N/A,9.9486,N/A,N/A,N/A,1449.33,N/A,N/A,1.822,N/A,2.1277,N/A,7.8834,
2004-10-22,1.2606,135.64,1.9559,0.576,31.581,7.435,15.6466,0.691,246.92,3.4528,0.6713,0.43,4.2858,41099,N/A,9.094,239.83,39.95,1.5384,87.16,8.2115,N/A,N/A,1866577,N/A,1.7106,N/A,1.5684,N/A,9.8158,N/A,N/A,N/A,1437.84,N/A,N/A,1.8229,N/A,2.103,N/A,7.8099,
2004-10-21,1.2606,135.73,1.9559,0.5755,31.533,7.4358,15.6466,0.69005,246.89,3.4528,0.6712,0.4299,4.303,41107,N/A,9.0789,239.9,39.96,1.5365,87.29,8.2345,N/A,N/A,1871000,N/A,1.7125,N/A,1.5716,N/A,9.8153,N/A,N/A,N/A,1438.6,N/A,N/A,1.8227,N/A,2.1081,N/A,7.8586,
2004-10-20,1.259,136.43,1.9559,0.5755,31.488,7.4372,15.6466,0.6963,246.28,3.4528,0.6714,0.4306,4.2973,41130,N/A,9.0734,239.88,39.965,1.5374,87.62,8.23,N/A,N/A,1871800,N/A,1.714,N/A,1.5721,N/A,9.804,N/A,N/A,N/A,1438.91,N/A,N/A,1.8213,N/A,2.1065,N/A,7.9148,
2004-10-19,1.2509,135.81,1.9559,0.5757,31.43,7.4383,15.6466,0.6943,246.62,3.4528,0.6689,0.4301,4.2883,41175,N/A,9.0817,239.9,39.96,1.5385,87.4,8.24,N/A,N/A,1843400,N/A,1.7175,N/A,1.5751,N/A,9.7433,N/A,N/A,N/A,1432.16,N/A,N/A,1.8215,N/A,2.0954,N/A,7.9181,
2004-10-18,1.2474,136.51,1.9559,0.5757,31.398,7.4387,15.6466,0.69185,247.35,3.4528,0.6686,0.4297,4.2902,41257,N/A,9.0985,239.9,39.955,1.5382,87.12,8.239,N/A,N/A,1848000,N/A,1.7103,N/A,1.5658,N/A,9.7183,N/A,N/A,N/A,1426.65,N/A,N/A,1.8124,N/A,2.0943,N/A,7.9846,
2004-10-15,1.2414,135.66,1.9559,0.5757,31.468,7.4384,15.6466,0.68945,247.85,3.4528,0.6667,0.4293,4.3114,41229,N/A,9.1078,239.89,39.976,1.5414,87.42,8.216,N/A,N/A,1849300,N/A,1.7016,N/A,1.5639,N/A,9.6677,N/A,N/A,N/A,1421.96,N/A,N/A,1.813,N/A,2.0854,N/A,8.0446,
2004-10-14,1.2377,135.41,1.9558,0.576,31.445,7.4376,15.6466,0.6876,247.6,3.4528,0.6658,0.4289,4.295,41244,N/A,9.0916,239.92,40.025,1.5449,87.25,8.1955,N/A,N/A,1844400,N/A,1.6987,N/A,1.5534,N/A,9.6433,N/A,N/A,N/A,1416.67,N/A,N/A,1.8209,N/A,2.0814,N/A,8.1289,
2004-10-13,1.2267,134.91,1.9558,0.576,31.47,7.4384,15.6466,0.68625,247.15,3.4528,0.6633,0.4285,4.308,40898,N/A,9.0633,239.96,40.028,1.546,87.39,8.226,N/A,N/A,1824500,N/A,1.6986,N/A,1.5537,N/A,9.561,N/A,N/A,N/A,1407.52,N/A,N/A,1.8237,N/A,2.0697,N/A,8.0874,
2004-10-12,1.2312,135.22,1.9558,0.576,31.387,7.4388,15.6466,0.6889,246.3,3.4528,0.6641,0.4289,4.2974,40971,N/A,9.0578,239.95,40.021,1.5489,87.25,8.1925,N/A,N/A,1842700,N/A,1.6858,N/A,1.5477,N/A,9.5939,N/A,N/A,N/A,1410.83,N/A,N/A,1.8152,N/A,2.0752,N/A,8.0579,
2004-10-11,1.2392,135.32,1.9559,0.576,31.383,7.44,15.6466,0.6903,245.55,3.4528,0.6668,0.4293,4.3057,41065,N/A,9.0515,239.91,40.025,1.5496,87.46,8.226,N/A,N/A,1851900,N/A,1.6881,N/A,1.5539,N/A,9.6518,N/A,N/A,N/A,1420.25,N/A,N/A,1.8171,N/A,2.0827,N/A,8.1196,
2004-10-08,1.2315,136.05,1.9559,0.576,31.36,7.4399,15.6466,0.6891,246.18,3.4528,0.6649,0.4289,4.331,41050,N/A,9.068,239.92,40.025,1.5529,87.48,8.3,N/A,N/A,1845500,N/A,1.6944,N/A,1.5475,N/A,9.5937,N/A,N/A,N/A,1413.76,N/A,N/A,1.8193,N/A,2.0769,N/A,8.1603,
2004-10-07,1.2301,136.84,1.9558,0.576,31.379,7.4423,15.6466,0.69055,246.23,3.4528,0.6652,0.4291,4.3451,41055,N/A,9.0463,239.97,40.055,1.5535,87.31,8.2855,N/A,N/A,1849700,N/A,1.6917,N/A,1.5448,N/A,9.5914,N/A,N/A,N/A,1414.86,N/A,N/A,1.8204,N/A,2.0776,N/A,8.1183,
2004-10-06,1.2282,136.45,1.9559,0.5759,31.425,7.4413,15.6466,0.6895,245.79,3.4528,0.6652,0.4289,4.3211,41070,N/A,9.0353,240.02,40.045,1.5543,87.52,8.27,N/A,N/A,1849300,N/A,1.7026,N/A,1.5511,N/A,9.578,N/A,N/A,N/A,1415.5,N/A,N/A,1.8296,N/A,2.0772,N/A,8.0263,
2004-10-05,1.2304,136.51,1.9558,0.5757,31.463,7.4406,15.6466,0.6896,245.61,3.4528,0.6656,0.429,4.3156,41119,N/A,9.04,240.01,40.015,1.5532,87.78,8.278,N/A,N/A,1852700,N/A,1.7014,N/A,1.5603,N/A,9.5941,N/A,N/A,N/A,1413.36,N/A,N/A,1.8274,N/A,2.0746,N/A,8.0533,
2004-10-04,1.2305,136.54,1.9558,0.5757,31.528,7.4412,15.6466,0.68855,246.95,3.4528,0.6648,0.4288,4.3242,41165,N/A,9.0448,239.96,40.035,1.552,87.64,8.295,N/A,N/A,1859200,N/A,1.7064,N/A,1.5608,N/A,9.5961,N/A,N/A,N/A,1414.71,N/A,N/A,1.8402,N/A,2.0738,N/A,7.9835,
2004-10-01,1.2413,136.85,1.9559,0.5755,31.618,7.4404,15.6466,0.69095,246.25,3.4528,0.6675,0.4294,4.3634,41187,N/A,9.0288,239.99,40.075,1.5495,87.87,8.328,N/A,N/A,1870400,N/A,1.7151,N/A,1.5661,N/A,9.6786,N/A,N/A,N/A,1426.13,N/A,N/A,1.8449,N/A,2.0908,N/A,8.0434,
2004-09-30,1.2409,137.17,1.9559,0.5756,31.66,7.4416,15.6466,0.6868,247.41,3.4528,0.6677,0.4289,4.3797,41135,N/A,9.0588,239.98,40.055,1.5524,87.85,8.341,N/A,N/A,1863600,N/A,1.7212,N/A,1.574,N/A,9.6745,N/A,N/A,N/A,1429.39,N/A,N/A,1.8414,N/A,2.0937,N/A,7.9792,
2004-09-29,1.2323,136.62,1.9559,0.576,31.628,7.441,15.6466,0.6818,246.89,3.4528,0.665,0.4279,4.3617,41085,N/A,9.0526,239.97,40.04,1.5509,87.65,8.351,N/A,N/A,1853300,N/A,1.7202,N/A,1.5661,N/A,9.6107,N/A,N/A,N/A,1420.97,N/A,N/A,1.8408,N/A,2.0864,N/A,7.9579,
2004-09-28,1.2335,137.4,1.9559,0.5762,31.609,7.44,15.6466,0.6801,246.95,3.4528,0.6656,0.4278,4.3756,41123,N/A,9.0558,239.96,40.055,1.551,87.53,8.3505,N/A,N/A,1852500,N/A,1.719,N/A,1.5677,N/A,9.6206,N/A,N/A,N/A,1424.69,N/A,N/A,1.8424,N/A,2.0909,N/A,7.8935,
2004-09-27,1.2254,136.3,1.9559,0.5769,31.588,7.439,15.6466,0.6787,245.98,3.4528,0.6623,0.4275,4.3672,41123,N/A,9.0484,239.9,40.01,1.5493,87.29,8.3655,N/A,N/A,1833300,N/A,1.719,N/A,1.5648,N/A,9.5578,N/A,N/A,N/A,1410.44,N/A,N/A,1.842,N/A,2.076,N/A,7.8831,
2004-09-24,1.2309,136.17,1.9558,0.5769,31.57,7.4397,15.6466,0.68315,246.32,3.4528,0.6637,0.4282,4.3599,41165,N/A,9.039,239.91,40.025,1.5473,87.62,8.339,N/A,N/A,1841900,N/A,1.722,N/A,1.5748,N/A,9.5995,N/A,N/A,N/A,1414.8,N/A,N/A,1.8435,N/A,2.0811,N/A,7.9134,
2004-09-23,1.2315,136.34,1.9558,0.5771,31.543,7.4383,15.6466,0.68375,245.9,3.4528,0.6641,0.4283,4.3429,41237,N/A,9.0539,239.99,40,1.5477,87.73,8.341,N/A,N/A,1841900,N/A,1.7258,N/A,1.5793,N/A,9.6044,N/A,N/A,N/A,1411.79,N/A,N/A,1.8458,N/A,2.0869,N/A,7.9896,
2004-09-22,1.2245,135.37,1.9558,0.5771,31.488,7.4379,15.6466,0.68345,246.23,3.4528,0.6621,0.428,4.3168,41050,N/A,9.0536,240,39.953,1.5477,87.52,8.3935,N/A,N/A,1851000,N/A,1.7394,N/A,1.5754,N/A,9.5505,N/A,N/A,N/A,1401.2,N/A,N/A,1.8503,N/A,2.0726,N/A,8.0001,
2004-09-21,1.2276,134.57,1.9558,0.5771,31.478,7.4376,15.6466,0.68335,246.03,3.4528,0.6622,0.4281,4.3163,41141,N/A,9.0573,239.96,39.875,1.5452,87.59,8.395,N/A,N/A,1865426,N/A,1.7442,N/A,1.5855,N/A,9.5749,N/A,N/A,N/A,1408.06,N/A,N/A,1.8502,N/A,2.0746,N/A,7.9017,
2004-09-20,1.2132,133.21,1.9558,0.5771,31.363,7.4378,15.6466,0.6804,246.99,3.4528,0.6579,0.4274,4.3176,41115,N/A,9.0816,239.94,39.94,1.5468,87.23,8.42,N/A,N/A,1859000,N/A,1.736,N/A,1.5763,N/A,9.4628,N/A,N/A,N/A,1390.69,N/A,N/A,1.8377,N/A,2.0497,N/A,7.919,
2004-09-17,1.2211,134.32,1.9558,0.5771,31.452,7.4389,15.6466,0.6801,247.68,3.4528,0.6605,0.4276,4.3493,41117,N/A,9.1091,239.95,39.92,1.548,87.21,8.435,N/A,N/A,1847300,N/A,1.7441,N/A,1.5855,N/A,9.5241,N/A,N/A,N/A,1400.11,N/A,N/A,1.8448,N/A,2.0661,N/A,7.996,
2004-09-16,1.2158,133.24,1.9558,0.577,31.423,7.4388,15.6466,0.6798,247.2,3.4528,0.6586,0.4274,4.3484,41094,N/A,9.127,239.92,39.915,1.5457,87.48,8.4375,N/A,N/A,1835100,N/A,1.7449,N/A,1.5724,N/A,9.4827,N/A,N/A,N/A,1393.06,N/A,N/A,1.8493,N/A,2.0541,N/A,7.9803,
2004-09-15,1.2238,134.19,1.9559,0.577,31.397,7.4383,15.6466,0.6848,247.95,3.4528,0.6613,0.4282,4.3625,41183,N/A,9.1175,239.95,39.955,1.5417,87.74,8.398,N/A,N/A,1829700,N/A,1.7502,N/A,1.5889,N/A,9.5456,N/A,N/A,N/A,1400.27,N/A,N/A,1.851,N/A,2.0669,N/A,8.0188,
2004-09-14,1.2237,134.46,1.9559,0.5773,31.525,7.4385,15.6466,0.68135,248.38,3.4528,0.6614,0.4278,4.3775,41035,N/A,9.1003,239.96,39.985,1.5439,87.69,8.363,N/A,N/A,1839100,N/A,1.749,N/A,1.5926,N/A,9.5421,N/A,N/A,N/A,1401.38,N/A,N/A,1.8538,N/A,2.0706,N/A,7.9955,
2004-09-13,1.2236,134.91,1.9559,0.5773,31.649,7.437,15.6466,0.6801,249.22,3.4528,0.6613,0.4276,4.398,41100,N/A,9.0915,239.91,40.075,1.5417,87.66,8.3495,N/A,N/A,1839000,N/A,1.7545,N/A,1.5816,N/A,9.5437,N/A,N/A,N/A,1401.08,N/A,N/A,1.8614,N/A,2.0788,N/A,8.0192,
2004-09-10,1.2219,134.61,1.9558,0.5771,31.768,7.4365,15.6466,0.6832,250.93,3.4528,0.6611,0.428,4.402,41154,N/A,9.0981,240.02,40.166,1.5401,88.12,8.3225,N/A,N/A,1819500,N/A,1.7673,N/A,1.5789,N/A,9.5307,N/A,N/A,N/A,1400.18,N/A,N/A,1.8726,N/A,2.078,N/A,8.1559,
2004-09-09,1.2191,133.71,1.9559,0.577,31.705,7.4359,15.6466,0.6828,249.59,3.4528,0.6599,0.4279,4.388,41196,N/A,9.1171,240.01,40.13,1.5384,87.99,8.3055,N/A,N/A,1816700,N/A,1.7607,N/A,1.5705,N/A,9.5081,N/A,N/A,N/A,1395.93,N/A,N/A,1.8616,N/A,2.0704,N/A,8.1219,
2004-09-08,1.2039,132.01,1.9558,0.5771,31.746,7.4361,15.6466,0.6788,248.55,3.4528,0.6555,0.4268,4.3853,40900,N/A,9.101,239.99,40.16,1.5379,87.41,8.3335,N/A,N/A,1809200,N/A,1.7447,N/A,1.5562,N/A,9.3899,N/A,N/A,N/A,1384.06,N/A,N/A,1.8765,N/A,2.0448,N/A,8.0567,
2004-09-07,1.2079,132.54,1.9559,0.5771,31.713,7.4362,15.6466,0.68115,247.86,3.4528,0.6575,0.4273,4.3828,41075,N/A,9.1335,240.01,40.13,1.5325,87.63,8.3365,N/A,N/A,1820200,N/A,1.7453,N/A,1.5648,N/A,9.421,N/A,N/A,N/A,1389.99,N/A,N/A,1.8687,N/A,2.0567,N/A,8.026,
2004-09-06,1.2071,132.88,1.9558,0.5771,31.69,7.4368,15.6466,0.6782,247.88,3.4528,0.6565,0.4269,4.4057,40838,N/A,9.1318,240,40.145,1.5337,87.74,8.3225,N/A,N/A,1823400,N/A,1.7446,N/A,1.5673,N/A,9.4154,N/A,N/A,N/A,1391.61,N/A,N/A,1.863,N/A,2.0588,N/A,8.0182,
2004-09-03,1.2175,132.96,1.9559,0.5773,31.655,7.4369,15.6466,0.6799,247.7,3.4528,0.659,0.4275,4.4319,40917,N/A,9.137,239.99,40.125,1.534,87.66,8.3115,N/A,N/A,1833700,N/A,1.745,N/A,1.5802,N/A,9.4955,N/A,N/A,N/A,1400.31,N/A,N/A,1.862,N/A,2.0712,N/A,8.0371,
2004-09-02,1.2172,133.05,1.9558,0.5774,31.739,7.4374,15.6466,0.6791,248.23,3.4528,0.6592,0.4273,4.4374,40946,N/A,9.1211,239.98,40.162,1.5338,88.06,8.3475,N/A,N/A,1840100,N/A,1.7437,N/A,1.5884,N/A,9.4918,N/A,N/A,N/A,1400.33,N/A,N/A,1.8681,N/A,2.0726,N/A,7.9495,
2004-09-01,1.2168,133.09,1.9559,0.5774,31.835,7.4377,15.6466,0.67775,248.55,3.4528,0.659,0.4272,4.4399,40910,N/A,9.137,239.99,40.255,1.5386,87.85,8.3695,N/A,N/A,1832000,N/A,1.7305,N/A,1.5966,N/A,9.491,N/A,N/A,N/A,1396.95,N/A,N/A,1.8568,N/A,2.0799,N/A,8.0614,
2004-08-31,1.2111,133.05,1.9559,0.5774,31.878,7.438,15.6466,0.6755,249.25,3.4528,0.6576,0.4262,4.4582,40984,N/A,9.1263,239.98,40.22,1.5428,87.6,8.401,N/A,N/A,1823500,N/A,1.7298,N/A,1.5958,N/A,9.4466,N/A,N/A,N/A,1395.01,N/A,N/A,1.8596,N/A,2.0754,N/A,8.089,
2004-08-30,1.2047,132.37,1.9559,0.5774,31.835,7.4358,15.6466,0.6726,249.33,3.4528,0.6554,0.4261,4.4628,40968,N/A,9.1222,239.95,40.218,1.5409,87.24,8.355,N/A,N/A,1825300,N/A,1.7187,N/A,1.5845,N/A,9.3966,N/A,N/A,N/A,1388.24,N/A,N/A,1.8496,N/A,2.0648,N/A,8.0772,
2004-08-27,1.2085,132.36,1.9559,0.5775,31.84,7.4369,15.6466,0.6718,249.13,3.4528,0.656,0.4262,4.4643,41025,N/A,9.1226,240,40.22,1.5401,87.22,8.353,N/A,N/A,1818300,N/A,1.7094,N/A,1.5792,N/A,9.4263,N/A,N/A,N/A,1391.65,N/A,N/A,1.8422,N/A,2.0668,N/A,8.036,
2004-08-26,1.21,133.04,1.9559,0.5775,31.747,7.4364,15.6466,0.6732,249.23,3.4528,0.657,0.4264,4.4555,41012,N/A,9.1405,239.98,40.15,1.5398,87.13,8.336,N/A,N/A,1823200,N/A,1.7141,N/A,1.5828,N/A,9.438,N/A,N/A,N/A,1395.92,N/A,N/A,1.8533,N/A,2.0739,N/A,8.0159,
2004-08-25,1.2081,133.19,1.9559,0.5775,31.705,7.4359,15.6466,0.6727,249.4,3.4528,0.6569,0.4263,4.4118,40977,N/A,9.1546,239.96,40.11,1.5403,87.33,8.313,N/A,N/A,1819300,N/A,1.7122,N/A,1.5823,N/A,9.4232,N/A,N/A,N/A,1396.5,N/A,N/A,1.8626,N/A,2.0703,N/A,8.0826,
2004-08-24,1.2139,133.02,1.9559,0.5779,31.683,7.4378,15.6466,0.6725,249.25,3.4528,0.6579,0.4264,4.4336,41071,N/A,9.1613,239.98,40.065,1.541,87.08,8.283,N/A,N/A,1832800,N/A,1.7121,N/A,1.5831,N/A,9.4681,N/A,N/A,N/A,1400.9,N/A,N/A,1.8528,N/A,2.077,N/A,8.1192,
2004-08-23,1.225,134.19,1.9559,0.5777,31.719,7.4379,15.6466,0.6744,251.54,3.4528,0.6602,0.427,4.4465,41115,N/A,9.1783,239.98,40.12,1.541,87.45,8.262,N/A,N/A,1833500,N/A,1.7006,N/A,1.5923,N/A,9.5548,N/A,N/A,N/A,1412.61,N/A,N/A,1.8303,N/A,2.0933,N/A,8.1427,
2004-08-20,1.2293,134.76,1.9559,0.5778,31.66,7.4378,15.6466,0.6743,251.58,3.4528,0.6615,0.4273,4.4621,41045,N/A,9.1985,239.99,40.105,1.5398,87.62,8.246,N/A,N/A,1813700,N/A,1.7027,N/A,1.5975,N/A,9.5879,N/A,N/A,N/A,1419.17,N/A,N/A,1.8362,N/A,2.1012,N/A,8.0954,
2004-08-19,1.2359,135.36,1.9559,0.5778,31.655,7.4372,15.6466,0.67655,249.5,3.4528,0.6637,0.4276,4.4655,41070,N/A,9.2185,240.03,40.132,1.5349,87.58,8.2945,N/A,N/A,1811700,N/A,1.7124,N/A,1.6111,N/A,9.6395,N/A,N/A,N/A,1427.65,N/A,N/A,1.8523,N/A,2.1125,N/A,8.0747,
2004-08-18,1.2331,135.56,1.9559,0.5777,31.488,7.436,15.6466,0.67485,247.3,3.4528,0.663,0.4272,4.4403,40821,N/A,9.2187,240.02,40.12,1.535,87.62,8.319,N/A,N/A,1802000,N/A,1.7235,N/A,1.6111,N/A,9.618,N/A,N/A,N/A,1427.62,N/A,N/A,1.8564,N/A,2.1135,N/A,8.0427,
2004-08-17,1.2338,136.45,1.9559,0.5777,31.483,7.4356,15.6466,0.6713,247.33,3.4528,0.6633,0.4268,4.4337,40875,N/A,9.2324,239.99,40.19,1.537,87.42,8.281,N/A,N/A,1804000,N/A,1.7211,N/A,1.6109,N/A,9.6235,N/A,N/A,N/A,1428.31,N/A,N/A,1.8553,N/A,2.1175,N/A,8.0611,
2004-08-16,1.2337,136.66,1.9559,0.5779,31.461,7.4379,15.6466,0.6702,248.15,3.4528,0.6632,0.4267,4.4403,41044,N/A,9.2389,239.99,40.24,1.5325,86.96,8.28,N/A,N/A,1798700,N/A,1.7207,N/A,1.6176,N/A,9.6221,N/A,N/A,N/A,1430.04,N/A,N/A,1.8564,N/A,2.1174,N/A,8.0133,
2004-08-13,1.2219,136.5,1.9559,0.5782,31.484,7.4382,15.6466,0.6701,248.6,3.4528,0.6605,0.4264,4.4559,40758,N/A,9.2198,239.98,40.225,1.5347,86.62,8.289,N/A,N/A,1795200,N/A,1.7231,N/A,1.6267,N/A,9.5302,N/A,N/A,N/A,1420.15,N/A,N/A,1.8624,N/A,2.1027,N/A,7.9695,
2004-08-12,1.2256,135.86,1.9559,0.5791,31.489,7.4379,15.6466,0.6695,247.75,3.4528,0.661,0.4264,4.4078,40896,N/A,9.202,240.01,40.075,1.5397,87.2,8.319,N/A,N/A,1789100,N/A,1.7131,N/A,1.6239,N/A,9.5602,N/A,N/A,N/A,1418.69,N/A,N/A,1.8624,N/A,2.1029,N/A,7.615,
2004-08-11,1.2233,135.84,1.9559,0.5793,31.463,7.4368,15.6466,0.669,247.63,3.4528,0.6605,0.4263,4.4226,40671,N/A,9.2,240.02,40.01,1.5416,87.3,8.329,N/A,N/A,1788200,N/A,1.7167,N/A,1.6179,N/A,9.5408,N/A,N/A,N/A,1411.87,N/A,N/A,1.8754,N/A,2.0951,N/A,7.5649,
2004-08-10,1.2279,136.08,1.9559,0.5793,31.37,7.4346,15.6466,0.6692,246.58,3.4528,0.6613,0.4264,4.3868,40732,N/A,9.1823,240,39.92,1.5389,87.38,8.3215,N/A,N/A,1782900,N/A,1.7149,N/A,1.6178,N/A,9.5768,N/A,N/A,N/A,1418.16,N/A,N/A,1.8759,N/A,2.103,N/A,7.5415,
2004-08-09,1.2247,135.77,1.9559,0.5794,31.502,7.4348,15.6466,0.66605,246.54,3.4528,0.6601,0.4259,4.3846,40840,N/A,9.1978,240.01,39.91,1.5392,87.04,8.3205,N/A,N/A,1772400,N/A,1.7107,N/A,1.6118,N/A,9.5508,N/A,N/A,N/A,1416.06,N/A,N/A,1.873,N/A,2.1025,N/A,7.4811,
2004-08-06,1.2064,134.62,1.9558,0.5794,31.611,7.4346,15.6466,0.6619,248.21,3.4528,0.655,0.4248,4.402,40899,N/A,9.1821,239.97,40.02,1.538,86.63,8.34,N/A,N/A,1771000,N/A,1.7158,N/A,1.5922,N/A,9.4081,N/A,N/A,N/A,1402.74,N/A,N/A,1.8706,N/A,2.0791,N/A,7.5451,
2004-08-05,1.2042,134.13,1.9558,0.5794,31.73,7.4355,15.6466,0.6612,248.9,3.4528,0.6542,0.4247,4.413,40924,N/A,9.1803,239.97,40.13,1.5383,86.5,8.3675,N/A,N/A,1771100,N/A,1.7112,N/A,1.5866,N/A,9.3925,N/A,N/A,N/A,1400.91,N/A,N/A,1.8683,N/A,2.0745,N/A,7.5138,
2004-08-04,1.1983,133.72,1.9558,0.5794,31.769,7.4352,15.6466,0.6596,250.14,3.4528,0.6527,0.4245,4.435,40954,N/A,9.1938,240.01,40.12,1.5394,86.33,8.4145,N/A,N/A,1782400,N/A,1.7079,N/A,1.5844,N/A,9.3465,N/A,N/A,N/A,1399.08,N/A,N/A,1.8624,N/A,2.0667,N/A,7.5483,
2004-08-03,1.2022,133.23,1.9558,0.5795,31.747,7.436,15.6466,0.6607,250.75,3.4528,0.6532,0.4246,4.419,41100,N/A,9.2092,240,40.075,1.5413,86.3,8.426,N/A,N/A,1775300,N/A,1.7183,N/A,1.6042,N/A,9.377,N/A,N/A,N/A,1400.68,N/A,N/A,1.8832,N/A,2.0685,N/A,7.6072,
2004-08-02,1.2055,134.09,1.9559,0.5796,31.618,7.4361,15.6466,0.66005,248.7,3.4528,0.6544,0.4247,4.3808,41024,N/A,9.214,239.96,40.075,1.5361,86.28,8.442,N/A,N/A,1764600,N/A,1.7146,N/A,1.6011,N/A,9.4027,N/A,N/A,N/A,1404.23,N/A,N/A,1.8881,N/A,2.0714,N/A,7.5221,
2004-07-30,1.2039,134.19,1.9558,0.5798,31.693,7.4357,15.6466,0.66255,248.3,3.4528,0.6545,0.4249,4.3916,41125,N/A,9.2357,239.98,40.045,1.5414,86.36,8.42,N/A,N/A,1769700,N/A,1.7165,N/A,1.5921,N/A,9.3902,N/A,N/A,N/A,1408.74,N/A,N/A,1.8917,N/A,2.0732,N/A,7.5194,
2004-07-29,1.2026,135,1.9559,0.5802,31.745,7.4342,15.6466,0.663,247.35,3.4528,0.6547,0.4249,4.3889,41134,N/A,9.2274,239.98,40.12,1.5393,86.45,8.456,N/A,N/A,1773100,N/A,1.7283,N/A,1.6028,N/A,9.3799,N/A,N/A,N/A,1405.87,N/A,N/A,1.9059,N/A,2.0774,N/A,7.5204,
2004-07-28,1.2034,134.15,1.9559,0.581,31.653,7.4349,15.6466,0.66165,247.98,3.4528,0.6541,0.4248,4.4096,41096,N/A,9.2105,239.96,40.135,1.536,86.42,8.4605,N/A,N/A,1792700,N/A,1.7266,N/A,1.6076,N/A,9.3863,N/A,N/A,N/A,1404.79,N/A,N/A,1.9247,N/A,2.0772,N/A,7.5751,
2004-07-27,1.2168,133.62,1.9559,0.5813,31.599,7.4352,15.6466,0.661,248.39,3.4528,0.6566,0.4251,4.425,41169,N/A,9.2033,239.95,39.96,1.5367,86.73,8.494,N/A,N/A,1819300,N/A,1.7079,N/A,1.6159,N/A,9.4908,N/A,N/A,N/A,1417.39,N/A,N/A,1.9041,N/A,2.0926,N/A,7.6032,
2004-07-26,1.2163,133.22,1.9558,0.5818,31.557,7.4362,15.6466,0.66105,249.03,3.4528,0.6562,0.4251,4.441,41147,N/A,9.203,240.03,39.868,1.5331,86.89,8.507,N/A,N/A,1803000,N/A,1.7114,N/A,1.6039,N/A,9.4871,N/A,N/A,N/A,1412.73,N/A,N/A,1.906,N/A,2.0929,N/A,7.5055,
2004-07-23,1.2191,134.06,1.9558,0.582,31.4,7.4359,15.6466,0.6632,248.99,3.4528,0.6574,0.4254,4.4272,41128,N/A,9.1906,239.99,39.858,1.5289,86.83,8.477,N/A,N/A,1778000,N/A,1.7175,N/A,1.6085,N/A,9.5089,N/A,N/A,N/A,1421.78,N/A,N/A,1.9139,N/A,2.0989,N/A,7.5528,
2004-07-22,1.2268,134.26,1.9558,0.5823,31.414,7.4373,15.6466,0.6653,249.78,3.4528,0.6596,0.4259,4.4565,41079,N/A,9.1923,240.02,39.856,1.5329,87.14,8.48,N/A,N/A,1795900,N/A,1.712,N/A,1.6199,N/A,9.569,N/A,N/A,N/A,1425.97,N/A,N/A,1.9074,N/A,2.1046,N/A,7.4273,
2004-07-21,1.2296,134.08,1.9558,0.5824,31.438,7.4371,15.6466,0.6673,249.94,3.4528,0.6601,0.4262,4.4667,41107,N/A,9.1815,239.92,39.85,1.5337,87.45,8.505,N/A,N/A,1786100,N/A,1.703,N/A,1.6222,N/A,9.5908,N/A,N/A,N/A,1425.17,N/A,N/A,1.8936,N/A,2.1039,N/A,7.3906,
2004-07-20,1.2385,134.31,1.9558,0.5824,31.305,7.4363,15.6466,0.66685,249.55,3.4528,0.6624,0.4264,4.4763,40920,N/A,9.2091,239.87,39.827,1.532,88.02,8.487,N/A,N/A,1791300,N/A,1.6987,N/A,1.6235,N/A,9.6601,N/A,N/A,N/A,1437.47,N/A,N/A,1.8883,N/A,2.1105,N/A,7.389,
2004-07-19,1.2412,134.26,1.9558,0.5824,31.181,7.4357,15.6466,0.6636,249.53,3.4528,0.6623,0.426,4.4193,40949,N/A,9.1975,239.88,39.893,1.5264,88.13,8.477,N/A,N/A,1773900,N/A,1.6934,N/A,1.6271,N/A,9.6813,N/A,N/A,N/A,1436.75,N/A,N/A,1.88,N/A,2.1111,N/A,7.3166,
2004-07-16,1.2353,135.37,1.9559,0.5824,31.355,7.435,15.6466,0.6645,250.1,3.4528,0.662,0.4261,4.4304,41047,N/A,9.1981,239.87,39.865,1.5271,88.03,8.478,N/A,N/A,1773800,N/A,1.7047,N/A,1.6333,N/A,9.6353,N/A,N/A,N/A,1438.69,N/A,N/A,1.8951,N/A,2.1077,N/A,7.4366,
2004-07-15,1.2374,134.98,1.9559,0.5819,31.394,7.4351,15.6466,0.6677,250.25,3.4528,0.6627,0.4265,4.426,40949,N/A,9.1955,239.83,39.88,1.5264,88.13,8.515,N/A,N/A,1773700,N/A,1.7102,N/A,1.6381,N/A,9.6514,N/A,N/A,N/A,1436.81,N/A,N/A,1.903,N/A,2.1114,N/A,7.5339,
2004-07-14,1.2381,134.8,1.9559,0.5819,31.501,7.4355,15.6466,0.6662,249.93,3.4528,0.6624,0.4263,4.47,41016,N/A,9.212,239.85,40.003,1.5248,88.09,8.518,N/A,N/A,1774400,N/A,1.7069,N/A,1.6348,N/A,9.6597,N/A,N/A,N/A,1427.47,N/A,N/A,1.8902,N/A,2.107,N/A,7.5628,
2004-07-13,1.2372,133.97,1.9559,0.5819,31.483,7.4358,15.6466,0.6647,250.65,3.4528,0.6616,0.4261,4.47,40920,N/A,9.2048,239.86,39.999,1.5206,88.22,8.4735,N/A,N/A,1779300,N/A,1.7034,N/A,1.6345,N/A,9.6499,N/A,N/A,N/A,1422.47,N/A,N/A,1.8757,N/A,2.1017,N/A,7.521,
2004-07-12,1.2397,134.12,1.9558,0.5818,31.498,7.4353,15.6466,0.6667,251.58,3.4528,0.6623,0.4264,4.4952,40850,N/A,9.2002,239.79,39.85,1.5183,88.27,8.458,N/A,N/A,1790800,N/A,1.7072,N/A,1.6328,N/A,9.6693,N/A,N/A,N/A,1422.74,N/A,N/A,1.883,N/A,2.1043,N/A,7.5343,
2004-07-09,1.2372,134.24,1.9559,0.5818,31.491,7.4344,15.6466,0.66835,251.7,3.4528,0.6621,0.4266,4.5246,40918,N/A,9.1845,239.82,39.895,1.5188,87.91,8.4545,N/A,N/A,1788261,N/A,1.7196,N/A,1.6303,N/A,9.6496,N/A,N/A,N/A,1421.85,N/A,N/A,1.8918,N/A,2.1072,N/A,7.5127,
2004-07-08,1.2348,134.58,1.9558,0.5819,31.457,7.4343,15.6466,0.6668,250.87,3.4528,0.6618,0.4263,4.5299,40912,N/A,9.1755,239.88,39.88,1.5189,88.16,8.462,N/A,N/A,1787400,N/A,1.7189,N/A,1.6345,N/A,9.6306,N/A,N/A,N/A,1420.64,N/A,N/A,1.8893,N/A,2.1083,N/A,7.5023,
2004-07-07,1.2357,133.96,1.9559,0.5818,31.528,7.4351,15.6466,0.6676,250.7,3.4528,0.6625,0.4264,4.5217,40860,N/A,9.1813,239.9,39.779,1.5185,88.5,8.4405,N/A,N/A,1784200,N/A,1.7127,N/A,1.6318,N/A,9.6383,N/A,N/A,N/A,1423.59,N/A,N/A,1.8866,N/A,2.1099,N/A,7.6301,
2004-07-06,1.2309,134.38,1.9558,0.5818,31.766,7.4371,15.6466,0.6693,250.33,3.4528,0.6614,0.4265,4.521,40843,N/A,9.1885,239.91,39.815,1.5188,88.47,8.4665,N/A,N/A,1774400,N/A,1.7169,N/A,1.6255,N/A,9.6007,N/A,N/A,N/A,1421.5,N/A,N/A,1.8848,N/A,2.1109,N/A,7.6005,
2004-07-05,1.2288,133.98,1.9559,0.5819,31.811,7.4367,15.6466,0.6705,250.2,3.4529,0.6607,0.4266,4.529,40739,N/A,9.1859,239.85,39.79,1.5182,88.68,8.489,N/A,N/A,1774100,N/A,1.7232,N/A,1.6272,N/A,9.5841,N/A,N/A,N/A,1416.5,N/A,N/A,1.8978,N/A,2.1074,N/A,7.5477,
2004-07-02,1.2148,132.64,1.9558,0.5815,31.84,7.4344,15.6466,0.6687,251.15,3.4528,0.6568,0.426,4.5119,40617,N/A,9.1785,239.86,39.775,1.5208,88.3,8.4925,N/A,N/A,1775800,N/A,1.7303,N/A,1.6198,N/A,9.4752,N/A,N/A,N/A,1403.15,N/A,N/A,1.9003,N/A,2.0841,N/A,7.5989,
2004-07-01,1.2168,131.64,1.9558,0.5815,31.875,7.4335,15.6466,0.6701,251.35,3.4529,0.6563,0.4262,4.5005,40629,N/A,9.1615,239.85,39.845,1.5232,88.43,8.441,N/A,N/A,1791400,N/A,1.7283,N/A,1.6172,N/A,9.4907,N/A,N/A,N/A,1402.54,N/A,N/A,1.9013,N/A,2.0875,N/A,7.5203,
2004-06-30,1.2155,132.4,1.9559,0.5815,31.755,7.4326,15.6466,0.67075,251.6,3.4529,0.657,0.4263,4.5236,40626,N/A,9.1451,239.99,39.875,1.5242,88.33,8.4365,N/A,N/A,1805300,N/A,1.7554,N/A,1.6343,N/A,9.4803,N/A,N/A,N/A,1404.45,N/A,N/A,1.921,N/A,2.0901,N/A,7.6177,
2004-06-29,1.2169,131.83,1.9559,0.5815,31.96,7.4325,15.6466,0.6682,252.85,3.4527,0.6564,0.426,4.5426,40725,N/A,9.1275,239.85,39.965,1.528,88.07,8.3285,N/A,N/A,1816800,N/A,1.7497,N/A,1.6358,N/A,9.492,N/A,N/A,N/A,1401.69,N/A,N/A,1.9137,N/A,2.0839,N/A,7.581,
2004-06-28,1.2208,131.59,1.9558,0.5815,31.82,7.4321,15.6466,0.6666,253.4,3.4526,0.6569,0.4257,4.5453,40732,N/A,9.1493,239.85,39.91,1.5211,88.1,8.3145,N/A,N/A,1824900,N/A,1.7457,N/A,1.6442,N/A,9.5197,N/A,N/A,N/A,1406.91,N/A,N/A,1.9133,N/A,2.0856,N/A,7.6114,
2004-06-25,1.2138,130.84,1.9558,0.5815,31.662,7.432,15.6466,0.6666,253,3.4528,0.6552,0.4257,4.5679,40766,N/A,9.1488,239.64,39.888,1.5146,88.04,8.2785,N/A,N/A,1813400,N/A,1.7379,N/A,1.6348,N/A,9.4657,N/A,N/A,N/A,1395.57,N/A,N/A,1.9107,N/A,2.0729,N/A,7.6741,
2004-06-24,1.2122,130.32,1.9559,0.5815,31.613,7.4324,15.6466,0.6681,253.25,3.4528,0.6547,0.4259,4.5582,40852,N/A,9.1688,239.64,39.938,1.513,88.02,8.358,N/A,N/A,1802919,N/A,1.7412,N/A,1.633,N/A,9.4526,N/A,N/A,N/A,1400.88,N/A,N/A,1.9228,N/A,2.0746,N/A,7.6491,
2004-06-23,1.2087,131.6,1.9559,0.5817,31.89,7.4333,15.6466,0.6651,254.2,3.4529,0.6542,0.4253,4.5759,40613,N/A,9.1635,239.58,39.94,1.5167,87.8,8.354,N/A,N/A,1802500,N/A,1.7609,N/A,1.6424,N/A,9.4265,N/A,N/A,N/A,1401.91,N/A,N/A,1.9304,N/A,2.0772,N/A,7.601,
2004-06-22,1.2091,131.17,1.9559,0.5817,31.935,7.4334,15.6466,0.664,255.35,3.4527,0.6541,0.4252,4.5838,40614,N/A,9.162,239.5,39.97,1.5133,87.91,8.324,N/A,N/A,1796300,N/A,1.7608,N/A,1.6462,N/A,9.4305,N/A,N/A,N/A,1400.56,N/A,N/A,1.9314,N/A,2.0777,N/A,7.6237,
2004-06-21,1.2112,131.19,1.9559,0.5817,31.878,7.4326,15.6466,0.66115,254.35,3.4527,0.6539,0.4249,4.5847,40731,N/A,9.1453,239.39,39.955,1.5085,87.77,8.3515,N/A,N/A,1803000,N/A,1.7526,N/A,1.6538,N/A,9.4463,N/A,N/A,N/A,1400.75,N/A,N/A,1.9266,N/A,2.0837,N/A,7.6962,
2004-06-18,1.2042,131.42,1.9558,0.5819,31.843,7.4327,15.6466,0.65595,255.28,3.4528,0.6519,0.424,4.5806,40748,N/A,9.1485,239.35,39.925,1.5104,87.26,8.381,N/A,N/A,1792100,N/A,1.7523,N/A,1.6511,N/A,9.3913,N/A,N/A,N/A,1396.93,N/A,N/A,1.9214,N/A,2.0671,N/A,7.8014,
2004-06-17,1.2045,131.8,1.9558,0.5819,31.739,7.4346,15.6466,0.65605,254.98,3.4529,0.6526,0.4241,4.5753,40742,N/A,9.1495,239.23,39.94,1.516,87.21,8.348,N/A,N/A,1801900,N/A,1.7499,N/A,1.654,N/A,9.3929,N/A,N/A,N/A,1394.03,N/A,N/A,1.9118,N/A,2.0663,N/A,7.7991,
2004-06-16,1.2058,132.63,1.9558,0.5822,31.84,7.4335,15.6466,0.6594,252.97,3.4529,0.6538,0.4246,4.5742,40793,N/A,9.1458,239.23,39.925,1.5239,87.28,8.297,N/A,N/A,1804900,N/A,1.7429,N/A,1.6561,N/A,9.4029,N/A,N/A,N/A,1394.27,N/A,N/A,1.9084,N/A,2.0697,N/A,7.87,
2004-06-15,1.2051,134.01,1.9558,0.5824,31.75,7.4327,15.6466,0.66445,253.4,3.4528,0.6553,0.4251,4.5823,40678,N/A,9.1495,239.15,39.892,1.5179,87.24,8.304,N/A,N/A,1821900,N/A,1.7628,N/A,1.6603,N/A,9.3971,N/A,N/A,N/A,1401.83,N/A,N/A,1.9335,N/A,2.0719,N/A,7.9488,
2004-06-14,1.2001,133.45,1.9558,0.5824,31.447,7.4333,15.6466,0.6637,253.45,3.4528,0.6543,0.425,4.5649,40741,N/A,9.1794,239.18,39.875,1.5145,87.1,8.3325,N/A,N/A,1811000,N/A,1.7469,N/A,1.6377,N/A,9.3573,N/A,N/A,N/A,1395.06,N/A,N/A,1.9217,N/A,2.0679,N/A,7.8913,
2004-06-11,1.2006,132.19,1.9559,0.5826,31.407,7.4336,15.6466,0.65935,253.6,3.4527,0.6525,0.4244,4.5838,40767,N/A,9.1589,239.15,39.91,1.512,86.96,8.2925,N/A,N/A,1786800,N/A,1.7334,N/A,1.6428,N/A,9.3575,N/A,N/A,N/A,1397.44,N/A,N/A,1.9084,N/A,2.0602,N/A,7.8339,
2004-06-10,1.2052,131.84,1.9558,0.5828,31.33,7.4384,15.6466,0.6614,253.1,3.4528,0.6536,0.4249,4.5877,40865,N/A,9.1475,239.14,39.87,1.5126,87.12,8.28,N/A,N/A,1806800,N/A,1.7374,N/A,1.6381,N/A,9.3975,N/A,N/A,N/A,1396.96,N/A,N/A,1.912,N/A,2.0637,N/A,8.0189,
2004-06-09,1.2157,132.57,1.9558,0.583,31.335,7.4393,15.6466,0.6646,251.98,3.4529,0.6568,0.4255,4.6069,40855,N/A,9.0925,239.14,39.955,1.5197,87.12,8.183,N/A,N/A,1804336,N/A,1.7442,N/A,1.6391,N/A,9.4773,N/A,N/A,N/A,1403.1,N/A,N/A,1.9457,N/A,2.0738,N/A,8.0714,
2004-06-08,1.2294,135.08,1.9558,0.583,31.243,7.4349,15.6466,0.6684,251.15,3.4527,0.6623,0.4263,4.5957,40758,N/A,9.104,239.15,39.87,1.5229,87.36,8.1885,N/A,N/A,1811841,N/A,1.7507,N/A,1.652,N/A,9.5838,N/A,N/A,N/A,1423.46,N/A,N/A,1.9568,N/A,2.099,N/A,8.0262,
2004-06-07,1.2319,135.36,1.9558,0.583,31.27,7.4335,15.6466,0.67025,251.75,3.4528,0.6638,0.4266,4.6492,40803,N/A,9.1333,239.14,39.95,1.5242,87.33,8.186,N/A,N/A,1816967,N/A,1.7521,N/A,1.6592,N/A,9.6024,N/A,N/A,N/A,1427.96,N/A,N/A,1.9569,N/A,2.0996,N/A,7.9842,
2004-06-04,1.2203,135.78,1.9558,0.5834,31.319,7.4347,15.6466,0.66385,252.11,3.4529,0.661,0.4256,4.6429,40772,N/A,9.1467,239.16,39.965,1.5273,87.31,8.182,N/A,N/A,1833637,N/A,1.7667,N/A,1.6604,N/A,9.5146,N/A,N/A,N/A,1420.12,N/A,N/A,1.9648,N/A,2.0884,N/A,7.8645,
2004-06-03,1.2226,136.19,1.9475,0.5836,31.401,7.4363,15.6466,0.6655,251.79,3.4527,0.6625,0.4258,4.6584,40806,N/A,9.1475,239.16,39.92,1.526,87.62,8.191,N/A,N/A,1861333,N/A,1.7585,N/A,1.6611,N/A,9.5318,N/A,N/A,N/A,1423.66,N/A,N/A,1.9567,N/A,2.0932,N/A,7.916,
2004-06-02,1.2276,135.64,1.9476,0.5837,31.462,7.4366,15.6466,0.665,251.56,3.4529,0.661,0.4259,4.662,40797,N/A,9.131,239.16,39.905,1.5276,87.64,8.193,N/A,N/A,1859277,N/A,1.7504,N/A,1.6749,N/A,9.5704,N/A,N/A,N/A,1429,N/A,N/A,1.9617,N/A,2.0944,N/A,7.9015,
2004-06-01,1.2231,134.04,1.9483,0.584,31.6,7.4378,15.6466,0.6658,251.4,3.4528,0.6592,0.4258,4.6474,40776,N/A,9.102,239.12,39.97,1.528,87.45,8.18,N/A,N/A,1835949,N/A,1.7109,N/A,1.6703,N/A,9.5351,N/A,N/A,N/A,1419.47,N/A,N/A,1.9324,N/A,2.0799,N/A,7.8614,
2004-05-31,1.2198,133.24,1.9475,0.5844,31.625,7.4377,15.6466,0.66475,251.4,3.4528,0.6576,0.4254,4.6455,40766,N/A,9.0893,239.03,39.99,1.5276,87.22,8.1993,N/A,N/A,1831286,N/A,1.7032,N/A,1.6611,N/A,9.5122,N/A,N/A,N/A,1415.03,N/A,N/A,1.9291,N/A,2.072,N/A,7.9345,
2004-05-28,1.2246,135.77,1.9471,0.5845,31.77,7.438,15.6466,0.6673,251.2,3.4526,0.6604,0.4261,4.6453,40807,N/A,9.115,238.92,40.06,1.5304,87.72,8.212,N/A,N/A,1824700,N/A,1.7164,N/A,1.6685,N/A,9.5447,N/A,N/A,N/A,1426.6,N/A,N/A,1.9419,N/A,2.0863,N/A,7.9739,
2004-05-27,1.2165,135.59,1.9463,0.585,31.863,7.4391,15.6466,0.6662,251.17,3.4529,0.6585,0.4257,4.6553,40731,N/A,9.087,238.85,40.05,1.5355,87.28,8.184,N/A,N/A,1856761,N/A,1.7055,N/A,1.6636,N/A,9.4808,N/A,N/A,N/A,1423.12,N/A,N/A,1.9336,N/A,2.0741,N/A,7.9918,
2004-05-26,1.2106,135.07,1.9463,0.5851,31.628,7.4396,15.6466,0.6664,251.8,3.4529,0.6574,0.4256,4.6599,40728,N/A,9.1106,238.77,40.025,1.5378,87.55,8.217,N/A,N/A,1820138,N/A,1.711,N/A,1.6513,N/A,9.4359,N/A,N/A,N/A,1427.3,N/A,N/A,1.9508,N/A,2.0711,N/A,7.9942,
2004-05-25,1.2063,136.05,1.9463,0.5854,31.649,7.4401,15.6466,0.6682,252.08,3.4529,0.6574,0.4257,4.6469,40802,N/A,9.1262,238.72,40.135,1.5379,87.69,8.222,N/A,N/A,1830788,N/A,1.7143,N/A,1.6495,N/A,9.4023,N/A,N/A,N/A,1420.6,N/A,N/A,1.9655,N/A,2.0716,N/A,7.9926,
2004-05-24,1.1968,134.62,1.9463,0.5858,31.755,7.4403,15.6466,0.6683,252.3,3.4526,0.6545,0.4254,4.6405,40730,N/A,9.097,238.71,40.165,1.5351,87.44,8.235,N/A,N/A,1839790,N/A,1.7115,N/A,1.6391,N/A,9.3265,N/A,N/A,N/A,1408.63,N/A,N/A,1.9627,N/A,2.0523,N/A,8.0419,
2004-05-21,1.2031,134.78,1.9463,0.5857,31.827,7.4403,15.6466,0.6717,253.25,3.4529,0.6565,0.426,4.6794,40687,N/A,9.1051,238.68,40.145,1.5369,87.97,8.251,N/A,N/A,1871812,N/A,1.7178,N/A,1.6472,N/A,9.373,N/A,N/A,N/A,1413.94,N/A,N/A,1.9685,N/A,2.0617,N/A,8.1145,
2004-05-20,1.1922,134.87,1.9463,0.5857,31.901,7.44,15.6466,0.6733,252.65,3.4532,0.6546,0.4259,4.6887,40620,N/A,9.0735,238.75,40.135,1.5365,87.87,8.2685,N/A,N/A,1853677,N/A,1.7179,N/A,1.6431,N/A,9.295,N/A,N/A,N/A,1405.01,N/A,N/A,1.9667,N/A,2.048,N/A,8.1041,
2004-05-19,1.1989,135.29,1.9462,0.586,31.896,7.4404,15.6466,0.6732,252.75,3.4529,0.6564,0.4261,4.7081,40633,N/A,9.1243,238.78,40.135,1.5382,88.04,8.301,N/A,N/A,1858818,N/A,1.7217,N/A,1.658,N/A,9.3285,N/A,N/A,N/A,1405.91,N/A,N/A,1.9747,N/A,2.0558,N/A,8.0774,
2004-05-18,1.1983,136.43,1.9462,0.5861,31.905,7.4408,15.6466,0.6774,253.51,3.4527,0.658,0.4268,4.7358,40620,N/A,9.162,238.7493,40.12,1.5346,88.05,8.274,N/A,N/A,1855202,N/A,1.7423,N/A,1.6733,N/A,9.3466,N/A,N/A,N/A,1419.93,N/A,N/A,1.9882,N/A,2.0666,N/A,8.1066,
2004-05-17,1.2023,136.68,1.9464,0.5862,31.881,7.4406,15.6466,0.6796,253.85,3.4528,0.6586,0.4269,4.7795,40509,N/A,9.192,238.74,40.11,1.536,88.12,8.2775,N/A,N/A,1844700,N/A,1.737,N/A,1.6632,N/A,9.3778,N/A,N/A,N/A,1421.72,N/A,N/A,1.9834,N/A,2.0728,N/A,8.1182,
2004-05-14,1.1802,135.52,1.9465,0.5862,31.947,7.4408,15.6466,0.6739,256.45,3.453,0.6522,0.4256,4.7672,40494,N/A,9.164,238.8,40.195,1.54,87.69,8.185,N/A,N/A,1814045,N/A,1.7199,N/A,1.6476,N/A,9.2053,N/A,N/A,N/A,1400.84,N/A,N/A,1.9641,N/A,2.0393,N/A,8.1607,
2004-05-13,1.1823,135.14,1.9462,0.5862,31.899,7.4409,15.6466,0.6703,255.95,3.4529,0.6539,0.4251,4.769,40392,N/A,9.1415,238.79,40.335,1.5383,87.9,8.163,N/A,N/A,1828864,N/A,1.7255,N/A,1.6447,N/A,9.2218,N/A,N/A,N/A,1401.68,N/A,N/A,1.9731,N/A,2.0408,N/A,8.2363,
2004-05-12,1.1857,134.18,1.9461,0.5862,32.098,7.4415,15.6466,0.6697,254.55,3.4527,0.654,0.4253,4.7674,40471,N/A,9.1698,238.73,40.242,1.5411,88.03,8.2015,N/A,N/A,1810800,N/A,1.6976,N/A,1.6471,N/A,9.2483,N/A,N/A,N/A,1400.9,N/A,N/A,1.9372,N/A,2.0335,N/A,8.1091,
2004-05-11,1.1804,134.32,1.9461,0.5863,32.178,7.441,15.6466,0.672,254.2,3.4527,0.652,0.4254,4.7517,40528,N/A,9.1703,238.68,40.295,1.5426,87.97,8.197,N/A,N/A,1826500,N/A,1.7009,N/A,1.6419,N/A,9.2071,N/A,N/A,N/A,1402.61,N/A,N/A,1.9529,N/A,2.0365,N/A,8.222,
2004-05-10,1.1843,134.43,1.9461,0.5864,32.213,7.4411,15.6466,0.6678,256.35,3.4528,0.6516,0.4249,4.7636,40433,N/A,9.1259,238.67,40.35,1.5417,87.96,8.099,N/A,N/A,1824054,N/A,1.7035,N/A,1.6482,N/A,9.2375,N/A,N/A,N/A,1409.32,N/A,N/A,1.9483,N/A,2.045,N/A,8.4006,
2004-05-07,1.2073,133.54,1.9462,0.5865,32.208,7.442,15.6466,0.6719,252.37,3.4528,0.6558,0.4262,4.7495,40328,N/A,9.1028,238.69,40.17,1.5492,88.26,8.093,N/A,N/A,1793751,N/A,1.6782,N/A,1.6609,N/A,9.4164,N/A,N/A,N/A,1413.81,N/A,N/A,1.9189,N/A,2.0406,N/A,8.2487,
2004-05-06,1.2116,132.64,1.9462,0.5865,32.201,7.4419,15.6466,0.6746,251.5,3.4527,0.6566,0.4266,4.7701,40448,N/A,9.106,238.65,40.115,1.5494,88.97,8.161,N/A,N/A,1769156,N/A,1.6595,N/A,1.6682,N/A,9.4499,N/A,N/A,N/A,1412.79,N/A,N/A,1.9111,N/A,2.0455,N/A,8.29,
2004-05-05,1.2126,131.93,1.9462,0.5865,32.188,7.4413,15.6466,0.6769,250.83,3.4529,0.6565,0.4268,4.752,40318,N/A,9.1389,238.68,40.125,1.5474,89.18,8.173,N/A,N/A,1745000,N/A,1.6638,N/A,1.671,N/A,9.4581,N/A,N/A,N/A,1415.71,N/A,N/A,1.9145,N/A,2.0444,N/A,8.3,
2004-05-04,1.2061,132.53,1.9463,0.5865,32.316,7.4412,15.6466,0.6746,251.3,3.4527,0.6553,0.4265,4.7726,40265,N/A,9.1383,238.6,40.215,1.5522,88.36,8.232,N/A,N/A,1743780,N/A,1.6611,N/A,1.6492,N/A,9.4071,N/A,N/A,N/A,1411.74,N/A,N/A,1.9151,N/A,2.0454,N/A,8.3128,
2004-05-03,1.1953,131.51,1.9467,0.5865,32.55,7.4414,15.6466,0.675,251.75,3.4528,0.6523,0.4262,4.7919,40326,N/A,9.1425,238.55,40.325,1.5524,88.11,8.2105,N/A,N/A,1744614,N/A,1.6606,N/A,1.6402,N/A,9.3231,N/A,N/A,N/A,1400.83,N/A,N/A,1.9162,N/A,2.0332,N/A,8.2771,
2004-04-30,1.1947,131.87,1.9474,0.5865,32.543,7.4412,15.6466,0.6737,251.15,3.4528,0.6522,0.426,4.8108,40424,N/A,9.1483,238.63,40.455,1.5511,88.16,8.221,N/A,N/A,1698039,N/A,1.6577,N/A,1.6383,N/A,9.3183,N/A,N/A,N/A,1401.8,N/A,N/A,1.9153,N/A,2.0342,N/A,8.1894,
2004-04-29,1.1826,130.86,1.9483,0.5865,32.705,7.4404,15.6466,0.6713,253.77,3.4528,0.6487,0.4253,4.7867,40411,N/A,9.1188,238.55,40.325,1.5446,87.99,8.171,N/A,N/A,1714688,N/A,1.6525,N/A,1.6239,N/A,9.2241,N/A,N/A,N/A,1384.65,N/A,N/A,1.9189,N/A,2.0177,N/A,8.195,
2004-04-28,1.1907,130.17,1.9475,0.5865,32.633,7.4405,15.6466,0.6665,251.45,3.4529,0.6495,0.425,4.7924,40488,N/A,9.1163,238.48,40.275,1.5487,87.71,8.203,N/A,N/A,1690696,N/A,1.6304,N/A,1.6154,N/A,9.2872,N/A,N/A,N/A,1376.87,N/A,N/A,1.8986,N/A,2.0187,N/A,8.0983,
2004-04-27,1.1887,130.47,1.9465,0.5865,32.458,7.4406,15.6466,0.6638,250.4,3.4529,0.6488,0.4246,4.7755,40502,N/A,9.1142,238.42,39.975,1.5488,87.32,8.227,N/A,N/A,1684951,N/A,1.6212,N/A,1.6066,N/A,9.2715,N/A,N/A,N/A,1369.44,N/A,N/A,1.8929,N/A,2.0175,N/A,7.941,
2004-04-26,1.1851,128.93,1.9463,0.5865,32.36,7.4407,15.6466,0.66365,249.85,3.4527,0.647,0.4245,4.7688,40360,N/A,9.1083,238.4,40.045,1.5566,87.3,8.2415,N/A,N/A,1631428,N/A,1.6144,N/A,1.6043,N/A,9.2424,N/A,N/A,N/A,1368.85,N/A,N/A,1.8825,N/A,2.0119,N/A,7.9935,
2004-04-23,1.1885,129.55,1.9463,0.5865,32.315,7.442,15.6466,0.66985,250.32,3.4527,0.6489,0.4253,4.7602,40465,N/A,9.1375,238.46,40.115,1.5598,87.41,8.238,N/A,N/A,1644150,N/A,1.6226,N/A,1.6105,N/A,9.2695,N/A,N/A,N/A,1376.82,N/A,N/A,1.8893,N/A,2.0128,N/A,8.0102,
2004-04-22,1.1873,130.08,1.9462,0.5865,32.457,7.4422,15.6466,0.6714,251.62,3.4529,0.6492,0.4255,4.7696,40559,N/A,9.1432,238.38,40.11,1.5551,87.38,8.253,N/A,N/A,1648220,N/A,1.6238,N/A,1.6139,N/A,9.2595,N/A,N/A,N/A,1376.85,N/A,N/A,1.8993,N/A,2.0145,N/A,8.1194,
2004-04-21,1.1836,129.79,1.9462,0.5864,32.557,7.4423,15.6466,0.6682,250.24,3.4528,0.6479,0.425,4.7598,40512,N/A,9.1585,238.36,40.07,1.5551,87.21,8.28,N/A,N/A,1642907,N/A,1.6254,N/A,1.6108,N/A,9.2313,N/A,N/A,N/A,1367.12,N/A,N/A,1.9027,N/A,2.0025,N/A,7.9639,
2004-04-20,1.1926,128.61,1.9462,0.5864,32.545,7.4437,15.6466,0.66425,250.25,3.4529,0.6486,0.4247,4.7655,40685,N/A,9.1688,238.38,40.09,1.5548,87.1,8.278,N/A,N/A,1633774,N/A,1.6119,N/A,1.6131,N/A,9.3009,N/A,N/A,N/A,1373.22,N/A,N/A,1.8735,N/A,2.0013,N/A,7.8022,
2004-04-19,1.2044,129.92,1.9456,0.5861,32.555,7.4439,15.6466,0.66635,251.69,3.4529,0.6522,0.4254,4.7756,40847,N/A,9.2088,238.41,40.133,1.5492,87.56,8.2955,N/A,N/A,1632166,N/A,1.6106,N/A,1.6213,N/A,9.3929,N/A,N/A,N/A,1389.46,N/A,N/A,1.8676,N/A,2.0177,N/A,7.7786,
2004-04-16,1.1932,129.49,1.9466,0.586,32.404,7.4442,15.6466,0.6684,252.44,3.4527,0.6498,0.4254,4.7769,40781,N/A,9.2072,238.41,40.235,1.5541,87.3,8.282,N/A,N/A,1624833,N/A,1.6191,N/A,1.608,N/A,9.3057,N/A,N/A,N/A,1384.71,N/A,N/A,1.8756,N/A,2.0078,N/A,7.7972,
2004-04-15,1.1912,129.39,1.9463,0.586,32.16,7.4443,15.6466,0.668,253.9,3.4528,0.6492,0.4252,4.7935,40780,N/A,9.1868,238.5,40.165,1.552,87.75,8.272,N/A,N/A,1645073,N/A,1.6156,N/A,1.6009,N/A,9.2989,N/A,N/A,N/A,1378.81,N/A,N/A,1.8747,N/A,2.0025,N/A,7.8591,
2004-04-14,1.1924,128.44,1.9461,0.586,32.183,7.4442,15.6466,0.6621,250.3,3.4527,0.6482,0.4245,4.7548,40742,N/A,9.1755,238.47,40.108,1.5479,87.58,8.306,N/A,N/A,1604375,N/A,1.6065,N/A,1.5966,N/A,9.2974,N/A,N/A,N/A,1372.87,N/A,N/A,1.8588,N/A,1.9976,N/A,7.816,
2004-04-13,1.1975,126.92,1.9461,0.5863,32.163,7.4453,15.6466,0.6556,249.25,3.4528,0.6471,0.4238,4.7295,40788,N/A,9.1363,238.47,40.065,1.5495,87.18,8.308,N/A,N/A,1627416,N/A,1.5781,N/A,1.6013,N/A,9.3349,N/A,N/A,N/A,1366.53,N/A,N/A,1.8276,N/A,1.9948,N/A,7.68,
2004-04-08,1.2096,128.37,1.9461,0.5863,32.579,7.4465,15.6466,0.6601,248.75,3.4526,0.6514,0.4247,4.7338,40823,N/A,9.1645,238.41,40.075,1.5521,87.5,8.3616,N/A,N/A,1624273,N/A,1.5915,N/A,1.6009,N/A,9.4291,N/A,N/A,N/A,1379.37,N/A,N/A,1.841,N/A,2.0303,N/A,7.6628,
2004-04-07,1.2101,127.94,1.9461,0.5862,32.779,7.4456,15.6466,0.6586,248.1,3.4527,0.6513,0.4246,4.7231,40865,N/A,9.1615,238.38,40.16,1.5583,87.53,8.3835,N/A,N/A,1604377,N/A,1.5871,N/A,1.5821,N/A,9.4329,N/A,N/A,N/A,1383.45,N/A,N/A,1.8366,N/A,2.0293,N/A,7.6678,
2004-04-06,1.209,128.24,1.946,0.5862,32.669,7.4463,15.6466,0.6582,247.68,3.4527,0.6512,0.4245,4.7194,40922,N/A,9.2018,238.52,40.2,1.5657,87.61,8.375,N/A,N/A,1586279,N/A,1.5931,N/A,1.5791,N/A,9.4238,N/A,N/A,N/A,1390.53,N/A,N/A,1.8446,N/A,2.0324,N/A,7.816,
2004-04-05,1.2058,126.34,1.9463,0.5862,32.687,7.4468,15.6466,0.6636,248.1,3.4528,0.6497,0.4251,4.7007,40730,N/A,9.193,238.5,40.22,1.5673,87.56,8.3735,N/A,N/A,1586279,N/A,1.5995,N/A,1.5842,N/A,9.3925,N/A,N/A,N/A,1378.23,N/A,N/A,1.8513,N/A,2.0217,N/A,7.7469,
2004-04-02,1.2318,128.36,1.9468,0.5862,32.75,7.4457,15.6466,0.6663,249.3,3.4524,0.6569,0.4261,4.7474,40843,N/A,9.2231,238.48,40.115,1.5637,88.11,8.408,N/A,N/A,1609898,N/A,1.6095,N/A,1.6103,N/A,9.5929,N/A,N/A,N/A,1406.16,N/A,N/A,1.8508,N/A,2.0611,N/A,7.8158,
2004-04-01,1.232,127.82,1.9466,0.58617,32.885,7.4458,15.6466,0.6666,249.7,3.4545,0.6568,0.4262,4.7503,41125,N/A,9.234,238.43,40.085,1.5595,88.44,8.474,N/A,N/A,1614628,N/A,1.6125,N/A,1.615,N/A,9.5953,N/A,N/A,N/A,1405.9,N/A,N/A,1.8525,N/A,2.06,N/A,7.8278,
2004-03-31,1.2224,126.97,1.9464,0.5862,32.833,7.4448,15.6466,0.6659,249.25,3.4529,0.654,0.4258,4.7336,40963,N/A,9.2581,238.38,40.115,1.5594,88.27,8.436,N/A,N/A,1612187,N/A,1.6052,N/A,1.5979,N/A,9.5228,N/A,N/A,N/A,1401.42,N/A,N/A,1.8365,N/A,2.0459,N/A,7.7788,
2004-03-30,1.2187,128.99,1.9462,0.58617,32.983,7.4447,15.6466,0.6681,249.85,3.4529,0.6549,0.4261,4.7298,40442,N/A,9.2596,238.4,40.18,1.5586,88.45,8.4085,N/A,N/A,1609898,N/A,1.6179,N/A,1.5922,N/A,9.5012,N/A,N/A,N/A,1405.59,N/A,N/A,1.8544,N/A,2.0523,N/A,7.6105,
2004-03-29,1.2118,128.13,1.9461,0.58617,32.808,7.445,15.6466,0.6674,250.45,3.4529,0.6526,0.4258,4.7175,40478,N/A,9.2665,238.15,40.195,1.5583,87.92,8.4525,N/A,N/A,1600513,N/A,1.6285,N/A,1.5985,N/A,9.4473,N/A,N/A,N/A,1398.96,N/A,N/A,1.8673,N/A,2.0477,N/A,7.7738,
2004-03-26,1.2173,128.59,1.9462,0.58617,32.729,7.4472,15.6466,0.66985,251.06,3.4526,0.6546,0.4262,4.7489,40281,N/A,9.2665,238.17,40.23,1.556,87.51,8.446,N/A,N/A,1607394,N/A,1.6314,N/A,1.6106,N/A,9.4922,N/A,N/A,N/A,1409.21,N/A,N/A,1.8705,N/A,2.0564,N/A,8.0243,
2004-03-25,1.2132,128.72,1.9462,0.58617,32.62,7.4466,15.6466,0.6725,251.02,3.4527,0.6542,0.4264,4.7126,40093,N/A,9.281,238.16,40.235,1.5505,87.52,8.458,N/A,N/A,1607766,N/A,1.6404,N/A,1.6283,N/A,9.4591,N/A,N/A,N/A,1403.98,N/A,N/A,1.8756,N/A,2.0539,N/A,8.0204,
2004-03-24,1.2196,129.76,1.9461,0.58617,32.725,7.4474,15.6466,0.6653,251.07,3.453,0.6552,0.4257,4.6991,40074,N/A,9.2414,238.1,40.145,1.5533,87.99,8.429,N/A,N/A,1609822,N/A,1.6337,N/A,1.6307,N/A,9.507,N/A,N/A,N/A,1408.33,N/A,N/A,1.8723,N/A,2.0601,N/A,8.015,
2004-03-23,1.2276,131.17,1.9463,0.5861,33.13,7.4473,15.6466,0.6664,251.9,3.4527,0.6579,0.426,4.699,39977,N/A,9.2272,238.08,40.165,1.5524,88.46,8.432,N/A,N/A,1623143,N/A,1.6355,N/A,1.6364,N/A,9.5689,N/A,N/A,N/A,1419.29,N/A,N/A,1.8611,N/A,2.0738,N/A,8.0215,
2004-03-22,1.2353,132.17,1.9465,0.58606,33.171,7.4469,15.6466,0.66945,253.2,3.4529,0.6606,0.4266,4.7318,40083,N/A,9.2185,238.03,40.255,1.5574,87.6,8.429,N/A,N/A,1630333,N/A,1.643,N/A,1.6407,N/A,9.6263,N/A,N/A,N/A,1433.57,N/A,N/A,1.8659,N/A,2.0881,N/A,8.1701,
2004-03-19,1.2344,132,1.9466,0.58599,33.21,7.447,15.6466,0.6735,253.56,3.4533,0.6608,0.4271,4.72,40030,N/A,9.2713,238.04,40.375,1.5587,87.24,8.515,N/A,N/A,1623482,N/A,1.6499,N/A,1.6428,N/A,9.6189,N/A,N/A,N/A,1429.44,N/A,N/A,1.8841,N/A,2.0879,N/A,8.1995,
2004-03-18,1.2261,131.22,1.9464,0.58599,33.153,7.4474,15.6466,0.67215,254.45,3.4533,0.6584,0.4268,4.7366,39955,N/A,9.2493,238.02,40.41,1.5625,86.97,8.502,N/A,N/A,1627981,N/A,1.6522,N/A,1.6414,N/A,9.5547,N/A,N/A,N/A,1422.09,N/A,N/A,1.8828,N/A,2.0727,N/A,8.1894,
2004-03-17,1.2251,132.75,1.9462,0.58599,33.185,7.4482,15.6466,0.6756,254.95,3.4533,0.6596,0.4271,4.7303,39927,N/A,9.2438,237.98,40.455,1.567,86.69,8.462,N/A,N/A,1620129,N/A,1.6576,N/A,1.6367,N/A,9.5451,N/A,N/A,N/A,1426.2,N/A,N/A,1.8904,N/A,2.0817,N/A,8.2584,
2004-03-16,1.235,135,1.9462,0.58593,33.198,7.4497,15.6466,0.6792,255,3.4529,0.6635,0.4278,4.7325,39955,N/A,9.238,238.06,40.46,1.5692,86.6,8.479,N/A,N/A,1628084,N/A,1.6656,N/A,1.643,N/A,9.623,N/A,N/A,N/A,1445.88,N/A,N/A,1.896,N/A,2.1013,N/A,8.2511,
2004-03-15,1.2278,136.02,1.9463,0.58589,33.165,7.4515,15.6466,0.6818,253.83,3.452,0.6632,0.4279,4.7229,39895,N/A,9.2563,238.02,40.456,1.5645,86.6,8.4895,N/A,N/A,1615435,N/A,1.6727,N/A,1.6353,N/A,9.5693,N/A,N/A,N/A,1442.97,N/A,N/A,1.9044,N/A,2.0979,N/A,8.2566,
2004-03-12,1.2235,136.15,1.9461,0.58579,33.074,7.4517,15.6466,0.6814,253.85,3.4524,0.6625,0.4278,4.7648,39919,N/A,9.2376,238,40.494,1.5692,86.72,8.56,N/A,N/A,1614822,N/A,1.6748,N/A,1.6306,N/A,9.5368,N/A,N/A,N/A,1444.65,N/A,N/A,1.8964,N/A,2.0973,N/A,8.2703,
2004-03-11,1.2256,135.58,1.9462,0.58575,33.145,7.4518,15.6466,0.6792,252.55,3.4524,0.6622,0.4276,4.7794,39881,N/A,9.207,238.05,40.535,1.567,86.55,8.584,N/A,N/A,1624301,N/A,1.663,N/A,1.6215,N/A,9.5537,N/A,N/A,N/A,1432.67,N/A,N/A,1.8896,N/A,2.0985,N/A,8.2441,
2004-03-10,1.2299,136.36,1.9461,0.58586,33.199,7.4522,15.6466,0.6756,253.56,3.4524,0.6628,0.4273,4.7676,39867,N/A,9.1748,238.04,40.55,1.5758,86.56,8.656,N/A,N/A,1620987,N/A,1.6384,N/A,1.6262,N/A,9.5842,N/A,N/A,N/A,1442.37,N/A,N/A,1.8445,N/A,2.1031,N/A,8.0938,
2004-03-09,1.2361,137.7,1.9461,0.58589,33.057,7.4523,15.6466,0.6721,253.85,3.4526,0.6645,0.4271,4.7728,39952,N/A,9.1653,238,40.555,1.5801,86.62,8.644,N/A,N/A,1627564,N/A,1.6242,N/A,1.6398,N/A,9.6297,N/A,N/A,N/A,1452.36,N/A,N/A,1.8163,N/A,2.1071,N/A,8.192,
2004-03-08,1.2356,138.6,1.9463,0.58589,33.085,7.4519,15.6466,0.6678,254.05,3.4528,0.6646,0.4264,4.8076,39850,N/A,9.1652,238.07,40.565,1.5822,87.05,8.651,N/A,N/A,1632846,N/A,1.6322,N/A,1.636,N/A,9.6269,N/A,N/A,N/A,1449.91,N/A,N/A,1.8291,N/A,2.1133,N/A,8.1608,
2004-03-05,1.2192,135.5,1.9469,0.58589,33.115,7.4519,15.6466,0.6704,256.22,3.4529,0.6594,0.4263,4.8436,39881,N/A,9.2,237.96,40.645,1.5778,87.21,8.665,N/A,N/A,1615109,N/A,1.625,N/A,1.6276,N/A,9.492,N/A,N/A,N/A,1429.88,N/A,N/A,1.8223,N/A,2.0909,N/A,8.3147,
2004-03-04,1.2147,134.43,1.9473,0.58589,33.035,7.4522,15.6466,0.6663,254.35,3.4529,0.6578,0.4257,4.8126,39899,N/A,9.2151,237.93,40.685,1.5793,86.88,8.6365,N/A,N/A,1613577,N/A,1.6178,N/A,1.629,N/A,9.4661,N/A,N/A,N/A,1421.38,N/A,N/A,1.8125,N/A,2.0844,N/A,8.31,
2004-03-03,1.2143,133.81,1.9478,0.58589,32.921,7.4519,15.6466,0.6633,256.38,3.4529,0.6569,0.4253,4.8441,39775,N/A,9.255,237.98,40.575,1.5807,86.89,8.6985,N/A,N/A,1619737,N/A,1.6192,N/A,1.6443,N/A,9.4614,N/A,N/A,N/A,1429.41,N/A,N/A,1.8152,N/A,2.078,N/A,8.3909,
2004-03-02,1.2402,135.98,1.9477,0.58589,32.66,7.4524,15.6466,0.667,255.95,3.4525,0.6639,0.4265,4.8758,39767,N/A,9.2481,237.99,40.458,1.5838,87.24,8.685,N/A,N/A,1636775,N/A,1.6071,N/A,1.6618,N/A,9.655,N/A,N/A,N/A,1455.44,N/A,N/A,1.7985,N/A,2.1138,N/A,8.2283,
2004-03-01,1.2484,136.28,1.9477,0.58589,32.465,7.452,15.6466,0.6683,256.3,3.4525,0.6658,0.4268,4.8944,39733,N/A,9.251,237.96,40.468,1.5783,86.8,8.717,N/A,N/A,1646706,N/A,1.6148,N/A,1.6707,N/A,9.7174,N/A,N/A,N/A,1471.24,N/A,N/A,1.8164,N/A,2.1219,N/A,8.2766,
2004-02-27,1.2418,135.63,1.9484,0.58589,32.435,7.4519,15.6466,0.67,257.05,3.4527,0.6648,0.4269,4.8721,39932,N/A,9.2315,237.98,40.542,1.578,86.78,8.737,N/A,N/A,1644000,N/A,1.6159,N/A,1.6758,N/A,9.6649,N/A,N/A,N/A,1459.74,N/A,N/A,1.8164,N/A,2.111,N/A,8.2685,
2004-02-26,1.2444,136.4,1.9469,0.58586,32.428,7.4517,15.6466,0.6683,258.68,3.4527,0.6654,0.4267,4.8697,40095,N/A,9.2191,237.91,40.535,1.574,86.85,8.78,N/A,N/A,1659000,N/A,1.6173,N/A,1.6668,N/A,9.6855,N/A,N/A,N/A,1457.88,N/A,N/A,1.8085,N/A,2.1192,N/A,8.2878,
2004-02-25,1.2629,137.24,1.9472,0.58582,32.505,7.4515,15.6466,0.6682,258.65,3.4524,0.6699,0.4272,4.8625,40279,N/A,9.2337,237.72,40.685,1.574,87.18,8.826,N/A,N/A,1671500,N/A,1.6207,N/A,1.6809,N/A,9.8244,N/A,N/A,N/A,1477.78,N/A,N/A,1.8232,N/A,2.1361,N/A,8.3317,
2004-02-24,1.2595,136.48,1.947,0.58582,32.635,7.4511,15.6466,0.6712,258.85,3.4532,0.6693,0.4276,4.8833,40315,N/A,9.1983,237.7,40.605,1.5745,86.75,8.7775,N/A,N/A,1670300,N/A,1.6259,N/A,1.682,N/A,9.7963,N/A,N/A,N/A,1481.23,N/A,N/A,1.8345,N/A,2.1348,N/A,8.3927,
2004-02-23,1.2576,136.12,1.9503,0.58586,32.605,7.4513,15.6466,0.6755,261,3.4532,0.669,0.4287,4.8854,40468,N/A,9.1975,237.645,40.615,1.5786,86.71,8.783,N/A,N/A,1670000,N/A,1.6272,N/A,1.6845,N/A,9.7792,N/A,N/A,N/A,1483.72,N/A,N/A,1.8372,N/A,2.1303,N/A,8.4006,
2004-02-20,1.2663,136.51,1.9518,0.58582,32.64,7.4509,15.6466,0.6734,261.65,3.4533,0.6703,0.428,4.9346,40539,N/A,9.1866,237.61,40.555,1.5758,86.71,8.823,N/A,N/A,1680000,N/A,1.6117,N/A,1.6895,N/A,9.845,N/A,N/A,N/A,1478.15,N/A,N/A,1.8231,N/A,2.1357,N/A,8.471,
2004-02-19,1.2724,135.85,1.9544,0.58582,32.82,7.4515,15.6466,0.6708,261.7,3.4533,0.6709,0.4278,4.8986,40444,N/A,9.18,237.58,40.495,1.5763,86.56,8.796,N/A,N/A,1685500,N/A,1.6081,N/A,1.6856,N/A,9.89,N/A,N/A,N/A,1481.26,N/A,N/A,1.8105,N/A,2.1411,N/A,8.4833,
2004-02-18,1.2824,135.65,1.9557,0.58582,32.734,7.4512,15.6466,0.6736,262.85,3.4534,0.6736,0.4285,4.8899,40665,N/A,9.1956,237.6,40.435,1.5768,86.62,8.7985,N/A,N/A,1691000,N/A,1.6108,N/A,1.6862,N/A,9.9652,N/A,N/A,N/A,1477.52,N/A,N/A,1.816,N/A,2.1481,N/A,8.4058,
2004-02-17,1.2858,135.75,1.9557,0.58579,32.703,7.4514,15.6466,0.6747,263.55,3.4533,0.6746,0.4287,4.8722,40720,N/A,9.1935,237.54,40.45,1.5747,86.75,8.784,N/A,N/A,1701000,N/A,1.6139,N/A,1.6861,N/A,9.9911,N/A,N/A,N/A,1489.08,N/A,N/A,1.8176,N/A,2.1535,N/A,8.5438,
2004-02-16,1.2741,134.39,1.9556,0.58579,32.527,7.4508,15.6466,0.6758,263.75,3.4532,0.6714,0.4285,4.8584,40619,N/A,9.1719,237.5,40.425,1.5754,86.95,8.812,N/A,N/A,1691100,N/A,1.6124,N/A,1.6802,N/A,9.8997,N/A,N/A,N/A,1476.17,N/A,N/A,1.8046,N/A,2.1345,N/A,8.4565,
2004-02-13,1.2816,135.04,1.9558,0.58624,32.597,7.451,15.6466,0.6778,263.35,3.4533,0.6739,0.429,4.8549,40763,N/A,9.1462,237.41,40.408,1.579,86.84,8.82,N/A,N/A,1688000,N/A,1.6194,N/A,1.6901,N/A,9.959,N/A,N/A,N/A,1486.72,N/A,N/A,1.8219,N/A,2.1461,N/A,8.4762,
2004-02-12,1.2802,135.04,1.9556,0.58624,32.939,7.4514,15.6466,0.6774,264.6,3.4534,0.673,0.4289,4.8536,40721,N/A,9.1567,237.42,40.435,1.5765,86.89,8.86,N/A,N/A,1687000,N/A,1.6279,N/A,1.6911,N/A,9.9488,N/A,N/A,N/A,1485.61,N/A,N/A,1.8338,N/A,2.142,N/A,8.5327,
2004-02-11,1.268,133.84,1.9555,0.5862,32.923,7.4511,15.6466,0.6779,265.3,3.4532,0.6699,0.4286,4.8676,40667,N/A,9.1118,237.41,40.455,1.5738,86.87,8.8155,N/A,N/A,1704500,N/A,1.6276,N/A,1.689,N/A,9.8526,N/A,N/A,N/A,1471.58,N/A,N/A,1.8235,N/A,2.1222,N/A,8.7537,
2004-02-10,1.2764,134.51,1.9555,0.5862,33.14,7.4511,15.6466,0.6821,264.24,3.4534,0.6727,0.4293,4.8266,40900,N/A,9.126,237.37,40.485,1.569,87.05,8.819,N/A,N/A,1716000,N/A,1.6296,N/A,1.6898,N/A,9.9153,N/A,N/A,N/A,1483.24,N/A,N/A,1.8226,N/A,2.1354,N/A,8.7983,
2004-02-09,1.2713,134.43,1.9554,0.58624,33.23,7.4503,15.6466,0.6838,267.15,3.4535,0.6725,0.4294,4.843,40963,N/A,9.1062,237.35,40.525,1.5688,86.75,8.6975,N/A,N/A,1709000,N/A,1.6356,N/A,1.6866,N/A,9.876,N/A,N/A,N/A,1482.65,N/A,N/A,1.8282,N/A,2.1408,N/A,8.877,
2004-02-06,1.2529,133.54,1.9556,0.58624,33.207,7.4505,15.6466,0.68315,268.45,3.4534,0.6674,0.4288,4.8623,40903,N/A,9.1175,237.32,40.7,1.5694,86.25,8.7355,N/A,N/A,1691400,N/A,1.6458,N/A,1.6765,N/A,9.741,N/A,N/A,N/A,1463.45,N/A,N/A,1.828,N/A,2.1236,N/A,8.855,
2004-02-05,1.2583,132.73,1.9557,0.58624,33.323,7.4509,15.6466,0.6854,266.85,3.4533,0.6686,0.4293,4.8368,40807,N/A,9.1759,237.31,40.57,1.5699,86.25,8.737,N/A,N/A,1670000,N/A,1.6471,N/A,1.6784,N/A,9.781,N/A,N/A,N/A,1467.24,N/A,N/A,1.834,N/A,2.1294,N/A,8.6509,
2004-02-04,1.2524,132.04,1.9557,0.58617,33.197,7.4513,15.6466,0.6819,264.53,3.4534,0.6664,0.4287,4.7804,40501,N/A,9.1838,237.32,40.57,1.5693,86.45,8.721,N/A,N/A,1670000,N/A,1.6413,N/A,1.6811,N/A,9.7392,N/A,N/A,N/A,1463.18,N/A,N/A,1.844,N/A,2.1215,N/A,8.6913,
2004-02-03,1.2585,132.82,1.9557,0.5861,33.32,7.4509,15.6466,0.6836,266.6,3.4533,0.6682,0.429,4.7989,40447,N/A,9.1767,237.25,40.7,1.5662,86.67,8.683,N/A,N/A,1685000,N/A,1.642,N/A,1.674,N/A,9.7854,N/A,N/A,N/A,1470.12,N/A,N/A,1.8511,N/A,2.1302,N/A,8.6991,
2004-02-02,1.2461,131.57,1.9558,0.58606,33.24,7.4506,15.6466,0.6834,264.1,3.4534,0.6648,0.4287,4.7871,40502,N/A,9.2182,237.3,40.825,1.5687,86.42,8.6975,N/A,N/A,1668864,N/A,1.639,N/A,1.6604,N/A,9.6888,N/A,N/A,N/A,1458.5,N/A,N/A,1.8448,N/A,2.1108,N/A,8.7339,
2004-01-30,1.2384,131.06,1.9559,0.58603,33.323,7.4495,15.6466,0.6846,264.55,3.4535,0.6627,0.4286,4.7749,40636,N/A,9.194,237.3,40.925,1.5626,86.13,8.719,N/A,N/A,1665205,N/A,1.6396,N/A,1.6523,N/A,9.6281,N/A,N/A,N/A,1453.26,N/A,N/A,1.8626,N/A,2.1046,N/A,8.7326,
2004-01-29,1.2468,132.13,1.9558,0.58617,33.213,7.4491,15.6466,0.685,263.36,3.4533,0.6653,0.4289,4.7403,40695,N/A,9.164,237.4,40.75,1.5621,86.78,8.764,N/A,N/A,1673475,N/A,1.6198,N/A,1.6546,N/A,9.6923,N/A,N/A,N/A,1461.87,N/A,N/A,1.8514,N/A,2.1193,N/A,8.7615,
2004-01-28,1.2563,133.05,1.9558,0.58617,33.072,7.4485,15.6466,0.68685,263.2,3.4534,0.6682,0.4293,4.7327,40700,N/A,9.1255,237.38,40.655,1.5688,86.78,8.682,N/A,N/A,1668765,N/A,1.6209,N/A,1.6525,N/A,9.7576,N/A,N/A,N/A,1471.69,N/A,N/A,1.8601,N/A,2.1269,N/A,8.7732,
2004-01-27,1.2517,132.51,1.9559,0.58606,32.918,7.4485,15.6466,0.69085,262.65,3.4529,0.6675,0.4297,4.7234,40804,N/A,9.1591,237.34,40.585,1.5681,86.72,8.601,N/A,N/A,1655012,N/A,1.6197,N/A,1.6416,N/A,9.7185,N/A,N/A,N/A,1473.25,N/A,N/A,1.8596,N/A,2.1271,N/A,8.9168,
2004-01-26,1.2575,133.43,1.9559,0.58599,32.956,7.449,15.6466,0.6888,262.26,3.4523,0.6694,0.4296,4.6992,40952,N/A,9.1513,237.35,40.494,1.5645,86.57,8.614,N/A,N/A,1662217,N/A,1.6254,N/A,1.65,N/A,9.7668,N/A,N/A,N/A,1484.48,N/A,N/A,1.868,N/A,2.1318,N/A,9.0987,
2004-01-23,1.2692,134.48,1.9559,0.58668,32.979,7.4496,15.6466,0.6891,262.8,3.4533,0.6724,0.43,4.6928,41052,N/A,9.1436,237.36,40.535,1.5659,86.38,8.593,N/A,N/A,1685432,N/A,1.635,N/A,1.6668,N/A,9.8548,N/A,N/A,N/A,1505.27,N/A,N/A,1.8763,N/A,2.1512,N/A,9.057,
2004-01-22,1.271,135.27,1.9559,0.58668,32.85,7.4489,15.6466,0.6888,262.63,3.4533,0.6733,0.4301,4.7059,41350,N/A,9.106,237.4,40.44,1.5673,86.84,8.543,N/A,N/A,1681600,N/A,1.6328,N/A,1.6487,N/A,9.871,N/A,N/A,N/A,1510.58,N/A,N/A,1.8764,N/A,2.1529,N/A,8.9983,
2004-01-21,1.2607,134.86,1.9558,0.58672,32.77,7.4472,15.6466,0.69,263.85,3.4529,0.6711,0.4299,4.7083,41048,N/A,9.1639,237.4,40.585,1.5691,86.95,8.64,N/A,N/A,1677660,N/A,1.6328,N/A,1.6313,N/A,9.7931,N/A,N/A,N/A,1498.22,N/A,N/A,1.8741,N/A,2.1428,N/A,8.9635,
2004-01-20,1.2536,134.43,1.9558,0.58672,32.91,7.4468,15.6466,0.6913,264.2,3.4523,0.6692,0.4298,4.7306,41087,N/A,9.1631,237.53,40.695,1.572,86.58,8.6045,N/A,N/A,1677519,N/A,1.6374,N/A,1.6206,N/A,9.7394,N/A,N/A,N/A,1489.28,N/A,N/A,1.8846,N/A,2.1417,N/A,9.1348,
2004-01-19,1.2373,132.43,1.9555,0.58672,32.811,7.4483,15.6466,0.6928,264.6,3.4527,0.6648,0.429,4.724,40985,N/A,9.176,237.6,40.78,1.5701,86.19,8.6065,N/A,N/A,1675170,N/A,1.6323,N/A,1.6108,N/A,9.6088,N/A,N/A,N/A,1466.45,N/A,N/A,1.8768,N/A,2.114,N/A,9.015,
2004-01-16,1.2493,132.47,1.9555,0.58672,32.709,7.4486,15.6466,0.6884,267.07,3.4529,0.667,0.4294,4.7125,41139,N/A,9.1902,237.55,40.77,1.567,87.37,8.601,N/A,N/A,1672478,N/A,1.6257,N/A,1.6188,N/A,9.702,N/A,N/A,N/A,1481.79,N/A,N/A,1.8678,N/A,2.1243,N/A,9.1835,
2004-01-15,1.2635,134.09,1.9555,0.58679,32.59,7.4481,15.6466,0.6916,267.25,3.4532,0.6717,0.4302,4.742,41213,N/A,9.164,237.54,40.77,1.5626,88.23,8.5415,N/A,N/A,1691000,N/A,1.6359,N/A,1.6313,N/A,9.8088,N/A,N/A,N/A,1498.83,N/A,N/A,1.8706,N/A,2.1422,N/A,9.0476,
2004-01-14,1.2692,134.7,1.9555,0.58675,32.59,7.4481,15.6466,0.69015,265.85,3.4532,0.6725,0.4301,4.7478,41264,N/A,9.1755,237.43,40.615,1.5601,88.49,8.567,N/A,N/A,1711949,N/A,1.632,N/A,1.6159,N/A,9.8545,N/A,N/A,N/A,1497.97,N/A,N/A,1.8611,N/A,2.1514,N/A,9.0622,
2004-01-13,1.2749,135.64,1.9554,0.58668,32.565,7.4485,15.6466,0.6897,268.2,3.4531,0.6744,0.4303,4.7099,41362,N/A,9.1342,237.4,40.58,1.5623,88.96,8.569,N/A,N/A,1705211,N/A,1.6357,N/A,1.6259,N/A,9.8975,N/A,N/A,N/A,1503.81,N/A,N/A,1.8612,N/A,2.1587,N/A,8.9031,
2004-01-12,1.2828,136.57,1.9557,0.58658,32.572,7.448,15.6466,0.6925,270.25,3.4534,0.6769,0.4307,4.6967,41350,N/A,9.1115,237.32,40.66,1.565,88.94,8.6065,N/A,N/A,1711297,N/A,1.6501,N/A,1.6323,N/A,9.9585,N/A,N/A,N/A,1508.64,N/A,N/A,1.8806,N/A,2.1698,N/A,8.6617,
2004-01-09,1.2737,136.18,1.9556,0.58658,32.51,7.4478,15.6466,0.6944,268.2,3.4533,0.6747,0.4306,4.6939,41239,N/A,9.1119,237.35,40.652,1.5667,88.87,8.6475,N/A,N/A,1731070,N/A,1.6443,N/A,1.6282,N/A,9.8878,N/A,N/A,N/A,1505,N/A,N/A,1.8733,N/A,2.1586,N/A,8.6234,
2004-01-08,1.2634,134.11,1.9558,0.58651,32.363,7.4481,15.6466,0.69455,263.65,3.4534,0.6716,0.4305,4.6747,41287,N/A,9.08725,237.13,40.876,1.5697,88.75,8.608,N/A,N/A,1727017,N/A,1.6396,N/A,1.628,N/A,9.8086,N/A,N/A,N/A,1493.91,N/A,N/A,1.8783,N/A,2.1423,N/A,8.3893,
2004-01-07,1.2679,134.63,1.9558,0.58637,32.362,7.4477,15.6466,0.6978,262.55,3.4535,0.6731,0.431,4.68,41259,N/A,9.1053,237.05,40.915,1.5676,88.73,8.5695,N/A,N/A,1733425,N/A,1.651,N/A,1.6311,N/A,9.8432,N/A,N/A,N/A,1504.81,N/A,N/A,1.8901,N/A,2.1527,N/A,8.3361,
2004-01-06,1.2756,135.46,1.9558,0.58617,32.38,7.4474,15.6466,0.6998,260.23,3.4539,0.6754,0.4314,4.6923,41429,N/A,9.1278,237,40.88,1.5666,88.9,8.566,N/A,N/A,1754294,N/A,1.6539,N/A,1.6336,N/A,9.9026,N/A,N/A,N/A,1514.07,N/A,N/A,1.8934,N/A,2.1657,N/A,8.2152,
2004-01-05,1.2657,134.53,1.9558,0.58637,32.368,7.4474,15.6466,0.7026,261.48,3.4533,0.6727,0.4316,4.6844,41272,N/A,9.068,236.97,41.04,1.5594,89.02,8.406,N/A,N/A,1743696,N/A,1.6541,N/A,1.6249,N/A,9.8267,N/A,N/A,N/A,1508.78,N/A,N/A,1.8916,N/A,2.1513,N/A,8.0417,
2004-01-02,1.2592,134.72,1.9557,0.58637,32.398,7.4452,15.6466,0.70545,261.93,3.4525,0.6715,0.4316,4.7029,41122,N/A,9.05,236.85,41.145,1.5615,89.36,8.3935,N/A,N/A,1760013,N/A,1.6683,N/A,1.628,N/A,9.7769,N/A,N/A,N/A,1504.81,N/A,N/A,1.9184,N/A,2.1427,N/A,8.4395,
2003-12-31,1.263,135.05,1.9557,0.58637,32.41,7.445,15.6466,0.7048,262.5,3.4524,0.6725,0.4317,4.7019,41158,N/A,9.08,236.7,41.17,1.5579,89.46,8.4141,N/A,N/A,1771638,N/A,1.6802,N/A,1.6234,N/A,9.8049,N/A,N/A,N/A,1506.32,N/A,N/A,1.9244,N/A,2.145,N/A,8.3276,
2003-12-30,1.2496,133.72,1.9559,0.5862,32.56,7.4446,15.6466,0.7036,261.69,3.4523,0.6685,0.4312,4.6882,41072,N/A,9.077,236.85,41.145,1.5594,89.63,8.421,N/A,N/A,1752635,N/A,1.6742,N/A,1.638,N/A,9.701,N/A,N/A,N/A,1496.13,N/A,N/A,1.9139,N/A,2.1278,N/A,8.2333,
2003-12-29,1.2499,133.68,1.9558,0.58606,32.508,7.4437,15.6466,0.704,260.63,3.4523,0.6689,0.4312,4.6796,40723,N/A,9.0891,236.83,41.16,1.5587,89.5,8.434,N/A,N/A,1766109,N/A,1.6801,N/A,1.6315,N/A,9.704,N/A,N/A,N/A,1497.19,N/A,N/A,1.9248,N/A,2.1289,N/A,8.3786,
2003-12-24,1.2407,133.12,1.9553,0.58575,32.64,7.443,15.6466,0.70175,260.36,3.4521,0.6665,0.4307,4.6694,40485,N/A,9.0905,236.81,41.16,1.559,89.66,8.4198,N/A,N/A,1770408,N/A,1.6727,N/A,1.6349,N/A,9.635,N/A,N/A,N/A,1488.41,N/A,N/A,1.9181,N/A,2.1185,N/A,8.4762,
2003-12-23,1.2392,133.19,1.9553,0.58586,32.522,7.4422,15.6466,0.7025,262.63,3.4524,0.6664,0.4308,4.6469,40397,N/A,9.1036,236.83,41.16,1.5611,89.64,8.3715,N/A,N/A,1771509,N/A,1.6878,N/A,1.6445,N/A,9.6204,N/A,N/A,N/A,1481.84,N/A,N/A,1.9289,N/A,2.1171,N/A,8.5084,
2003-12-22,1.2434,133.53,1.9552,0.58531,32.46,7.4407,15.6466,0.7054,262.75,3.4524,0.6673,0.4312,4.6524,40625,N/A,9.0927,236.85,41.175,1.5565,89.58,8.327,N/A,N/A,1781315,N/A,1.692,N/A,1.6584,N/A,9.6534,N/A,N/A,N/A,1485.3,N/A,N/A,1.9337,N/A,2.1236,N/A,8.6351,
2003-12-19,1.2418,133.63,1.9556,0.58521,32.506,7.4425,15.6466,0.7029,262.49,3.4523,0.6668,0.4309,4.6548,40732,N/A,9.1085,236.8,41.133,1.5552,90,8.332,N/A,N/A,1773170,N/A,1.6835,N/A,1.6585,N/A,9.6443,N/A,N/A,N/A,1478.55,N/A,N/A,1.9249,N/A,2.1203,N/A,8.2825,
2003-12-18,1.2403,133.38,1.9546,0.58478,32.34,7.4428,15.6466,0.70155,263.72,3.4523,0.6661,0.4307,4.6557,40719,N/A,9.0825,236.77,41.14,1.5563,90.01,8.335,N/A,N/A,1777136,N/A,1.684,N/A,1.6496,N/A,9.6305,N/A,N/A,N/A,1474.53,N/A,N/A,1.9265,N/A,2.1186,N/A,8.2509,
2003-12-17,1.2337,132.76,1.9543,0.58469,32.356,7.4422,15.6466,0.703,263.75,3.4524,0.6649,0.4306,4.6543,40613,N/A,9.033,236.74,41.16,1.5539,89.84,8.275,N/A,N/A,1764808,N/A,1.6655,N/A,1.6418,N/A,9.5774,N/A,N/A,N/A,1466.44,N/A,N/A,1.9041,N/A,2.1096,N/A,8.0059,
2003-12-16,1.2339,132.74,1.9528,0.58421,32.263,7.4425,15.6466,0.7062,264.35,3.4523,0.6653,0.431,4.6493,40722,N/A,9.04,236.67,41.162,1.5529,90.19,8.222,N/A,N/A,1760184,N/A,1.657,N/A,1.6278,N/A,9.5787,N/A,N/A,N/A,1467.91,N/A,N/A,1.8934,N/A,2.1054,N/A,7.7856,
2003-12-15,1.223,132.09,1.9515,0.58415,32.13,7.4398,15.6466,0.7013,263.95,3.4525,0.6615,0.4301,4.6586,40583,N/A,8.992,236.66,41.185,1.5516,89.63,8.203,N/A,N/A,1752307,N/A,1.6525,N/A,1.6138,N/A,9.4941,N/A,N/A,N/A,1446.56,N/A,N/A,1.8914,N/A,2.0905,N/A,7.829,
2003-12-12,1.2254,132.14,1.9515,0.58404,32.085,7.4394,15.6466,0.70125,263.25,3.4524,0.6618,0.4301,4.6605,40663,N/A,8.9655,236.64,41.155,1.5498,89.73,8.185,N/A,N/A,1759713,N/A,1.6493,N/A,1.6059,N/A,9.5127,N/A,N/A,N/A,1452.16,N/A,N/A,1.8894,N/A,2.0964,N/A,7.8531,
2003-12-11,1.2187,131.87,1.9505,0.58401,32.06,7.4383,15.6466,0.698,262.4,3.4524,0.66,0.4296,4.6581,40515,N/A,8.9817,236.65,41.21,1.5509,89.74,8.1735,N/A,N/A,1761735,N/A,1.6508,N/A,1.6094,N/A,9.4633,N/A,N/A,N/A,1447.51,N/A,N/A,1.887,N/A,2.0879,N/A,7.8314,
2003-12-10,1.2239,132.33,1.9496,0.58384,32.094,7.4421,15.6466,0.7024,263.69,3.4526,0.6618,0.4303,4.6431,40468,N/A,8.937,236.615,41.18,1.5462,89.85,8.13,N/A,N/A,1753491,N/A,1.6528,N/A,1.6043,N/A,9.5024,N/A,N/A,N/A,1451.24,N/A,N/A,1.8862,N/A,2.0973,N/A,7.8509,
2003-12-09,1.2258,131.45,1.9507,0.58381,32.157,7.4433,15.6466,0.70335,267.2,3.4528,0.6619,0.4304,4.6692,40593,N/A,8.9398,236.63,41.09,1.5473,89.82,8.11,N/A,N/A,1755959,N/A,1.6524,N/A,1.5918,N/A,9.5168,N/A,N/A,N/A,1454.66,N/A,N/A,1.8909,N/A,2.0993,N/A,7.8412,
2003-12-08,1.2218,131.4,1.9515,0.5837,32.213,7.4416,15.6466,0.7043,267.84,3.4531,0.6612,0.4303,4.6494,40510,N/A,8.9327,236.605,41.045,1.5479,89.9,8.0795,N/A,N/A,1753751,N/A,1.6495,N/A,1.59,N/A,9.4872,N/A,N/A,N/A,1449.24,N/A,N/A,1.886,N/A,2.0906,N/A,7.7674,
2003-12-05,1.2087,130.79,1.9521,0.5836,32.352,7.4415,15.6466,0.7021,266.45,3.4532,0.6576,0.4298,4.6366,40390,N/A,8.9523,236.515,41.02,1.5577,89.32,8.08,N/A,N/A,1753921,N/A,1.6455,N/A,1.5772,N/A,9.3839,N/A,N/A,N/A,1440.77,N/A,N/A,1.8772,N/A,2.0743,N/A,7.7216,
2003-12-04,1.2074,130.67,1.952,0.5836,32.293,7.4415,15.6466,0.70045,270.3,3.453,0.6571,0.4296,4.6484,40338,N/A,8.963,236.5,41.014,1.5579,89.47,8.0905,N/A,N/A,1756611,N/A,1.6421,N/A,1.5785,N/A,9.3772,N/A,N/A,N/A,1437.71,N/A,N/A,1.8684,N/A,2.0728,N/A,7.466,
2003-12-03,1.2102,131.25,1.9542,0.5836,32.445,7.4417,15.6466,0.6999,272.7,3.4528,0.6581,0.4296,4.6519,40317,N/A,8.987,236.485,41.08,1.5569,89.35,8.1425,N/A,N/A,1764669,N/A,1.6458,N/A,1.5699,N/A,9.3956,N/A,N/A,N/A,1446.49,N/A,N/A,1.8624,N/A,2.0768,N/A,7.4707,
2003-12-02,1.1975,130.86,1.9532,0.58387,32.456,7.4415,15.6466,0.69585,273.92,3.4524,0.6547,0.4287,4.6722,40172,N/A,9.0117,236.415,41.2,1.5552,89.4,8.1635,N/A,N/A,1746628,N/A,1.6444,N/A,1.5636,N/A,9.2951,N/A,N/A,N/A,1431.49,N/A,N/A,1.8606,N/A,2.062,N/A,7.6573,
2003-12-01,1.2019,131.41,1.9529,0.58377,32.068,7.4403,15.6466,0.6965,263.05,3.4524,0.6559,0.429,4.6486,40230,N/A,9.0187,236.425,41.03,1.5504,89.59,8.175,N/A,N/A,1744879,N/A,1.6535,N/A,1.5623,N/A,9.3329,N/A,N/A,N/A,1441.5,N/A,N/A,1.8701,N/A,2.0705,N/A,7.6897,
2003-11-28,1.1994,131.24,1.9525,0.58415,32.095,7.4396,15.6466,0.6971,264.74,3.4525,0.6555,0.4289,4.7047,40200,N/A,9.0475,236.405,41.1,1.5484,89.29,8.1625,N/A,N/A,1748045,N/A,1.6583,N/A,1.5552,N/A,9.3117,N/A,N/A,N/A,1441.74,N/A,N/A,1.8718,N/A,2.0662,N/A,7.7001,
2003-11-27,1.1902,129.99,1.9498,0.58408,32.03,7.4397,15.6466,0.6947,264.29,3.4526,0.6529,0.4284,4.6611,40322,N/A,9.0373,236.45,40.95,1.5489,89.25,8.1645,N/A,N/A,1741412,N/A,1.6477,N/A,1.5567,N/A,9.2421,N/A,N/A,N/A,1431.87,N/A,N/A,1.8638,N/A,2.0528,N/A,7.6396,
2003-11-26,1.1828,129.67,1.9487,0.58408,31.89,7.4392,15.6466,0.6968,261.3,3.4526,0.6506,0.4284,4.6595,40137,N/A,8.9955,236.47,40.905,1.5499,89.24,8.15,N/A,N/A,1738865,N/A,1.6422,N/A,1.5464,N/A,9.1879,N/A,N/A,N/A,1422.26,N/A,N/A,1.8541,N/A,2.0395,N/A,7.6807,
2003-11-25,1.1766,129.41,1.9477,0.58404,31.891,7.4386,15.6466,0.69415,262.1,3.4529,0.6491,0.4279,4.6489,40058,N/A,8.9847,236.315,40.95,1.5535,88.94,8.157,N/A,N/A,1729824,N/A,1.6407,N/A,1.548,N/A,9.1394,N/A,N/A,N/A,1415.33,N/A,N/A,1.8492,N/A,2.027,N/A,7.7563,
2003-11-24,1.1823,128.93,1.948,0.58384,31.897,7.436,15.6466,0.69605,258.79,3.4529,0.6501,0.4283,4.6364,40039,N/A,8.962,236.305,40.963,1.5527,88.99,8.1645,N/A,N/A,1739609,N/A,1.6393,N/A,1.5461,N/A,9.1799,N/A,N/A,N/A,1423.49,N/A,N/A,1.8496,N/A,2.0384,N/A,7.7768,
2003-11-21,1.1899,129.37,1.9486,0.5837,31.899,7.4374,15.6466,0.6983,257.8,3.4531,0.6522,0.4288,4.667,40168,N/A,8.9625,236.3,40.959,1.5463,88.92,8.1625,N/A,N/A,1749374,N/A,1.645,N/A,1.5549,N/A,9.2346,N/A,N/A,N/A,1422.53,N/A,N/A,1.8519,N/A,2.0469,N/A,7.762,
2003-11-20,1.1909,129.66,1.9484,0.58374,31.854,7.4375,15.6466,0.6994,258.11,3.4529,0.6529,0.429,4.639,40164,N/A,8.974,236.18,40.95,1.5481,89.05,8.173,N/A,N/A,1765508,N/A,1.6463,N/A,1.5518,N/A,9.2418,N/A,N/A,N/A,1419.2,N/A,N/A,1.8516,N/A,2.0453,N/A,7.8525,
2003-11-19,1.191,129.82,1.9477,0.58374,31.84,7.438,15.6466,0.7021,258.35,3.4529,0.6532,0.4293,4.6112,40037,N/A,8.9969,236.05,40.94,1.5518,89.74,8.186,N/A,N/A,1737828,N/A,1.6484,N/A,1.5502,N/A,9.2376,N/A,N/A,N/A,1401.51,N/A,N/A,1.8754,N/A,2.0431,N/A,7.8257,
2003-11-18,1.1778,128.17,1.9468,0.58323,32.085,7.4384,15.6466,0.69705,257.2,3.4527,0.6487,0.4283,4.5973,39895,N/A,8.9665,236.11,40.935,1.5568,89.16,8.189,N/A,N/A,1725697,N/A,1.6412,N/A,1.5424,N/A,9.138,N/A,N/A,N/A,1390.39,N/A,N/A,1.8652,N/A,2.0285,N/A,7.9199,
2003-11-17,1.1802,128.56,1.9468,0.58306,32.01,7.439,15.6466,0.6983,257.7,3.4526,0.6496,0.4285,4.5743,39917,N/A,8.9665,236.115,40.965,1.558,89.09,8.205,N/A,N/A,1732608,N/A,1.6467,N/A,1.5383,N/A,9.1602,N/A,N/A,N/A,1395.59,N/A,N/A,1.8733,N/A,2.0358,N/A,7.9321,
2003-11-14,1.1765,127.42,1.9466,0.58275,32.071,7.4395,15.6466,0.697,257.88,3.4525,0.648,0.4282,4.5784,40005,N/A,8.957,236.15,40.985,1.5668,88.92,8.215,N/A,N/A,1731850,N/A,1.6355,N/A,1.5292,N/A,9.1268,N/A,N/A,N/A,1377.98,N/A,N/A,1.8644,N/A,2.025,N/A,7.9322,
2003-11-13,1.168,126.69,1.9464,0.58258,32.035,7.4366,15.6466,0.6938,258.55,3.4527,0.6467,0.4276,4.5719,39938,N/A,8.9525,236.06,41.11,1.5717,88.56,8.182,N/A,N/A,1728575,N/A,1.6244,N/A,1.5195,N/A,9.0686,N/A,N/A,N/A,1368.49,N/A,N/A,1.8574,N/A,2.0168,N/A,7.9568,
2003-11-12,1.16,126.42,1.9463,0.58268,32.002,7.4359,15.6466,0.693,258.65,3.4528,0.6448,0.4273,4.5878,39890,N/A,8.9777,236.03,41.17,1.5668,88.37,8.201,N/A,N/A,1722300,N/A,1.621,N/A,1.516,N/A,9.0048,N/A,N/A,N/A,1360.56,N/A,N/A,1.8522,N/A,2.0113,N/A,8.0153,
2003-11-11,1.1497,125.03,1.9463,0.58261,31.99,7.4359,15.6466,0.6896,257.61,3.453,0.6406,0.4265,4.5648,39945,N/A,8.988,236.02,41.175,1.5689,88.31,8.21,N/A,N/A,1710957,N/A,1.6111,N/A,1.5104,N/A,8.9162,N/A,N/A,N/A,1353.83,N/A,N/A,1.8381,N/A,1.9937,N/A,7.9801,
2003-11-10,1.1483,124.8,1.9462,0.58261,32.033,7.4356,15.6466,0.6866,257.3,3.453,0.64,0.4261,4.5805,39952,N/A,8.9757,235.99,41.265,1.5729,87.98,8.232,N/A,N/A,1711243,N/A,1.6079,N/A,1.5109,N/A,8.8941,N/A,N/A,N/A,1348.16,N/A,N/A,1.8522,N/A,1.9934,N/A,8.0131,
2003-11-07,1.1424,125.82,1.9464,0.58261,31.885,7.4347,15.6466,0.6871,257.7,3.4533,0.6398,0.4259,4.593,39711,N/A,8.969,235.95,41.24,1.5702,87.81,8.234,N/A,N/A,1718360,N/A,1.6147,N/A,1.5203,N/A,8.8758,N/A,N/A,N/A,1347,N/A,N/A,1.8588,N/A,1.989,N/A,8.0377,
2003-11-06,1.1449,125.9,1.9472,0.58299,31.967,7.4356,15.6466,0.683,257.73,3.4533,0.6401,0.4256,4.5984,39633,N/A,9.003,236,41.32,1.5662,87.25,8.2425,N/A,N/A,1710600,N/A,1.612,N/A,1.5251,N/A,8.8935,N/A,N/A,N/A,1352.07,N/A,N/A,1.8563,N/A,1.9956,N/A,8.0103,
2003-11-05,1.1473,125.7,1.9474,0.58302,31.936,7.4366,15.6466,0.68385,257.15,3.4533,0.641,0.4258,4.5914,39601,N/A,9.0338,236.01,41.315,1.5652,87.42,8.248,N/A,N/A,1693500,N/A,1.6171,N/A,1.5279,N/A,8.9117,N/A,N/A,N/A,1356.62,N/A,N/A,1.8593,N/A,1.9968,N/A,7.916,
2003-11-04,1.1468,126.47,1.9473,0.58309,32.055,7.4335,15.6466,0.684,260.43,3.4523,0.6411,0.4257,4.6248,39465,N/A,9.0548,236,41.42,1.563,87.57,8.233,N/A,N/A,1691031,N/A,1.6369,N/A,1.5329,N/A,8.9072,N/A,N/A,N/A,1359.13,N/A,N/A,1.8785,N/A,2.0017,N/A,7.9584,
2003-11-03,1.1589,127.71,1.9477,0.58309,32.02,7.4335,15.6466,0.68365,262.8,3.4523,0.6452,0.4261,4.6585,39455,N/A,9.073,235.78,41.425,1.5545,88.23,8.227,N/A,N/A,1708440,N/A,1.6381,N/A,1.5391,N/A,8.9996,N/A,N/A,N/A,1374.05,N/A,N/A,1.892,N/A,2.0185,N/A,7.9469,
2003-10-31,1.1622,126.72,1.9485,0.58316,32.035,7.4338,15.6466,0.6863,259.26,3.4525,0.6457,0.4265,4.7002,39487,N/A,9.0474,235.8,41.4,1.5506,88.79,8.211,N/A,N/A,1725367,N/A,1.6464,N/A,1.5306,N/A,9.0257,N/A,N/A,N/A,1375.46,N/A,N/A,1.9022,N/A,2.0214,N/A,8.0288,
2003-10-30,1.1736,126.97,1.9479,0.58316,32.058,7.4332,15.6466,0.68825,256.2,3.4526,0.6491,0.4271,4.6739,39512,N/A,9.0152,235.8,41.305,1.5495,88.97,8.226,N/A,N/A,1750510,N/A,1.6549,N/A,1.5337,N/A,9.1106,N/A,N/A,N/A,1380.56,N/A,N/A,1.9096,N/A,2.0353,N/A,8.0806,
2003-10-29,1.1684,126.21,1.9467,0.58353,32.155,7.4319,15.6466,0.6858,256.11,3.4526,0.6475,0.4267,4.6539,39245,N/A,9.0285,235.7,41.34,1.5512,88.99,8.212,N/A,N/A,1776000,N/A,1.6557,N/A,1.531,N/A,9.0659,N/A,N/A,N/A,1376.78,N/A,N/A,1.9048,N/A,2.0298,N/A,8.1365,
2003-10-28,1.1673,126.69,1.9479,0.58425,32.024,7.4315,15.6466,0.6904,256.2,3.4523,0.6479,0.4271,4.64,38992,N/A,9.0377,235.68,41.351,1.5516,89.19,8.236,N/A,N/A,1778000,N/A,1.6602,N/A,1.5356,N/A,9.0553,N/A,N/A,N/A,1383.25,N/A,N/A,1.9092,N/A,2.0381,N/A,8.0895,
2003-10-27,1.1748,127.37,1.9488,0.58425,32.101,7.4313,15.6466,0.6935,258,3.4524,0.6495,0.4278,4.671,38845,N/A,9.0705,235.6,41.45,1.5476,89.6,8.25,N/A,N/A,1765700,N/A,1.6694,N/A,1.5371,N/A,9.1104,N/A,N/A,N/A,1389.61,N/A,N/A,1.9272,N/A,2.0457,N/A,8.1453,
2003-10-24,1.1781,129.02,1.9484,0.58425,32.134,7.4307,15.6466,0.6948,258.25,3.4524,0.6506,0.428,4.6961,38849,N/A,9.0505,235.58,41.537,1.5471,89.47,8.24,N/A,N/A,1747000,N/A,1.683,N/A,1.541,N/A,9.1326,N/A,N/A,N/A,1396.81,N/A,N/A,1.9369,N/A,2.0528,N/A,8.2033,
2003-10-23,1.1786,129.32,1.9469,0.58425,31.914,7.4311,15.6466,0.6965,256.66,3.4525,0.651,0.4282,4.6673,38819,N/A,9.0355,235.55,41.34,1.5467,89.64,8.235,N/A,N/A,1743000,N/A,1.6864,N/A,1.5399,N/A,9.1353,N/A,N/A,N/A,1395.87,N/A,N/A,1.9397,N/A,2.0551,N/A,8.2302,
2003-10-22,1.1694,128.14,1.9466,0.58398,31.887,7.4323,15.6466,0.695,255.65,3.4524,0.6474,0.4278,4.619,38840,N/A,9.0255,235.59,41.325,1.5536,89.04,8.253,N/A,N/A,1715000,N/A,1.665,N/A,1.5388,N/A,9.066,N/A,N/A,N/A,1381.65,N/A,N/A,1.9371,N/A,2.0317,N/A,8.2995,
2003-10-21,1.1623,128.07,1.9465,0.58394,31.805,7.4319,15.6466,0.6958,256.45,3.4524,0.6459,0.4277,4.5957,38842,N/A,9.0435,235.58,41.305,1.5534,89.07,8.274,N/A,N/A,1688000,N/A,1.6784,N/A,1.5375,N/A,9.0121,N/A,N/A,N/A,1373.72,N/A,N/A,1.9449,N/A,2.0293,N/A,8.2817,
2003-10-20,1.1629,128.21,1.9464,0.58394,31.785,7.4319,15.6466,0.69385,256.45,3.4531,0.6455,0.4276,4.6049,38850,N/A,9.0645,235.6,41.335,1.5524,89.17,8.273,N/A,N/A,1672000,N/A,1.6805,N/A,1.5335,N/A,9.0115,N/A,N/A,N/A,1365.3,N/A,N/A,1.9526,N/A,2.0293,N/A,8.3885,
2003-10-17,1.1579,127.2,1.9466,0.58394,31.835,7.4288,15.6466,0.6936,256.65,3.4539,0.6435,0.4272,4.5763,38824,N/A,8.986,235.6,41.275,1.5514,89.11,8.2445,N/A,N/A,1670000,N/A,1.6813,N/A,1.5287,N/A,8.9693,N/A,N/A,N/A,1357.7,N/A,N/A,1.9453,N/A,2.0156,N/A,8.3192,
2003-10-16,1.1615,127.45,1.9464,0.58445,32.035,7.4284,15.6466,0.6947,257.35,3.4524,0.6447,0.4275,4.6155,38683,N/A,8.942,235.69,41.19,1.5487,89,8.25,N/A,N/A,1644175,N/A,1.6882,N/A,1.538,N/A,8.9955,N/A,N/A,N/A,1364.41,N/A,N/A,1.9519,N/A,2.0205,N/A,8.136,
2003-10-15,1.1669,127.71,1.9464,0.58449,32.022,7.4281,15.6466,0.69905,256.34,3.4524,0.6466,0.4283,4.5554,38763,N/A,8.9634,235.68,41.185,1.5455,88.87,8.2655,N/A,N/A,1643000,N/A,1.6936,N/A,1.5496,N/A,9.0355,N/A,N/A,N/A,1365.8,N/A,N/A,1.9652,N/A,2.0281,N/A,8.1402,
2003-10-14,1.1634,127.79,1.9464,0.58445,32.105,7.4291,15.6466,0.702,255.48,3.4524,0.6463,0.4284,4.5289,38786,N/A,8.959,235.65,41.26,1.5467,88.87,8.2375,N/A,N/A,1642000,N/A,1.6996,N/A,1.5474,N/A,9.0204,N/A,N/A,N/A,1360.6,N/A,N/A,1.9588,N/A,2.029,N/A,8.1754,
2003-10-13,1.1688,126.82,1.9471,0.58435,32.073,7.4303,15.6466,0.70435,256.7,3.4524,0.6473,0.4289,4.5183,38797,N/A,9.006,235.65,41.278,1.5493,88.82,8.225,N/A,N/A,1646000,N/A,1.6948,N/A,1.5458,N/A,9.0416,N/A,N/A,N/A,1340.67,N/A,N/A,1.9541,N/A,2.0142,N/A,8.1615,
2003-10-10,1.1788,127.85,1.9473,0.58449,32.105,7.4292,15.6466,0.70845,254.45,3.4524,0.6514,0.4296,4.5466,38591,N/A,9.002,235.8,41.27,1.55,89.17,8.227,N/A,N/A,1641000,N/A,1.7056,N/A,1.5676,N/A,9.1177,N/A,N/A,N/A,1352.26,N/A,N/A,1.9654,N/A,2.0326,N/A,8.1512,
2003-10-09,1.1788,128.63,1.9474,0.58449,32.117,7.4287,15.6466,0.7087,253.7,3.4525,0.6521,0.4297,4.5095,38702,N/A,8.9784,235.775,41.25,1.5498,89.79,8.219,N/A,N/A,1634000,N/A,1.7039,N/A,1.5709,N/A,9.1174,N/A,N/A,N/A,1354.03,N/A,N/A,1.9598,N/A,2.0301,N/A,8.1335,
2003-10-08,1.1781,129.36,1.9483,0.58449,31.969,7.4288,15.6466,0.7083,253.99,3.4524,0.6523,0.4296,4.5338,38615,N/A,8.9845,235.77,41.34,1.5492,89.73,8.213,N/A,N/A,1626000,N/A,1.7038,N/A,1.5675,N/A,9.1126,N/A,N/A,N/A,1354.7,N/A,N/A,1.9705,N/A,2.0318,N/A,8.0963,
2003-10-07,1.1768,129.92,1.9477,0.58449,31.92,7.4292,15.6466,0.70455,253.96,3.4526,0.6519,0.4291,4.5599,38602,N/A,8.9682,235.74,41.31,1.5494,89.6,8.203,N/A,N/A,1622000,N/A,1.7071,N/A,1.5723,N/A,9.0748,N/A,N/A,N/A,1354.56,N/A,N/A,1.9693,N/A,2.0279,N/A,8.0313,
2003-10-06,1.1579,128.66,1.9475,0.58439,31.84,7.4287,15.6466,0.6952,253.35,3.4524,0.6459,0.4275,4.5417,38376,N/A,8.971,235.67,41.24,1.5468,88.84,8.164,N/A,N/A,1581000,N/A,1.7013,N/A,1.5589,N/A,8.9279,N/A,N/A,N/A,1333.26,N/A,N/A,1.9477,N/A,2.0001,N/A,8.1052,
2003-10-03,1.1686,129.29,1.9475,0.58452,31.967,7.4287,15.6466,0.7002,253.81,3.4524,0.6495,0.4284,4.5426,38505,N/A,8.9883,235.67,41.225,1.544,89.26,8.158,N/A,N/A,1628000,N/A,1.7081,N/A,1.5663,N/A,9.0069,N/A,N/A,N/A,1342.14,N/A,N/A,1.9577,N/A,2.0154,N/A,8.0104,
2003-10-02,1.1692,129.68,1.9475,0.58449,31.959,7.4279,15.6466,0.7015,253.85,3.4524,0.6496,0.4285,4.5678,38510,N/A,8.988,235.7,41.195,1.5411,88.86,8.181,N/A,N/A,1651778,N/A,1.7131,N/A,1.5793,N/A,9.0377,N/A,N/A,N/A,1344.64,N/A,N/A,1.9577,N/A,2.0176,N/A,8.0444,
2003-10-01,1.1671,129.64,1.9479,0.58445,31.891,7.427,15.6466,0.7047,253.95,3.4524,0.6495,0.4289,4.571,38430,N/A,9.085,235.45,41.275,1.5396,89.07,8.2325,N/A,N/A,1629000,N/A,1.7134,N/A,1.5731,N/A,9.0368,N/A,N/A,N/A,1344.27,N/A,N/A,1.958,N/A,2.017,N/A,8.1537,
2003-09-30,1.1652,128.8,1.9489,0.58445,31.844,7.4256,15.6466,0.6986,254.96,3.4524,0.6482,0.4281,4.6227,38435,N/A,8.9625,235.495,41.165,1.5404,89.08,8.184,N/A,N/A,1628000,N/A,1.7101,N/A,1.5717,N/A,9.0254,N/A,N/A,N/A,1340.15,N/A,N/A,1.9538,N/A,2.0125,N/A,8.1393,
2003-09-29,1.1413,127.36,1.9483,0.5848,31.735,7.4261,15.6466,0.6931,253.71,3.4524,0.6406,0.4266,4.551,38183,N/A,8.9038,235.46,41.135,1.5425,88.33,8.0875,N/A,N/A,1591000,N/A,1.7023,N/A,1.554,N/A,8.8467,N/A,N/A,N/A,1313.12,N/A,N/A,1.9427,N/A,1.9764,N/A,8.1771,
2003-09-26,1.1487,128.77,1.9474,0.5848,31.7,7.4271,15.6466,0.69165,254.58,3.4524,0.6436,0.4267,4.54,38284,N/A,8.934,235.37,41.275,1.5433,88.71,8.083,N/A,N/A,1575000,N/A,1.7018,N/A,1.5557,N/A,8.9089,N/A,N/A,N/A,1321.58,N/A,N/A,1.9493,N/A,1.9895,N/A,8.27,
2003-09-25,1.1493,128.35,1.9465,0.58428,31.87,7.4279,15.6466,0.69335,254.2,3.4528,0.6441,0.4269,4.499,38220,N/A,8.8848,235.37,41.31,1.5495,89.32,8.0445,N/A,N/A,1579876,N/A,1.6852,N/A,1.5516,N/A,8.9229,N/A,N/A,N/A,1323.59,N/A,N/A,1.9209,N/A,1.9909,N/A,8.1805,
2003-09-24,1.1466,127.81,1.9469,0.58418,31.75,7.4293,15.6466,0.693,253.42,3.4527,0.6429,0.4268,4.4755,38272,N/A,8.9385,235.36,41.23,1.5533,88.73,8.078,N/A,N/A,1551553,N/A,1.694,N/A,1.555,N/A,8.899,N/A,N/A,N/A,1319.11,N/A,N/A,1.9246,N/A,1.9856,N/A,8.2039,
2003-09-23,1.1464,127.93,1.9473,0.58421,31.86,7.4277,15.6466,0.6936,254.7,3.4534,0.6431,0.4269,4.4933,38275,N/A,9.03,235.375,41.23,1.5533,88.44,8.1385,N/A,N/A,1552100,N/A,1.693,N/A,1.5495,N/A,8.8814,N/A,N/A,N/A,1318.93,N/A,N/A,1.9273,N/A,1.9852,N/A,8.242,
2003-09-22,1.1468,128.36,1.947,0.58421,31.96,7.4275,15.6466,0.6968,255.04,3.4534,0.6438,0.4273,4.508,38310,N/A,9.063,235.255,41.25,1.5535,88.96,8.17,N/A,N/A,1555000,N/A,1.6895,N/A,1.5385,N/A,8.9389,N/A,N/A,N/A,1320.54,N/A,N/A,1.9195,N/A,1.9794,N/A,8.3525,
2003-09-19,1.1312,129.92,1.947,0.58421,32.173,7.4282,15.6466,0.6951,255.35,3.4532,0.6412,0.4266,4.4984,38127,N/A,9.0375,235.265,41.23,1.5597,88.54,8.157,N/A,N/A,1547258,N/A,1.6897,N/A,1.5341,N/A,8.8221,N/A,N/A,N/A,1321.13,N/A,N/A,1.9218,N/A,1.9767,N/A,8.315,
2003-09-18,1.129,130.15,1.9469,0.58462,32.548,7.4277,15.6466,0.699,256.24,3.4531,0.6421,0.4269,4.5124,38100,N/A,9.0318,235.235,41.39,1.5583,88.88,8.176,N/A,N/A,1550000,N/A,1.691,N/A,1.5415,N/A,8.8052,N/A,N/A,N/A,1320.87,N/A,N/A,1.9341,N/A,1.975,N/A,8.354,
2003-09-17,1.1212,130.58,1.9465,0.58391,32.743,7.4286,15.6466,0.7002,255.2,3.4532,0.6398,0.4269,4.5247,38027,N/A,9.0783,235.23,41.31,1.5493,89.17,8.209,N/A,N/A,1542063,N/A,1.6894,N/A,1.5338,N/A,8.7447,N/A,N/A,N/A,1312.98,N/A,N/A,1.9182,N/A,1.9632,N/A,8.3043,
2003-09-16,1.1235,130.64,1.9465,0.58391,32.736,7.4267,15.6466,0.7048,254.89,3.4528,0.6406,0.4273,4.497,37960,N/A,9.1464,235.24,41.305,1.5575,89.02,8.27,N/A,N/A,1542850,N/A,1.6937,N/A,1.5362,N/A,8.7621,N/A,N/A,N/A,1314.44,N/A,N/A,1.9175,N/A,1.9669,N/A,8.437,
2003-09-15,1.1281,132.54,1.9464,0.5835,32.709,7.4269,15.6466,0.7038,254.85,3.453,0.6424,0.4275,4.452,38100,N/A,9.142,235.19,41.454,1.5574,89.03,8.277,N/A,N/A,1550000,N/A,1.7004,N/A,1.5434,N/A,8.7984,N/A,N/A,N/A,1322.98,N/A,N/A,1.9282,N/A,1.9793,N/A,8.3592,
2003-09-12,1.1172,130.79,1.9463,0.5835,32.612,7.4295,15.6466,0.701,255.41,3.4532,0.6387,0.4268,4.4472,37960,N/A,9.095,235.19,41.425,1.5561,88.34,8.2585,N/A,N/A,1536000,N/A,1.6934,N/A,1.5327,N/A,8.7134,N/A,N/A,N/A,1306.01,N/A,N/A,1.9249,N/A,1.957,N/A,8.2583,
2003-09-11,1.1217,131.33,1.9465,0.58316,32.725,7.4295,15.6466,0.7036,255.4,3.4532,0.6403,0.4272,4.4324,38032,N/A,9.084,235.165,41.475,1.5532,89.18,8.26,N/A,N/A,1555000,N/A,1.7025,N/A,1.5345,N/A,8.7482,N/A,N/A,N/A,1311.55,N/A,N/A,1.9284,N/A,1.9657,N/A,8.2217,
2003-09-10,1.1172,130.51,1.9464,0.58258,32.845,7.4259,15.6466,0.703,256.34,3.4532,0.6385,0.4275,4.4253,37891,N/A,9.1555,235.12,41.59,1.5501,89.71,8.283,N/A,N/A,1549000,N/A,1.6982,N/A,1.528,N/A,8.7132,N/A,N/A,N/A,1306.01,N/A,N/A,1.9182,N/A,1.9543,N/A,8.3534,
2003-09-09,1.1135,129.57,1.9465,0.58245,32.785,7.4293,15.6466,0.7025,256.22,3.4531,0.637,0.4269,4.4257,37679,N/A,9.1328,235.01,41.64,1.5437,89.75,8.256,N/A,N/A,1542000,N/A,1.7038,N/A,1.5253,N/A,8.6847,N/A,N/A,N/A,1301.68,N/A,N/A,1.92,N/A,1.9555,N/A,8.3506,
2003-09-08,1.1071,129.41,1.947,0.58265,32.886,7.4279,15.6466,0.6985,256.36,3.4533,0.6353,0.4261,4.4239,37657,N/A,9.1285,235.105,41.77,1.5383,89.15,8.2475,N/A,N/A,1530000,N/A,1.7129,N/A,1.5195,N/A,8.6347,N/A,N/A,N/A,1296.91,N/A,N/A,1.9212,N/A,1.9438,N/A,8.3226,
2003-09-05,1.0923,127.64,1.9468,0.58265,32.617,7.4264,15.6466,0.6919,255.55,3.4533,0.6301,0.4248,4.4407,37463,N/A,9.12,235.18,41.75,1.5405,88.3,8.2365,N/A,N/A,1512000,N/A,1.6993,N/A,1.5002,N/A,8.5192,N/A,N/A,N/A,1278.59,N/A,N/A,1.9122,N/A,1.9183,N/A,8.0827,
2003-09-04,1.0818,126.39,1.9467,0.58292,32.43,7.4255,15.6466,0.6887,255.85,3.4531,0.6264,0.4241,4.3653,37338,N/A,9.13,235.125,41.915,1.5379,87.97,8.1925,N/A,N/A,1500000,N/A,1.6943,N/A,1.4965,N/A,8.4373,N/A,N/A,N/A,1268.9,N/A,N/A,1.9057,N/A,1.9,N/A,7.8709,
2003-09-03,1.0783,125.4,1.9469,0.58312,32.39,7.4257,15.6466,0.69,256.88,3.4533,0.625,0.4241,4.3467,37283,N/A,9.149,235.035,41.935,1.5318,88.42,8.235,N/A,N/A,1503000,N/A,1.6938,N/A,1.5051,N/A,8.4092,N/A,N/A,N/A,1265.92,N/A,N/A,1.9079,N/A,1.896,N/A,7.8866,
2003-09-02,1.0849,126.94,1.9469,0.58333,32.428,7.426,15.6466,0.6921,257.58,3.4529,0.6277,0.4246,4.356,37298,N/A,9.181,235.04,41.975,1.5359,88.68,8.225,N/A,N/A,1508600,N/A,1.692,N/A,1.5072,N/A,8.4616,N/A,N/A,N/A,1277.42,N/A,N/A,1.9014,N/A,1.9078,N/A,7.9682,
2003-09-01,1.0965,127.58,1.9464,0.58394,32.458,7.4253,15.6466,0.6981,257.48,3.4525,0.6316,0.4257,4.3589,37302,N/A,9.1713,235.05,42.005,1.537,88.16,8.225,N/A,N/A,1525500,N/A,1.6981,N/A,1.5118,N/A,8.5518,N/A,N/A,N/A,1288.88,N/A,N/A,1.9016,N/A,1.9216,N/A,8.0598,
2003-08-29,1.0927,127.26,1.9464,0.58428,32.44,7.4261,15.6466,0.6926,257.46,3.4523,0.6299,0.4249,4.359,37200,N/A,9.23,235.105,42.005,1.5369,88.01,8.247,N/A,N/A,1529000,N/A,1.7012,N/A,1.5263,N/A,8.5222,N/A,N/A,N/A,1287.47,N/A,N/A,1.9016,N/A,1.9162,N/A,8.0037,
2003-08-28,1.0828,127.11,1.9464,0.58445,32.55,7.4297,15.6466,0.69035,256.6,3.4524,0.6274,0.4244,4.343,37020,N/A,9.22,235.12,42.045,1.5415,87,8.2785,N/A,N/A,1523000,N/A,1.6941,N/A,1.5225,N/A,8.4449,N/A,N/A,N/A,1275.59,N/A,N/A,1.8997,N/A,1.901,N/A,7.9297,
2003-08-27,1.0907,128.62,1.9462,0.58445,32.57,7.4307,15.6466,0.6943,257.86,3.4525,0.6302,0.4251,4.357,36930,N/A,9.267,235.01,41.99,1.5372,89.16,8.333,N/A,N/A,1531000,N/A,1.7039,N/A,1.5269,N/A,8.5065,N/A,N/A,N/A,1284.74,N/A,N/A,1.9089,N/A,1.9109,N/A,8.0368,
2003-08-26,1.0816,127.06,1.9462,0.58466,32.35,7.4311,15.6466,0.6918,256.55,3.4524,0.6271,0.4244,4.358,36650,N/A,9.278,234.96,41.93,1.537,88.89,8.323,N/A,N/A,1506000,N/A,1.6809,N/A,1.5163,N/A,8.4355,N/A,N/A,N/A,1265.31,N/A,N/A,1.8829,N/A,1.8982,N/A,8.102,
2003-08-25,1.0888,127.85,1.9462,0.58466,32.43,7.4318,15.6466,0.6909,256.21,3.4529,0.6285,0.4247,4.362,36850,N/A,9.2435,234.95,42.02,1.54,89.45,8.297,N/A,N/A,1515000,N/A,1.6723,N/A,1.5271,N/A,8.4913,N/A,N/A,N/A,1274.93,N/A,N/A,1.8629,N/A,1.9008,N/A,8.1368,
2003-08-22,1.0894,128.37,1.9462,0.58483,32.33,7.4326,15.6466,0.6919,257.39,3.453,0.629,0.4248,4.363,36900,N/A,9.2089,235.2,41.98,1.5422,89.12,8.286,N/A,N/A,1518000,N/A,1.6758,N/A,1.5375,N/A,8.4957,N/A,N/A,N/A,1274.27,N/A,N/A,1.8737,N/A,1.9001,N/A,8.1606,
2003-08-21,1.1009,129.76,1.9463,0.58569,32.51,7.4329,15.6466,0.6944,258.65,3.453,0.6338,0.4255,4.363,37000,N/A,9.2093,235.16,41.925,1.5424,89.13,8.2765,N/A,N/A,1540000,N/A,1.6716,N/A,1.5476,N/A,8.5854,N/A,N/A,N/A,1291.25,N/A,N/A,1.8697,N/A,1.908,N/A,8.1848,
2003-08-20,1.1109,131.46,1.9462,0.58586,32.44,7.4335,15.6466,0.6974,259.8,3.4527,0.6383,0.4261,4.375,37080,N/A,9.2533,235.145,41.993,1.543,89.17,8.306,N/A,N/A,1556000,N/A,1.6911,N/A,1.551,N/A,8.6633,N/A,N/A,N/A,1305.92,N/A,N/A,1.8908,N/A,1.9409,N/A,8.217,
2003-08-19,1.1065,132.32,1.9462,0.58593,32.35,7.4337,15.6466,0.6991,259.74,3.4524,0.6376,0.4262,4.3675,37080,N/A,9.3148,235.115,42.135,1.5483,88.85,8.332,N/A,N/A,1555000,N/A,1.6925,N/A,1.5477,N/A,8.6292,N/A,N/A,N/A,1304.73,N/A,N/A,1.8956,N/A,1.9392,N/A,8.1117,
2003-08-18,1.1188,133.93,1.9462,0.58699,32.23,7.4323,15.6466,0.7033,261.36,3.4524,0.6425,0.4271,4.38,37190,N/A,9.2411,235.085,42.185,1.5454,89.2,8.3045,N/A,N/A,1566000,N/A,1.6965,N/A,1.5543,N/A,8.7257,N/A,N/A,N/A,1318.28,N/A,N/A,1.8981,N/A,1.9593,N/A,8.1613,
2003-08-15,1.1247,134,1.9463,0.5869,32.2,7.4327,15.6466,0.70375,260.92,3.4525,0.6436,0.4272,4.374,37330,N/A,9.2322,235.02,42.16,1.5438,89.75,8.2825,N/A,N/A,1574000,N/A,1.7089,N/A,1.5659,N/A,8.7758,N/A,N/A,N/A,1326.02,N/A,N/A,1.9102,N/A,1.9682,N/A,8.261,
2003-08-14,1.127,134.76,1.9462,0.58696,32.17,7.4319,15.6466,0.7012,260.55,3.4524,0.6449,0.4271,4.381,37330,N/A,9.2273,235.055,41.99,1.5474,89.42,8.315,N/A,N/A,1580000,N/A,1.718,N/A,1.5575,N/A,8.7896,N/A,N/A,N/A,1325.97,N/A,N/A,1.9185,N/A,1.9754,N/A,8.338,
2003-08-13,1.1277,134.25,1.9461,0.58716,32.096,7.4325,15.6466,0.7032,258.68,3.4533,0.6455,0.4274,4.3778,37325,N/A,9.2467,235.005,41.83,1.5462,90.31,8.281,N/A,N/A,1583000,N/A,1.7217,N/A,1.5615,N/A,8.7951,N/A,N/A,N/A,1330.4,N/A,N/A,1.9253,N/A,1.9776,N/A,8.3931,
2003-08-12,1.1312,134.04,1.946,0.58716,32.205,7.433,15.6466,0.7065,258.64,3.4533,0.6463,0.4279,4.3698,37280,N/A,9.2671,234.995,41.86,1.5426,90,8.2425,N/A,N/A,1586500,N/A,1.7195,N/A,1.5656,N/A,8.8225,N/A,N/A,N/A,1333.29,N/A,N/A,1.9265,N/A,1.9846,N/A,8.3126,
2003-08-11,1.1295,133.86,1.9461,0.58706,32.149,7.4331,15.6466,0.70545,258.5,3.4533,0.6456,0.4276,4.3684,37375,N/A,9.2355,234.965,41.89,1.5383,88.74,8.202,N/A,N/A,1585000,N/A,1.7214,N/A,1.5722,N/A,8.8093,N/A,N/A,N/A,1331.85,N/A,N/A,1.9284,N/A,1.9824,N/A,8.3129,
2003-08-08,1.1326,134.83,1.9462,0.58706,32.03,7.4345,15.6466,0.70335,259.24,3.4533,0.6469,0.4276,4.364,37300,N/A,9.202,234.945,41.71,1.5367,88.63,8.1625,N/A,N/A,1588000,N/A,1.7384,N/A,1.5813,N/A,8.8337,N/A,N/A,N/A,1337,N/A,N/A,1.945,N/A,1.9879,N/A,8.3066,
2003-08-07,1.1353,136.11,1.9463,0.58706,32.06,7.4343,15.6466,0.70635,261.32,3.4527,0.6489,0.4281,4.375,37355,N/A,9.2085,234.915,41.735,1.5372,88.21,8.165,N/A,N/A,1603000,N/A,1.7527,N/A,1.592,N/A,8.8547,N/A,N/A,N/A,1345.27,N/A,N/A,1.9643,N/A,1.9952,N/A,8.3036,
2003-08-06,1.1392,136.95,1.9465,0.58679,32.156,7.4348,15.6466,0.705,261.95,3.4527,0.6502,0.428,4.3819,37390,N/A,9.1997,234.84,41.81,1.5344,88.21,8.182,N/A,N/A,1603000,N/A,1.7572,N/A,1.5942,N/A,8.885,N/A,N/A,N/A,1349.55,N/A,N/A,1.9646,N/A,2.0089,N/A,8.4019,
2003-08-05,1.1333,136.49,1.9466,0.58675,32.171,7.433,15.6466,0.7045,262.05,3.4526,0.6484,0.4277,4.3666,37320,N/A,9.22,234.795,41.89,1.5321,87.95,8.227,N/A,N/A,1591000,N/A,1.758,N/A,1.5958,N/A,8.8388,N/A,N/A,N/A,1346.08,N/A,N/A,1.9566,N/A,2.0002,N/A,8.4661,
2003-08-04,1.1307,136.28,1.9465,0.5872,32.272,7.4317,15.6466,0.7015,263.03,3.4525,0.6471,0.4273,4.3813,37370,N/A,9.2597,234.775,41.99,1.5367,87.9,8.171,N/A,N/A,1607000,N/A,1.7374,N/A,1.582,N/A,8.8185,N/A,N/A,N/A,1335.53,N/A,N/A,1.9339,N/A,1.9925,N/A,8.4742,
2003-08-01,1.1169,134.63,1.9466,0.58741,32.31,7.4302,15.6466,0.6962,264.25,3.4527,0.6424,0.4263,4.4,37203,N/A,9.2302,234.76,41.989,1.5303,87.4,8.157,N/A,N/A,1609000,N/A,1.7258,N/A,1.5709,N/A,8.7109,N/A,N/A,N/A,1322.63,N/A,N/A,1.9298,N/A,1.9682,N/A,8.373,
2003-07-31,1.1318,135.72,1.9467,0.58754,32.22,7.4311,15.6466,0.7019,263.93,3.4525,0.647,0.4274,4.3728,37114,N/A,9.188,234.795,41.85,1.5464,87.69,8.161,N/A,N/A,1606000,N/A,1.7455,N/A,1.5867,N/A,8.8271,N/A,N/A,N/A,1335.35,N/A,N/A,1.9521,N/A,1.9901,N/A,8.426,
2003-07-30,1.142,136.97,1.9466,0.58754,31.983,7.4312,15.6466,0.7044,263.38,3.4532,0.6504,0.428,4.374,37247,N/A,9.178,234.66,41.835,1.5494,87.58,8.2065,N/A,N/A,1631000,N/A,1.7373,N/A,1.5922,N/A,8.9065,N/A,N/A,N/A,1347.45,N/A,N/A,1.9526,N/A,2.0058,N/A,8.4333,
2003-07-29,1.1462,137.26,1.9464,0.58754,31.971,7.4313,15.6466,0.7062,262.67,3.4533,0.6518,0.4284,4.3797,37325,N/A,9.184,234.6,41.95,1.5484,87.62,8.248,N/A,N/A,1650000,N/A,1.726,N/A,1.5876,N/A,8.9392,N/A,N/A,N/A,1350.91,N/A,N/A,1.944,N/A,2.0107,N/A,8.4177,
2003-07-28,1.1489,137.23,1.9467,0.58751,32,7.4308,15.6466,0.7068,263.94,3.4534,0.6522,0.4285,4.408,37180,N/A,9.1666,234.6,42.055,1.5481,87.71,8.208,N/A,N/A,1630000,N/A,1.7322,N/A,1.5901,N/A,8.9604,N/A,N/A,N/A,1354.27,N/A,N/A,1.9522,N/A,2.0108,N/A,8.4689,
2003-07-25,1.1477,136.46,1.9466,0.58751,32.092,7.4317,15.6466,0.711,264.06,3.4531,0.6519,0.429,4.4292,37120,N/A,9.1925,234.495,42.06,1.5479,88.17,8.2285,N/A,N/A,1624000,N/A,1.7308,N/A,1.5994,N/A,8.9509,N/A,N/A,N/A,1354.46,N/A,N/A,1.9569,N/A,2.0067,N/A,8.5888,
2003-07-24,1.1467,136.5,1.9466,0.58737,32.126,7.4323,15.6466,0.7116,265.98,3.4528,0.6517,0.429,4.4148,37075,N/A,9.1977,234.525,42.095,1.5494,88.25,8.27,N/A,N/A,1635000,N/A,1.7282,N/A,1.6011,N/A,8.9431,N/A,N/A,N/A,1352.76,N/A,N/A,1.9559,N/A,2.0038,N/A,8.5941,
2003-07-23,1.1401,135.67,1.9466,0.58737,32.174,7.4333,15.6466,0.711,267.64,3.4526,0.6492,0.4287,4.4217,36859,N/A,9.244,234.55,42.22,1.545,87.98,8.321,N/A,N/A,1601000,N/A,1.74,N/A,1.6125,N/A,8.8917,N/A,N/A,N/A,1346.29,N/A,N/A,1.9715,N/A,2.0021,N/A,8.6348,
2003-07-22,1.1343,135.18,1.9466,0.58741,32.192,7.4342,15.6466,0.7083,266.32,3.4523,0.6473,0.4282,4.4434,36778,N/A,9.2718,234.51,42.257,1.5434,88.02,8.343,N/A,N/A,1577000,N/A,1.7372,N/A,1.5951,N/A,8.8467,N/A,N/A,N/A,1341.76,N/A,N/A,1.9663,N/A,1.9936,N/A,8.5932,
2003-07-21,1.1284,133.84,1.9468,0.5873,32.3,7.4347,15.6466,0.7089,265.95,3.4523,0.6454,0.428,4.4575,36750,N/A,9.2763,234.55,42.38,1.538,87.76,8.358,N/A,N/A,1568000,N/A,1.7416,N/A,1.5886,N/A,8.8007,N/A,N/A,N/A,1329.82,N/A,N/A,1.9697,N/A,1.9827,N/A,8.6743,
2003-07-18,1.1205,133.49,1.9466,0.5873,32.084,7.4338,15.6466,0.70445,267.35,3.4524,0.6427,0.4273,4.4781,36760,N/A,9.2374,234.535,42.18,1.5366,87.35,8.3595,N/A,N/A,1564000,N/A,1.7303,N/A,1.5754,N/A,8.7389,N/A,N/A,N/A,1323.31,N/A,N/A,1.9488,N/A,1.9751,N/A,8.6331,
2003-07-17,1.1231,133.29,1.9465,0.58741,31.948,7.4357,15.6466,0.7051,264.65,3.4524,0.6437,0.4275,4.491,36623,N/A,9.2037,234.525,41.8,1.5359,87.24,8.349,N/A,N/A,1557000,N/A,1.7152,N/A,1.5637,N/A,8.7594,N/A,N/A,N/A,1324.13,N/A,N/A,1.9206,N/A,1.9764,N/A,8.6237,
2003-07-16,1.1138,131.93,1.9464,0.58727,31.877,7.4343,15.6466,0.7013,262.05,3.4523,0.6405,0.4266,4.4519,36546,N/A,9.1542,234.55,41.674,1.5457,87.02,8.359,N/A,N/A,1544000,N/A,1.7102,N/A,1.5542,N/A,8.687,N/A,N/A,N/A,1310.39,N/A,N/A,1.9224,N/A,1.9626,N/A,8.6887,
2003-07-15,1.1319,132.81,1.9462,0.58723,31.845,7.4313,15.6466,0.70325,261.05,3.4523,0.6453,0.4275,4.4481,37034,N/A,9.1465,234.5,41.68,1.5515,87.43,8.3575,N/A,N/A,1561000,N/A,1.717,N/A,1.5584,N/A,8.8286,N/A,N/A,N/A,1331.23,N/A,N/A,1.927,N/A,1.9871,N/A,8.7311,
2003-07-14,1.1299,132.93,1.9462,0.58748,31.826,7.4325,15.6466,0.695,260.79,3.4524,0.6436,0.4265,4.4485,36957,N/A,9.1323,234.435,41.64,1.5514,87.27,8.322,N/A,N/A,1568000,N/A,1.7116,N/A,1.5577,N/A,8.814,N/A,N/A,N/A,1329.1,N/A,N/A,1.9142,N/A,1.983,N/A,8.5925,
2003-07-11,1.1315,133.25,1.9461,0.58748,31.666,7.435,15.6466,0.69185,261.58,3.4524,0.6431,0.4261,4.4436,37140,N/A,9.135,234.325,41.605,1.5485,87.12,8.319,N/A,N/A,1576000,N/A,1.7194,N/A,1.5575,N/A,8.8247,N/A,N/A,N/A,1333.42,N/A,N/A,1.9189,N/A,1.9853,N/A,8.6183,
2003-07-10,1.1342,133.51,1.9466,0.5873,31.634,7.4354,15.6466,0.6981,261.73,3.4525,0.645,0.427,4.452,37200,N/A,9.1255,234.435,41.595,1.5489,87.55,8.32,N/A,N/A,1598000,N/A,1.7357,N/A,1.5724,N/A,8.8458,N/A,N/A,N/A,1336.6,N/A,N/A,1.9417,N/A,1.9863,N/A,8.5061,
2003-07-09,1.1355,134.1,1.9461,0.58716,31.595,7.4351,15.6466,0.6958,262.05,3.4524,0.6468,0.4268,4.453,37211,N/A,9.143,234.415,41.602,1.5432,87.86,8.263,N/A,N/A,1614000,N/A,1.7193,N/A,1.5488,N/A,8.8554,N/A,N/A,N/A,1338.87,N/A,N/A,1.9235,N/A,1.9884,N/A,8.6791,
2003-07-08,1.1326,133.78,1.9462,0.58713,31.609,7.4359,15.6466,0.6907,262.55,3.4532,0.6452,0.4261,4.465,37245,N/A,9.1575,234.425,41.59,1.5516,87.97,8.286,N/A,N/A,1590000,N/A,1.695,N/A,1.5368,N/A,8.8326,N/A,N/A,N/A,1336.69,N/A,N/A,1.9094,N/A,1.9892,N/A,8.6301,
2003-07-07,1.136,134.12,1.9463,0.58713,31.634,7.4351,15.6466,0.68855,263.02,3.4534,0.6444,0.4259,4.436,37385,N/A,9.202,234.35,41.514,1.5546,87.3,8.287,N/A,N/A,1594000,N/A,1.6675,N/A,1.5306,N/A,8.8587,N/A,N/A,N/A,1342.75,N/A,N/A,1.8982,N/A,1.9926,N/A,8.4912,
2003-07-04,1.1466,135.4,1.9465,0.58683,31.625,7.4338,15.6466,0.68675,263.98,3.4531,0.6474,0.4261,4.4595,37611,N/A,9.1783,234.205,41.525,1.55,87.61,8.267,N/A,N/A,1596000,N/A,1.6863,N/A,1.5341,N/A,8.9414,N/A,N/A,N/A,1353.56,N/A,N/A,1.9252,N/A,2.0046,N/A,8.6278,
2003-07-03,1.1457,135.73,1.9464,0.58751,31.685,7.4336,15.6466,0.6896,263.31,3.4531,0.6477,0.4264,4.448,37625,N/A,9.1745,234.145,41.53,1.5517,87.44,8.271,N/A,N/A,1603000,N/A,1.6863,N/A,1.5394,N/A,8.9344,N/A,N/A,N/A,1356.05,N/A,N/A,1.9295,N/A,2.0096,N/A,8.6625,
2003-07-02,1.1535,137.36,1.9464,0.58706,31.593,7.4307,15.6466,0.6937,263.14,3.4532,0.652,0.4271,4.446,37770,N/A,9.1831,234.048,41.48,1.5516,88.15,8.242,N/A,N/A,1616000,N/A,1.702,N/A,1.5594,N/A,8.9952,N/A,N/A,N/A,1369.32,N/A,N/A,1.9459,N/A,2.0224,N/A,8.4807,
2003-07-01,1.1543,138.2,1.9463,0.58651,31.564,7.4303,15.6466,0.69605,264.63,3.4529,0.6532,0.4274,4.4239,37860,N/A,9.197,233.87,41.385,1.5582,88.08,8.3075,N/A,N/A,1627000,N/A,1.7081,N/A,1.5541,N/A,9.0018,N/A,N/A,N/A,1373.73,N/A,N/A,1.9424,N/A,2.029,N/A,8.6396,
2003-06-30,1.1427,137.32,1.9462,0.58637,31.572,7.4299,15.6466,0.6932,266.61,3.4528,0.6489,0.4267,4.4775,37660,N/A,9.2488,233.952,41.55,1.5544,87.61,8.2935,N/A,N/A,1618000,N/A,1.7116,N/A,1.5506,N/A,8.911,N/A,N/A,N/A,1364.38,N/A,N/A,1.9569,N/A,2.0149,N/A,8.5422,
2003-06-27,1.1413,136.76,1.9462,0.58627,31.6,7.427,15.6466,0.6901,266.25,3.4528,0.6476,0.4264,4.47,37700,N/A,9.1828,233.865,41.69,1.5452,87.02,8.273,N/A,N/A,1630000,N/A,1.7166,N/A,1.5448,N/A,8.8999,N/A,N/A,N/A,1363.17,N/A,N/A,1.9648,N/A,2.0038,N/A,8.575,
2003-06-26,1.1432,135.78,1.9461,0.585,31.47,7.4257,15.6466,0.687,262.97,3.4525,0.6452,0.426,4.4665,37700,N/A,9.1855,233.874,41.66,1.5394,87.27,8.2655,N/A,N/A,1650000,N/A,1.7174,N/A,1.5474,N/A,8.9149,N/A,N/A,N/A,1356.64,N/A,N/A,1.9619,N/A,2.004,N/A,8.7445,
2003-06-25,1.1551,135.68,1.9462,0.58521,31.48,7.4252,15.6466,0.6915,260.73,3.4529,0.6487,0.4269,4.464,37760,N/A,9.1535,233.885,41.671,1.5323,87.92,8.24,N/A,N/A,1664000,N/A,1.7271,N/A,1.5628,N/A,9.008,N/A,N/A,N/A,1371.33,N/A,N/A,1.9707,N/A,2.0084,N/A,8.9262,
2003-06-24,1.1565,136.33,1.9461,0.58493,31.53,7.4254,15.6466,0.694,260.54,3.4528,0.65,0.4273,4.462,37880,N/A,9.145,233.875,41.774,1.5317,87.33,8.169,N/A,N/A,1666000,N/A,1.7381,N/A,1.5676,N/A,9.019,N/A,N/A,N/A,1379.13,N/A,N/A,1.9726,N/A,2.0122,N/A,9.118,
2003-06-23,1.1539,136.19,1.9462,0.58514,31.495,7.4252,15.6466,0.6947,260.3,3.4531,0.6493,0.4273,4.428,37910,N/A,9.0965,233.865,41.829,1.5343,86.65,8.1775,N/A,N/A,1652000,N/A,1.7368,N/A,1.5755,N/A,8.9989,N/A,N/A,N/A,1373.43,N/A,N/A,1.9708,N/A,2.0064,N/A,9.1794,
2003-06-20,1.1655,137.94,1.9462,0.58551,31.48,7.425,15.6466,0.6966,262.07,3.4526,0.6534,0.4279,4.422,38140,N/A,9.0675,233.765,41.671,1.5429,86.21,8.158,N/A,N/A,1650000,N/A,1.737,N/A,1.5661,N/A,9.0896,N/A,N/A,N/A,1387.59,N/A,N/A,1.9909,N/A,2.0204,N/A,9.237,
2003-06-19,1.1655,138.52,1.9462,0.58558,31.45,7.4249,15.6466,0.6965,266.08,3.4528,0.6542,0.4278,4.462,38100,N/A,9.0773,233.775,41.7,1.5518,85.59,8.1295,N/A,N/A,1665000,N/A,1.7425,N/A,1.5762,N/A,9.0897,N/A,N/A,N/A,1394.52,N/A,N/A,1.9967,N/A,2.0195,N/A,9.3141,
2003-06-18,1.1699,138.69,1.9464,0.58634,31.415,7.4241,15.6466,0.6965,265.87,3.4522,0.6563,0.428,4.395,38255,N/A,9.068,233.785,41.485,1.5463,85.92,8.178,N/A,N/A,1659000,N/A,1.7459,N/A,1.5727,N/A,9.1238,N/A,N/A,N/A,1386.21,N/A,N/A,2.0026,N/A,2.0267,N/A,9.3125,
2003-06-17,1.1797,139.34,1.9462,0.58634,31.435,7.4239,15.6466,0.702,262.7,3.4523,0.6603,0.429,4.3986,38285,N/A,9.072,233.675,41.435,1.541,86.42,8.212,N/A,N/A,1672000,N/A,1.764,N/A,1.5868,N/A,9.2002,N/A,N/A,N/A,1396.76,N/A,N/A,2.0206,N/A,2.039,N/A,9.193,
2003-06-16,1.1854,139.43,1.9462,0.58593,31.335,7.4244,15.6466,0.7046,261.13,3.4525,0.6621,0.4294,4.4015,38368,N/A,9.094,233.715,41.36,1.5429,86.7,8.21,N/A,N/A,1677000,N/A,1.773,N/A,1.5825,N/A,9.2446,N/A,N/A,N/A,1410.86,N/A,N/A,2.0323,N/A,2.0474,N/A,9.2783,
2003-06-13,1.1751,138.44,1.9464,0.58634,31.245,7.4243,15.6466,0.7053,259.71,3.4523,0.6581,0.4292,4.4309,38270,N/A,9.068,233.715,41.346,1.5487,86.62,8.1515,N/A,N/A,1662000,N/A,1.768,N/A,1.5826,N/A,9.1647,N/A,N/A,N/A,1400.66,N/A,N/A,2.0314,N/A,2.0364,N/A,9.2057,
2003-06-12,1.1734,138.14,1.9465,0.58599,31.285,7.4238,15.6466,0.70215,258.45,3.4523,0.6567,0.4287,4.4555,38250,N/A,9.0914,233.705,41.455,1.5384,86.17,8.195,N/A,N/A,1665000,N/A,1.7696,N/A,1.5883,N/A,9.1513,N/A,N/A,N/A,1400.22,N/A,N/A,2.03,N/A,2.0386,N/A,9.3779,
2003-06-11,1.1748,138.4,1.9463,0.58586,31.3,7.4241,15.6466,0.7047,257.75,3.4525,0.6578,0.429,4.438,38230,N/A,9.106,233.635,41.535,1.5378,86.12,8.175,N/A,N/A,1678000,N/A,1.778,N/A,1.5937,N/A,9.1619,N/A,N/A,N/A,1404.24,N/A,N/A,2.0336,N/A,2.0389,N/A,9.3372,
2003-06-10,1.1699,138.22,1.9465,0.58624,31.305,7.4246,15.6466,0.7065,259.4,3.4527,0.657,0.4292,4.463,38215,N/A,9.1157,233.55,41.49,1.5422,85.65,8.2175,N/A,N/A,1669000,N/A,1.7768,N/A,1.59,N/A,9.1235,N/A,N/A,N/A,1397.27,N/A,N/A,2.0336,N/A,2.0273,N/A,9.3765,
2003-06-09,1.1726,138.62,1.9464,0.58624,31.348,7.4245,15.6466,0.7083,261.55,3.4527,0.6579,0.4295,4.4172,38212,N/A,9.1152,233.45,41.356,1.5454,85.64,8.1565,N/A,N/A,1659000,N/A,1.7775,N/A,1.6014,N/A,9.1461,N/A,N/A,N/A,1402.56,N/A,N/A,2.0343,N/A,2.0254,N/A,9.4211,
2003-06-06,1.1813,139.28,1.9467,0.58624,31.335,7.4246,15.6466,0.7093,260.5,3.4532,0.6608,0.4298,4.386,38280,N/A,9.1254,233.455,41.43,1.5444,85.77,8.1485,N/A,N/A,1687000,N/A,1.7822,N/A,1.5979,N/A,9.2125,N/A,N/A,N/A,1417.91,N/A,N/A,2.0453,N/A,2.035,N/A,9.4944,
2003-06-05,1.1775,139.28,1.9464,0.58658,31.4,7.4243,15.6466,0.7121,263.53,3.4535,0.6593,0.43,4.45,38000,N/A,9.126,233.405,41.52,1.5437,85.5,8.137,N/A,N/A,1705000,N/A,1.7678,N/A,1.5932,N/A,9.1828,N/A,N/A,N/A,1413.29,N/A,N/A,2.0387,N/A,2.0286,N/A,9.4676,
2003-06-04,1.1691,138.6,1.9464,0.58716,31.495,7.4248,15.6466,0.7172,263.5,3.453,0.6563,0.4303,4.4348,37995,N/A,9.1055,233.345,41.394,1.5366,85.51,8.078,N/A,N/A,1669000,N/A,1.7582,N/A,1.586,N/A,9.1172,N/A,N/A,N/A,1403.39,N/A,N/A,2.0073,N/A,2.0171,N/A,9.5102,
2003-06-03,1.1723,139.45,1.9464,0.58713,31.31,7.4246,15.6466,0.7173,253.75,3.4524,0.6578,0.4304,4.3946,38062,N/A,9.125,233.35,41.176,1.5364,85.13,7.965,N/A,N/A,1687000,N/A,1.7806,N/A,1.6034,N/A,9.1423,N/A,N/A,N/A,1408.46,N/A,N/A,2.0223,N/A,2.0232,N/A,9.4253,
2003-06-02,1.1672,138.65,1.9463,0.58716,31.362,7.4244,15.6466,0.7175,252.12,3.4523,0.656,0.4302,4.3949,37965,N/A,9.1128,233.22,41.121,1.5277,84.45,7.8695,N/A,N/A,1660000,N/A,1.7906,N/A,1.6058,N/A,9.1027,N/A,N/A,N/A,1407,N/A,N/A,2.0275,N/A,2.0163,N/A,9.4998,
2003-05-30,1.1822,140.31,1.9465,0.58703,31.333,7.4244,15.6466,0.7196,249.73,3.4523,0.661,0.431,4.4072,38107,N/A,9.15,233.2,41.185,1.5277,84.77,7.8785,N/A,N/A,1688000,N/A,1.8136,N/A,1.6214,N/A,9.2195,N/A,N/A,N/A,1425.73,N/A,N/A,2.0499,N/A,2.0446,N/A,9.5451,
2003-05-29,1.1756,139.53,1.9464,0.58685,31.378,7.4241,15.6466,0.7158,249.92,3.4527,0.6582,0.4304,4.4032,37825,N/A,9.1625,232.1594,41.31,1.5288,85.03,7.8793,N/A,N/A,1713000,N/A,1.8256,N/A,1.6294,N/A,9.1685,N/A,N/A,N/A,1418.95,N/A,N/A,2.0548,N/A,2.0401,N/A,9.621,
2003-05-28,1.1738,138.86,1.946,0.58675,31.34,7.4242,15.6466,0.7184,246.38,3.4522,0.6572,0.4306,4.3607,37792,N/A,9.1535,233.121,41.055,1.5237,85.08,7.8755,N/A,N/A,1704000,N/A,1.8008,N/A,1.6243,N/A,9.154,N/A,N/A,N/A,1409.09,N/A,N/A,2.037,N/A,2.0337,N/A,9.7015,
2003-05-27,1.1901,138.93,1.9461,0.58675,31.412,7.4243,15.6466,0.7235,245.82,3.4523,0.6614,0.4316,4.3751,37839,N/A,9.193,233.305,41.125,1.5279,85.27,7.86,N/A,N/A,1730000,N/A,1.8041,N/A,1.6366,N/A,9.2812,N/A,N/A,N/A,1426.33,N/A,N/A,2.0333,N/A,2.048,N/A,9.5075,
2003-05-26,1.1813,138.53,1.9463,0.58661,31.395,7.4246,15.6466,0.721,245.98,3.4525,0.6586,0.4311,4.346,37703,N/A,9.1984,233.245,41.149,1.5262,84.79,7.868,N/A,N/A,1722000,N/A,1.7953,N/A,1.6279,N/A,9.2124,N/A,N/A,N/A,1416.38,N/A,N/A,2.0242,N/A,2.0346,N/A,9.3264,
2003-05-23,1.179,137.87,1.9465,0.58641,31.41,7.4242,15.6466,0.7201,246.07,3.4524,0.6579,0.4309,4.3475,37665,N/A,9.1679,233.23,41.16,1.5216,84.04,7.879,N/A,N/A,1728000,N/A,1.786,N/A,1.6273,N/A,9.1949,N/A,N/A,N/A,1407.73,N/A,N/A,2.0178,N/A,2.0313,N/A,9.2375,
2003-05-22,1.172,137.1,1.9464,0.58637,31.38,7.4243,15.6466,0.7163,245.85,3.4524,0.6554,0.4303,4.3475,37700,N/A,9.1478,233.1115,41.125,1.5124,84.76,7.8475,N/A,N/A,1729000,N/A,1.7795,N/A,1.5902,N/A,9.1404,N/A,N/A,N/A,1400.89,N/A,N/A,2.0148,N/A,2.015,N/A,9.2119,
2003-05-21,1.1689,136.95,1.9464,0.58644,31.443,7.4243,15.6466,0.7116,245.88,3.4524,0.6543,0.4297,4.3629,37722,N/A,9.183,233.1328,41.181,1.5077,85.44,7.8415,N/A,N/A,1703000,N/A,1.7775,N/A,1.5783,N/A,9.1162,N/A,N/A,N/A,1395.96,N/A,N/A,2.0004,N/A,2.0175,N/A,9.094,
2003-05-20,1.1644,136.36,1.9466,0.58637,31.47,7.4244,15.6466,0.713,245.11,3.453,0.6529,0.4297,4.3273,37687,N/A,9.17,233.1225,41.052,1.5123,85.76,7.9305,N/A,N/A,1702000,N/A,1.7756,N/A,1.5777,N/A,9.0811,N/A,N/A,N/A,1397.28,N/A,N/A,1.9949,N/A,2.0137,N/A,9.0926,
2003-05-19,1.1652,135.93,1.9468,0.58637,31.372,7.4243,15.6466,0.7132,245.21,3.4526,0.6523,0.4297,4.3337,37737,N/A,9.1869,233.1123,41.045,1.5135,85.29,7.92,N/A,N/A,1737000,N/A,1.7808,N/A,1.5846,N/A,9.0871,N/A,N/A,N/A,1389.5,N/A,N/A,1.9964,N/A,2.0102,N/A,9.1005,
2003-05-16,1.1492,133.53,1.9462,0.58637,31.293,7.4238,15.6466,0.7065,245.12,3.453,0.647,0.4285,4.3335,37517,N/A,9.149,233.0852,41.046,1.5074,83.83,7.854,N/A,N/A,1719000,N/A,1.7736,N/A,1.5769,N/A,8.9628,N/A,N/A,N/A,1378.87,N/A,N/A,1.9879,N/A,1.9847,N/A,8.9286,
2003-05-15,1.1458,132.85,1.9461,0.58644,31.385,7.4243,15.6466,0.7072,244.75,3.4529,0.6454,0.4287,4.327,37520,N/A,9.1578,233.1,41.065,1.5103,83.78,7.849,N/A,N/A,1702000,N/A,1.7756,N/A,1.5759,N/A,8.9364,N/A,N/A,N/A,1370.72,N/A,N/A,1.997,N/A,1.9685,N/A,9.0375,
2003-05-14,1.1499,134.25,1.9464,0.58654,31.515,7.4244,15.6466,0.7118,244.81,3.4528,0.6481,0.4291,4.3302,37518,N/A,9.1785,233.09,41.075,1.5129,83.89,7.873,N/A,N/A,1707000,N/A,1.781,N/A,1.5977,N/A,8.9677,N/A,N/A,N/A,1379.88,N/A,N/A,2.002,N/A,1.9911,N/A,8.6012,
2003-05-13,1.1518,134.41,1.9465,0.58696,31.478,7.4243,15.6466,0.7165,244.68,3.4529,0.6492,0.4296,4.3372,37535,N/A,9.185,233.045,41.11,1.5165,84.02,7.874,N/A,N/A,1722000,N/A,1.782,N/A,1.6015,N/A,8.983,N/A,N/A,N/A,1381.58,N/A,N/A,1.9991,N/A,1.9955,N/A,8.4854,
2003-05-12,1.1597,135.05,1.9466,0.58706,31.463,7.4247,15.6466,0.7197,245.18,3.4531,0.652,0.4303,4.3472,37598,N/A,9.194,232.985,41.16,1.5133,84.2,7.8755,N/A,N/A,1743000,N/A,1.7868,N/A,1.6107,N/A,9.0443,N/A,N/A,N/A,1386.42,N/A,N/A,1.9966,N/A,2.0105,N/A,8.5456,
2003-05-09,1.1466,134.76,1.9462,0.58716,31.463,7.4244,15.6466,0.7156,245.13,3.4535,0.6486,0.4294,4.332,37503,N/A,9.1748,232.965,41.155,1.5074,84.44,7.8655,N/A,N/A,1719000,N/A,1.7806,N/A,1.6049,N/A,8.9424,N/A,N/A,N/A,1375.92,N/A,N/A,1.9915,N/A,1.9978,N/A,8.3186,
2003-05-08,1.1435,132.78,1.9462,0.58744,31.378,7.4255,15.6466,0.7119,244.97,3.4533,0.6458,0.4289,4.3124,37560,N/A,9.116,232.905,41.24,1.5046,84.23,7.86,N/A,N/A,1735000,N/A,1.7839,N/A,1.5984,N/A,8.9166,N/A,N/A,N/A,1370.83,N/A,N/A,1.9953,N/A,1.986,N/A,8.3504,
2003-05-07,1.1427,133.62,1.9464,0.58785,31.372,7.4256,15.6466,0.7121,244.89,3.4532,0.6465,0.4289,4.332,37607,N/A,9.108,232.7516,41.225,1.514,83.74,7.8675,N/A,N/A,1750000,N/A,1.7805,N/A,1.5889,N/A,8.9119,N/A,N/A,N/A,1370.1,N/A,N/A,1.9958,N/A,1.9905,N/A,8.3809,
2003-05-06,1.1344,133.92,1.9464,0.58779,31.303,7.4258,15.6466,0.7044,245.11,3.4532,0.644,0.4278,4.2742,37523,N/A,9.0968,232.6633,41.162,1.5144,83.66,7.883,N/A,N/A,1736000,N/A,1.7801,N/A,1.5956,N/A,8.8393,N/A,N/A,N/A,1365.82,N/A,N/A,1.9977,N/A,1.9781,N/A,8.3549,
2003-05-05,1.1218,133.46,1.9464,0.5881,31.287,7.4257,15.6466,0.6996,245.01,3.4531,0.64,0.4267,4.2388,37310,N/A,9.0833,232.7516,41.156,1.5134,83.59,7.866,N/A,N/A,1715000,N/A,1.7746,N/A,1.5926,N/A,8.7489,N/A,N/A,N/A,1360.18,N/A,N/A,1.989,N/A,1.9775,N/A,8.2229,
2003-05-02,1.1239,133.4,1.9464,0.58806,31.267,7.4246,15.6466,0.6998,245.85,3.4532,0.6405,0.4268,4.2445,37310,N/A,9.1168,232.725,40.843,1.5104,83.55,7.8535,N/A,N/A,1726000,N/A,1.7802,N/A,1.5925,N/A,8.7653,N/A,N/A,N/A,1362.5,N/A,N/A,1.9991,N/A,1.9874,N/A,8.3618,
2003-04-30,1.1131,132.98,1.9463,0.58813,31.433,7.4243,15.6466,0.697,245.73,3.4533,0.6374,0.4262,4.268,37015,N/A,9.1175,232.6155,40.921,1.5131,83.61,7.838,N/A,N/A,1750000,N/A,1.7822,N/A,1.6038,N/A,8.681,N/A,N/A,N/A,1352.69,N/A,N/A,1.99,N/A,1.9764,N/A,8.0071,
2003-04-29,1.0956,131.91,1.9462,0.5881,31.422,7.4246,15.6466,0.6891,245.68,3.4533,0.632,0.4194,4.2597,36640,N/A,9.1305,232.5825,40.97,1.5075,83.04,7.7705,N/A,N/A,1743000,N/A,1.7726,N/A,1.5927,N/A,8.5449,N/A,N/A,N/A,1333.89,N/A,N/A,1.9735,N/A,1.9487,N/A,7.8922,
2003-04-28,1.1025,132.54,1.9462,0.5877,31.556,7.4245,15.6466,0.6914,245.55,3.4531,0.6344,0.4252,4.274,36685,N/A,9.1337,232.5525,40.965,1.5039,82.85,7.756,N/A,N/A,1749000,N/A,1.7759,N/A,1.5951,N/A,8.5989,N/A,N/A,N/A,1348.03,N/A,N/A,1.9776,N/A,1.9589,N/A,7.8511,
2003-04-25,1.0973,132.73,1.9461,0.5888,31.555,7.4234,15.6466,0.6914,245.73,3.4533,0.6334,0.425,4.2773,36660,N/A,9.1095,232.3872,40.925,1.5021,83.24,7.812,N/A,N/A,1749000,N/A,1.782,N/A,1.599,N/A,8.5586,N/A,N/A,N/A,1358.35,N/A,N/A,1.9821,N/A,1.9611,N/A,8.0487,
2003-04-24,1.1008,132.03,1.9461,0.58813,31.717,7.4247,15.6466,0.6915,245.81,3.4533,0.6343,0.4251,4.297,36635,N/A,9.1102,232.2565,40.964,1.5055,83.33,7.831,N/A,N/A,1756000,N/A,1.7819,N/A,1.6112,N/A,8.5858,N/A,N/A,N/A,1343.53,N/A,N/A,1.9877,N/A,1.9567,N/A,8.0279,
2003-04-23,1.0944,131.63,1.9464,0.5881,31.67,7.4253,15.6466,0.6935,245.63,3.4534,0.6326,0.4251,4.2603,36557,N/A,9.1115,232.475,41.005,1.5068,83.08,7.835,N/A,N/A,1767000,N/A,1.7646,N/A,1.5845,N/A,8.5357,N/A,N/A,N/A,1334.02,N/A,N/A,1.9608,N/A,1.9457,N/A,8.2698,
2003-04-22,1.0971,131.37,1.9467,0.58799,31.681,7.4255,15.6466,0.6961,246.24,3.4531,0.6342,0.4255,4.269,36737,N/A,9.141,232.4776,41.006,1.5058,83.17,7.8475,N/A,N/A,1756000,N/A,1.7659,N/A,1.5904,N/A,8.557,N/A,N/A,N/A,1341.75,N/A,N/A,1.9565,N/A,1.9459,N/A,8.2919,
2003-04-17,1.092,130.29,1.9469,0.58682,31.581,7.4254,15.6466,0.6917,245.37,3.4533,0.6313,0.4248,4.2683,36843,N/A,9.1655,232.4165,40.965,1.4998,82.86,7.836,N/A,N/A,1756000,N/A,1.7789,N/A,1.5881,N/A,8.5172,N/A,N/A,N/A,1317.39,N/A,N/A,1.9671,N/A,1.9309,N/A,8.2664,
2003-04-16,1.0836,130.39,1.9467,0.58672,31.583,7.425,15.6466,0.6877,245.65,3.4535,0.628,0.4241,4.2852,36670,N/A,9.1572,232.4355,40.992,1.5021,82.98,7.839,N/A,N/A,1748000,N/A,1.7724,N/A,1.5681,N/A,8.4516,N/A,N/A,N/A,1314.41,N/A,N/A,1.9445,N/A,1.9254,N/A,8.3166,
2003-04-15,1.0784,129.79,1.9461,0.58665,31.525,7.425,15.6466,0.6857,245.12,3.4532,0.6264,0.4237,4.2395,36560,N/A,9.137,232.3754,40.936,1.4999,83.06,7.879,N/A,N/A,1743000,N/A,1.7831,N/A,1.5696,N/A,8.4108,N/A,N/A,N/A,1312.9,N/A,N/A,1.9706,N/A,1.9199,N/A,8.3414,
2003-04-14,1.0737,129.68,1.9461,0.58665,31.568,7.4261,15.6466,0.6827,245.52,3.4533,0.6249,0.4231,4.2522,36630,N/A,9.1275,232.3652,41.055,1.4966,83.28,7.876,N/A,N/A,1751000,N/A,1.7826,N/A,1.5657,N/A,8.3742,N/A,N/A,N/A,1314.21,N/A,N/A,1.9705,N/A,1.9124,N/A,8.4018,
2003-04-11,1.0735,129.13,1.9462,0.58665,31.492,7.4262,15.6466,0.6842,244.46,3.4525,0.6248,0.4233,4.2468,36585,N/A,9.138,232.2565,41.095,1.4974,83.24,7.9,N/A,N/A,1768000,N/A,1.7765,N/A,1.5619,N/A,8.3726,N/A,N/A,N/A,1319.92,N/A,N/A,1.9712,N/A,1.9101,N/A,8.3894,
2003-04-10,1.0805,129.18,1.9464,0.58603,31.44,7.4265,15.6466,0.69,244.2,3.4534,0.6272,0.4243,4.252,36650,N/A,9.1458,232.2255,41.062,1.4948,83.92,7.886,N/A,N/A,1786000,N/A,1.7837,N/A,1.5813,N/A,8.4272,N/A,N/A,N/A,1328.74,N/A,N/A,1.9739,N/A,1.9188,N/A,8.4091,
2003-04-09,1.0742,128.86,1.9471,0.58558,31.355,7.4264,15.6466,0.6902,244.35,3.4532,0.625,0.424,4.2829,36535,N/A,9.1377,232.1465,41.015,1.4878,83.55,7.802,N/A,N/A,1772000,N/A,1.7807,N/A,1.5773,N/A,8.3782,N/A,N/A,N/A,1342.54,N/A,N/A,1.9667,N/A,1.9145,N/A,8.5103,
2003-04-08,1.066,127.9,1.9483,0.58538,31.543,7.4263,15.6466,0.6872,244.73,3.453,0.622,0.4234,4.3255,36437,N/A,9.1691,232.1755,41.155,1.4859,83.7,7.7735,N/A,N/A,1747000,N/A,1.7768,N/A,1.576,N/A,8.3141,N/A,N/A,N/A,1336.12,N/A,N/A,1.9606,N/A,1.8998,N/A,8.5826,
2003-04-07,1.0582,127.82,1.9489,0.58538,31.581,7.4265,15.6466,0.6828,244.84,3.4525,0.6198,0.4225,4.3275,36320,N/A,9.1755,232.0655,41.149,1.4873,83.77,7.772,N/A,N/A,1748000,N/A,1.7812,N/A,1.5758,N/A,8.2534,N/A,N/A,N/A,1330.79,N/A,N/A,1.979,N/A,1.8873,N/A,8.545,
2003-04-04,1.072,128.7,1.9497,0.58531,31.781,7.4265,15.6466,0.6844,245.43,3.4523,0.6239,0.4232,4.3615,36430,N/A,9.1982,232.0255,41.234,1.4865,83.82,7.798,N/A,N/A,1777000,N/A,1.7842,N/A,1.5824,N/A,8.3611,N/A,N/A,N/A,1348.58,N/A,N/A,1.9705,N/A,1.9044,N/A,8.5424,
2003-04-03,1.0702,127.85,1.95,0.585,31.855,7.4261,15.6466,0.6853,246.21,3.453,0.6231,0.4233,4.3587,36310,N/A,9.2017,232.0224,41.116,1.4854,83.28,7.825,N/A,N/A,1800000,N/A,1.7936,N/A,1.5773,N/A,8.3468,N/A,N/A,N/A,1342.99,N/A,N/A,1.9585,N/A,1.901,N/A,8.4907,
2003-04-02,1.083,128.72,1.9505,0.58442,32.06,7.4261,15.6466,0.6877,247.52,3.4524,0.6274,0.424,4.406,36275,N/A,9.2468,232.2152,41.065,1.4827,83.73,7.833,N/A,N/A,1836000,N/A,1.8023,N/A,1.6019,N/A,8.4465,N/A,N/A,N/A,1358.19,N/A,N/A,1.9685,N/A,1.9164,N/A,8.6153,
2003-04-01,1.0891,128.8,1.9497,0.58395,31.967,7.4265,15.6466,0.6908,248.06,3.4525,0.6293,0.4246,4.4298,36210,N/A,9.2284,232.2,41.17,1.4768,84.07,7.925,N/A,N/A,1849000,N/A,1.8048,N/A,1.5995,N/A,8.4943,N/A,N/A,N/A,1368.51,N/A,N/A,1.9693,N/A,1.9288,N/A,8.5848,
2003-03-31,1.0895,129.18,1.9508,0.58404,31.947,7.4264,15.6466,0.6896,246.35,3.4533,0.6292,0.4245,4.42,36250,N/A,9.2608,231.9914,41.388,1.4764,83.58,7.8995,N/A,N/A,1864000,N/A,1.8076,N/A,1.6037,N/A,8.4975,N/A,N/A,N/A,1366.78,N/A,N/A,1.9721,N/A,1.9211,N/A,8.6356,
2003-03-28,1.073,128.89,1.95,0.58401,31.863,7.4266,15.6466,0.6865,246.98,3.453,0.6242,0.4235,4.3727,35972,N/A,9.2271,231.9525,41.388,1.4766,83.04,7.857,N/A,N/A,1834000,N/A,1.7853,N/A,1.5736,N/A,8.3684,N/A,N/A,N/A,1350.91,N/A,N/A,1.9495,N/A,1.9011,N/A,8.545,
2003-03-27,1.0723,128.39,1.9496,0.58404,31.823,7.4263,15.6466,0.6811,246.38,3.453,0.6234,0.4229,4.3587,35940,N/A,9.2527,231.7715,41.433,1.4793,84.18,7.8415,N/A,N/A,1846000,N/A,1.7852,N/A,1.5711,N/A,8.3631,N/A,N/A,N/A,1336.84,N/A,N/A,1.951,N/A,1.8961,N/A,8.5421,
2003-03-26,1.0667,128.19,1.9488,0.58394,31.812,7.4263,15.6466,0.6779,246.26,3.4524,0.6216,0.4227,4.3348,35917,N/A,9.217,231.6125,41.556,1.4739,83.99,7.8135,N/A,N/A,1831000,N/A,1.783,N/A,1.5669,N/A,8.319,N/A,N/A,N/A,1327.4,N/A,N/A,1.941,N/A,1.8876,N/A,8.5016,
2003-03-25,1.0691,128.22,1.9506,0.58375,31.798,7.4265,15.6466,0.6784,246.16,3.4523,0.622,0.4225,4.3315,36000,N/A,9.238,231.6325,41.726,1.472,83.7,7.829,N/A,N/A,1853000,N/A,1.7908,N/A,1.5769,N/A,8.338,N/A,N/A,N/A,1336.8,N/A,N/A,1.9312,N/A,1.8867,N/A,8.6383,
2003-03-24,1.0634,128.28,1.9522,0.58384,31.707,7.4282,15.6466,0.6763,246.33,3.4523,0.6202,0.4219,4.3342,35978,N/A,9.1875,231.3225,41.852,1.475,84.55,7.852,N/A,N/A,1875000,N/A,1.7928,N/A,1.5808,N/A,8.2933,N/A,N/A,N/A,1330.31,N/A,N/A,1.9296,N/A,1.8778,N/A,8.6947,
2003-03-21,1.0572,127.82,1.952,0.58377,31.65,7.4281,15.6466,0.6757,246.42,3.4521,0.6183,0.4217,4.3087,35785,N/A,9.164,231.7525,41.915,1.4756,85.04,7.8615,N/A,N/A,1820000,N/A,1.7831,N/A,1.5654,N/A,8.2449,N/A,N/A,N/A,1319.07,N/A,N/A,1.919,N/A,1.8699,N/A,8.617,
2003-03-20,1.0592,127.47,1.9508,0.58374,31.695,7.4283,15.6466,0.677,246.09,3.4522,0.6186,0.4219,4.3105,35600,N/A,9.1857,231.9048,41.945,1.4714,84.72,7.92,N/A,N/A,1806000,N/A,1.788,N/A,1.5696,N/A,8.2607,N/A,N/A,N/A,1319.66,N/A,N/A,1.9152,N/A,1.8734,N/A,8.6166,
2003-03-19,1.057,126.08,1.95,0.58377,31.57,7.4288,15.6466,0.6787,245.33,3.4523,0.6175,0.422,4.3032,35395,N/A,9.196,231.9725,41.725,1.4713,84.49,7.8785,N/A,N/A,1796000,N/A,1.7863,N/A,1.5675,N/A,8.2437,N/A,N/A,N/A,1328.65,N/A,N/A,1.9212,N/A,1.8697,N/A,8.6616,
2003-03-18,1.0586,126.06,1.9499,0.5836,31.565,7.4279,15.6466,0.6774,245.25,3.4523,0.6183,0.422,4.3227,35427,N/A,9.2367,231.985,41.758,1.4714,84.28,7.856,N/A,N/A,1755000,N/A,1.7973,N/A,1.5708,N/A,8.2561,N/A,N/A,N/A,1327.27,N/A,N/A,1.9438,N/A,1.8737,N/A,8.7308,
2003-03-17,1.0801,127.16,1.9488,0.5836,31.691,7.4282,15.6466,0.6827,244.85,3.4522,0.6254,0.4234,4.3725,35403,N/A,9.2223,231.925,41.735,1.4671,84.45,7.804,N/A,N/A,1824000,N/A,1.8011,N/A,1.5878,N/A,8.4238,N/A,N/A,N/A,1346.34,N/A,N/A,1.9528,N/A,1.8975,N/A,8.7688,
2003-03-14,1.0775,127.7,1.9498,0.58333,31.628,7.4291,15.6466,0.6777,244.65,3.4522,0.6248,0.4227,4.3382,35427,N/A,9.2055,231.912,41.695,1.4677,84.14,7.776,N/A,N/A,1775000,N/A,1.8075,N/A,1.6034,N/A,8.403,N/A,N/A,N/A,1337.55,N/A,N/A,1.965,N/A,1.8926,N/A,8.8664,
2003-03-13,1.0864,128.6,1.9503,0.58295,31.585,7.4267,15.6466,0.6771,244.95,3.4526,0.6278,0.4229,4.374,35635,N/A,9.2735,231.9425,41.815,1.4689,84.14,7.8195,N/A,N/A,1775000,N/A,1.8346,N/A,1.6117,N/A,8.4728,N/A,N/A,N/A,1347.14,N/A,N/A,1.9884,N/A,1.902,N/A,8.8124,
2003-03-12,1.1028,129.21,1.9509,0.58241,31.653,7.4276,15.6466,0.6835,245.27,3.4532,0.6326,0.4243,4.3743,35878,N/A,9.3133,231.885,41.855,1.4674,85.3,7.8665,N/A,N/A,1786000,N/A,1.8446,N/A,1.624,N/A,8.6006,N/A,N/A,N/A,1371.66,N/A,N/A,2.0056,N/A,1.9269,N/A,8.8431,
2003-03-11,1.108,129.34,1.9514,0.58217,31.762,7.427,15.6466,0.6908,245.45,3.4532,0.6341,0.4253,4.3827,36053,N/A,9.2955,231.885,41.882,1.4664,85.11,7.934,N/A,N/A,1803000,N/A,1.8143,N/A,1.6209,N/A,8.6411,N/A,N/A,N/A,1362.29,N/A,N/A,1.986,N/A,1.923,N/A,8.7346,
2003-03-10,1.1042,128.71,1.9507,0.5814,31.773,7.4261,15.6466,0.6905,245.4,3.4535,0.6315,0.4251,4.3633,36084,N/A,9.2517,231.8825,41.815,1.4686,84.79,7.934,N/A,N/A,1777000,N/A,1.7948,N/A,1.6161,N/A,8.6114,N/A,N/A,N/A,1367.77,N/A,N/A,1.9642,N/A,1.9155,N/A,8.7537,
2003-03-07,1.1039,128.68,1.9519,0.58156,31.852,7.4256,15.6466,0.6867,245.24,3.4533,0.6311,0.4247,4.3153,36087,N/A,9.2395,231.8525,41.805,1.4653,84.58,7.883,N/A,N/A,1780000,N/A,1.7898,N/A,1.617,N/A,8.609,N/A,N/A,N/A,1345.43,N/A,N/A,1.9498,N/A,1.9136,N/A,8.8037,
2003-03-06,1.0963,128.73,1.9525,0.5815,31.832,7.4266,15.6466,0.6831,245.06,3.4534,0.629,0.424,4.2857,35965,N/A,9.2155,231.5655,41.785,1.464,84.11,7.831,N/A,N/A,1763000,N/A,1.784,N/A,1.6137,N/A,8.5499,N/A,N/A,N/A,1327.18,N/A,N/A,1.941,N/A,1.9032,N/A,8.7636,
2003-03-05,1.0966,128.77,1.9537,0.58146,31.845,7.4273,15.6466,0.6876,245.33,3.4535,0.6295,0.4245,4.2948,36047,N/A,9.189,231.7425,41.854,1.459,84.45,7.7775,N/A,N/A,1757000,N/A,1.7778,N/A,1.6157,N/A,8.5524,N/A,N/A,N/A,1314.99,N/A,N/A,1.9455,N/A,1.9007,N/A,8.6879,
2003-03-04,1.0919,128.38,1.954,0.58123,31.898,7.4288,15.6466,0.6899,245.31,3.4533,0.6284,0.4246,4.3222,35913,N/A,9.1925,231.725,41.96,1.4595,84.07,7.777,N/A,N/A,1782000,N/A,1.7808,N/A,1.6209,N/A,8.5155,N/A,N/A,N/A,1299.36,N/A,N/A,1.9417,N/A,1.8949,N/A,8.6984,
2003-03-03,1.08,127.42,1.9533,0.58119,31.822,7.4288,15.6466,0.6853,244.45,3.4533,0.6242,0.4236,4.2423,35703,N/A,9.193,231.732,41.845,1.4621,83.72,7.7335,N/A,N/A,1785000,N/A,1.7653,N/A,1.6028,N/A,8.4227,N/A,N/A,N/A,1280.88,N/A,N/A,1.93,N/A,1.8761,N/A,8.7132,
2003-02-28,1.0782,127.32,1.9532,0.58109,31.802,7.4282,15.6466,0.6842,243.64,3.4531,0.6238,0.4234,4.2148,35717,N/A,9.1458,231.6825,41.815,1.4629,83.9,7.725,N/A,N/A,1721000,N/A,1.7816,N/A,1.6088,N/A,8.409,N/A,N/A,N/A,1286.29,N/A,N/A,1.9314,N/A,1.8741,N/A,8.7603,
2003-02-27,1.0822,126.45,1.9538,0.58106,31.65,7.4277,15.6466,0.6842,243.29,3.4532,0.6242,0.4236,4.2065,35757,N/A,9.1203,231.635,41.845,1.463,84.17,7.7825,N/A,N/A,1747000,N/A,1.7802,N/A,1.612,N/A,8.4398,N/A,N/A,N/A,1280.78,N/A,N/A,1.9132,N/A,1.8744,N/A,8.7545,
2003-02-26,1.0753,126.21,1.9545,0.58096,31.584,7.428,15.6466,0.6822,244.29,3.4529,0.6221,0.4231,4.1808,35508,N/A,9.0996,231.6325,41.871,1.4612,84.09,7.6115,N/A,N/A,1742000,N/A,1.7757,N/A,1.6081,N/A,8.386,N/A,N/A,N/A,1274.23,N/A,N/A,1.9084,N/A,1.8661,N/A,8.5694,
2003-02-25,1.0774,126.22,1.9543,0.58082,31.578,7.4276,15.6466,0.684,244.56,3.4524,0.6232,0.4233,4.1811,35430,N/A,9.118,231.5525,42.141,1.4649,84.45,7.6295,N/A,N/A,1743000,N/A,1.7789,N/A,1.6059,N/A,8.4025,N/A,N/A,N/A,1270.04,N/A,N/A,1.9037,N/A,1.8681,N/A,8.7054,
2003-02-24,1.0721,126.35,1.9542,0.58079,31.688,7.4292,15.6466,0.68,245.31,3.4523,0.6219,0.4227,4.1787,35213,N/A,9.1248,231.525,42.273,1.4692,84.19,7.553,N/A,N/A,1756000,N/A,1.781,N/A,1.6054,N/A,8.3615,N/A,N/A,N/A,1275.8,N/A,N/A,1.9012,N/A,1.8645,N/A,8.6983,
2003-02-21,1.0838,128.7,1.9545,0.58069,31.73,7.4311,15.6466,0.679,246.46,3.4525,0.6227,0.423,4.2022,35555,N/A,9.13,231.5251,42.162,1.4673,84.56,7.547,N/A,N/A,1760000,N/A,1.8081,N/A,1.6316,N/A,8.4528,N/A,N/A,N/A,1291.78,N/A,N/A,1.9345,N/A,1.89,N/A,8.7233,
2003-02-20,1.0763,127.84,1.9535,0.58059,31.612,7.4311,15.6466,0.67445,246.11,3.4525,0.6227,0.4222,4.189,35150,N/A,9.1073,231.4314,42.167,1.4707,84.37,7.536,N/A,N/A,1761000,N/A,1.8059,N/A,1.6212,N/A,8.3945,N/A,N/A,N/A,1280.15,N/A,N/A,1.9407,N/A,1.8798,N/A,8.7543,
2003-02-19,1.0717,127.56,1.953,0.58045,31.588,7.4317,15.6466,0.6727,246.23,3.4522,0.6208,0.4218,4.1573,34910,N/A,9.1013,231.4455,42.025,1.4722,84.86,7.5255,N/A,N/A,1751000,N/A,1.808,N/A,1.6229,N/A,8.3587,N/A,N/A,N/A,1289.26,N/A,N/A,1.94,N/A,1.8779,N/A,8.9796,
2003-02-18,1.0714,127.32,1.9535,0.58038,31.523,7.4321,15.6466,0.6713,245.72,3.4524,0.6207,0.4217,4.1425,34950,N/A,9.1215,231.425,42.045,1.4701,84.93,7.5215,N/A,N/A,1737000,N/A,1.814,N/A,1.6325,N/A,8.3564,N/A,N/A,N/A,1285.84,N/A,N/A,1.9454,N/A,1.8741,N/A,8.9837,
2003-02-17,1.0716,128.83,1.9523,0.58038,31.473,7.4316,15.6466,0.6704,245.55,3.4522,0.6218,0.4216,4.1515,35050,N/A,9.1045,231.3582,41.998,1.4725,83.94,7.515,N/A,N/A,1755000,N/A,1.8178,N/A,1.6315,N/A,8.3578,N/A,N/A,N/A,1293.69,N/A,N/A,1.9505,N/A,1.881,N/A,9.0068,
2003-02-14,1.0793,130.04,1.9527,0.58028,31.387,7.4318,15.6466,0.6677,245.45,3.4522,0.6246,0.4215,4.161,35217,N/A,9.1066,231.2224,41.972,1.4692,83.58,7.5355,N/A,N/A,1795000,N/A,1.8186,N/A,1.6393,N/A,8.4179,N/A,N/A,N/A,1298.99,N/A,N/A,1.9549,N/A,1.8929,N/A,9.0055,
2003-02-13,1.0758,130.38,1.9531,0.58028,31.507,7.4317,15.6466,0.6644,244.32,3.4524,0.623,0.421,4.1587,35237,N/A,9.1065,231.3252,42.023,1.4688,83.38,7.4935,N/A,N/A,1793000,N/A,1.8216,N/A,1.6411,N/A,8.3907,N/A,N/A,N/A,1294.08,N/A,N/A,1.9565,N/A,1.8888,N/A,8.9843,
2003-02-12,1.0731,129.96,1.9527,0.58028,31.793,7.4335,15.6466,0.6638,244.95,3.4524,0.6222,0.4208,4.1397,34955,N/A,9.1338,231.3152,42.075,1.4674,83.06,7.4615,N/A,N/A,1774000,N/A,1.813,N/A,1.6403,N/A,8.3695,N/A,N/A,N/A,1286.92,N/A,N/A,1.945,N/A,1.8814,N/A,9.0154,
2003-02-11,1.0706,130.04,1.9521,0.58021,31.803,7.4322,15.6466,0.6606,245.04,3.4523,0.6213,0.4203,4.1395,35167,N/A,9.145,231.33,42.041,1.4669,82.85,7.466,N/A,N/A,1770000,N/A,1.818,N/A,1.6366,N/A,8.35,N/A,N/A,N/A,1290.13,N/A,N/A,1.9525,N/A,1.8813,N/A,9.0969,
2003-02-10,1.0808,130.23,1.9539,0.58015,31.775,7.4323,15.6466,0.6614,246.28,3.4525,0.6241,0.4208,4.1687,35513,N/A,9.1594,231.205,42.156,1.4658,83.48,7.4625,N/A,N/A,1781000,N/A,1.823,N/A,1.6458,N/A,8.4296,N/A,N/A,N/A,1288.85,N/A,N/A,1.958,N/A,1.8981,N/A,9.0666,
2003-02-07,1.0789,129.49,1.9556,0.58015,31.728,7.431,15.6466,0.6628,246.67,3.4523,0.6235,0.4209,4.1618,35617,N/A,9.1617,231.1913,41.912,1.4667,82.46,7.469,N/A,N/A,1768000,N/A,1.8281,N/A,1.6434,N/A,8.415,N/A,N/A,N/A,1277.63,N/A,N/A,1.97,N/A,1.8826,N/A,9.0385,
2003-02-06,1.0813,129.62,1.9555,0.58008,31.642,7.4333,15.6466,0.6592,245.44,3.4523,0.6241,0.4205,4.154,35690,N/A,9.1989,231.1213,41.756,1.4666,82.87,7.5145,N/A,N/A,1767000,N/A,1.8312,N/A,1.648,N/A,8.4335,N/A,N/A,N/A,1272.15,N/A,N/A,1.9741,N/A,1.8823,N/A,9.11,
2003-02-05,1.091,130.3,1.9558,0.58001,31.784,7.4357,15.6466,0.6607,245.25,3.4524,0.6274,0.4211,4.1643,35963,N/A,9.2489,231.1975,41.812,1.4666,82.63,7.5635,N/A,N/A,1792000,N/A,1.8425,N/A,1.6523,N/A,8.5094,N/A,N/A,N/A,1281.11,N/A,N/A,1.9815,N/A,1.8959,N/A,9.1644,
2003-02-04,1.0822,129.95,1.9556,0.57961,31.613,7.4357,15.6466,0.6571,244.11,3.4523,0.6256,0.4203,4.1438,35847,N/A,9.2427,231.1415,41.754,1.4673,83.31,7.487,N/A,N/A,1776000,N/A,1.8361,N/A,1.6415,N/A,8.4407,N/A,N/A,N/A,1274.29,N/A,N/A,1.9736,N/A,1.8823,N/A,9.1027,
2003-02-03,1.0729,129.27,1.9553,0.57927,31.56,7.4377,15.6466,0.6553,243.73,3.4521,0.6224,0.4197,4.1153,35613,N/A,9.2334,231.0655,41.894,1.4684,82.92,7.479,N/A,N/A,1758000,N/A,1.8405,N/A,1.6303,N/A,8.3685,N/A,N/A,N/A,1264.41,N/A,N/A,1.979,N/A,1.8699,N/A,9.1747,
2003-01-31,1.0816,129.17,1.9557,0.57927,31.572,7.4368,15.6466,0.6557,243.98,3.4525,0.6255,0.4201,4.1345,35848,N/A,9.2285,231.0725,41.741,1.4678,83.54,7.452,N/A,N/A,1781000,N/A,1.8397,N/A,1.6562,N/A,8.4363,N/A,N/A,N/A,1265.47,N/A,N/A,1.982,N/A,1.8766,N/A,9.2639,
2003-01-30,1.0748,128.23,1.9553,0.57927,31.407,7.4344,15.6466,0.6534,243.5,3.4524,0.6218,0.4195,4.0873,35677,N/A,9.187,231.08,41.806,1.4702,83.58,7.4315,N/A,N/A,1769000,N/A,1.8285,N/A,1.641,N/A,8.3831,N/A,N/A,N/A,1251.07,N/A,N/A,1.9655,N/A,1.8704,N/A,9.2876,
2003-01-29,1.0868,128.49,1.9558,0.57921,31.357,7.4346,15.6466,0.6599,243.23,3.4524,0.6262,0.4208,4.121,35983,N/A,9.2135,230.935,41.745,1.4678,84.86,7.458,N/A,N/A,1802000,N/A,1.8395,N/A,1.6543,N/A,8.4768,N/A,N/A,N/A,1269.38,N/A,N/A,1.9775,N/A,1.8783,N/A,9.4932,
2003-01-28,1.0808,128.08,1.9558,0.57897,31.477,7.4372,15.6466,0.6597,244.22,3.4523,0.6244,0.4206,4.1586,35865,N/A,9.2228,230.9552,41.905,1.4692,84.82,7.47,N/A,N/A,1798000,N/A,1.8367,N/A,1.6501,N/A,8.4297,N/A,N/A,N/A,1271.56,N/A,N/A,1.9795,N/A,1.8741,N/A,9.4435,
2003-01-27,1.087,127.92,1.9557,0.5788,31.388,7.437,15.6466,0.6647,245.21,3.4524,0.6267,0.4214,4.181,36028,N/A,9.246,230.9512,42.116,1.4673,85.08,7.4555,N/A,N/A,1804000,N/A,1.8338,N/A,1.6504,N/A,8.4781,N/A,N/A,N/A,1272.55,N/A,N/A,1.978,N/A,1.8762,N/A,9.5276,
2003-01-24,1.0784,127.4,1.9555,0.57877,31.335,7.4383,15.6466,0.6606,246.87,3.4525,0.6237,0.4206,4.1482,35910,N/A,9.2503,230.8465,42.155,1.4666,84.78,7.457,N/A,N/A,1793000,N/A,1.8235,N/A,1.6448,N/A,8.4105,N/A,N/A,N/A,1258.49,N/A,N/A,1.9655,N/A,1.8671,N/A,9.3891,
2003-01-23,1.0757,126.99,1.9554,0.57864,31.458,7.4365,15.6466,0.6638,248.85,3.4525,0.6238,0.4209,4.2222,35882,N/A,9.2458,230.8525,42.502,1.4635,84.92,7.406,N/A,N/A,1788000,N/A,1.819,N/A,1.6409,N/A,8.3894,N/A,N/A,N/A,1264.59,N/A,N/A,1.961,N/A,1.8616,N/A,9.5401,
2003-01-22,1.0718,126.51,1.9555,0.57827,31.587,7.4361,15.6466,0.6645,248.53,3.4531,0.6227,0.4208,4.195,35723,N/A,9.2535,230.81,42.023,1.4622,84.96,7.389,N/A,N/A,1788000,N/A,1.8273,N/A,1.6408,N/A,8.3591,N/A,N/A,N/A,1261.29,N/A,N/A,1.969,N/A,1.856,N/A,9.6715,
2003-01-21,1.0653,126.5,1.9547,0.5782,31.18,7.4333,15.6466,0.6626,246.74,3.4532,0.621,0.4204,4.0713,35603,N/A,9.1887,230.8125,41.54,1.4614,84.63,7.343,N/A,N/A,1770000,N/A,1.8134,N/A,1.6362,N/A,8.3084,N/A,N/A,N/A,1257.16,N/A,N/A,1.9463,N/A,1.8494,N/A,9.5077,
2003-01-20,1.0653,125.96,1.9552,0.5782,31.297,7.433,15.6466,0.6635,244.31,3.4531,0.6219,0.4205,4.0632,35725,N/A,9.1968,230.7715,41.732,1.4608,84.4,7.318,N/A,N/A,1773000,N/A,1.8056,N/A,1.6367,N/A,8.3082,N/A,N/A,N/A,1250.98,N/A,N/A,1.9364,N/A,1.8454,N/A,9.421,
2003-01-17,1.0652,125.34,1.9546,0.57854,31.425,7.4343,15.6466,0.6582,246.2,3.4524,0.6206,0.4198,4.0682,35708,N/A,9.175,230.775,41.602,1.4598,84.13,7.274,N/A,N/A,1775000,N/A,1.8012,N/A,1.6304,N/A,8.3073,N/A,N/A,N/A,1249.91,N/A,N/A,1.9317,N/A,1.8467,N/A,9.425,
2003-01-16,1.0564,124.74,1.9546,0.57807,31.493,7.4323,15.6466,0.6585,234.72,3.4527,0.6171,0.4195,4.0087,35670,N/A,9.18,230.7225,41.225,1.4626,84.04,7.266,N/A,N/A,1757000,N/A,1.8028,N/A,1.62,N/A,8.2388,N/A,N/A,N/A,1237.04,N/A,N/A,1.946,N/A,1.8303,N/A,9.3159,
2003-01-15,1.0526,124.47,1.9552,0.57737,31.87,7.431,15.6466,0.6592,234.91,3.4528,0.616,0.4195,4.0195,35410,N/A,9.172,230.5262,41.331,1.4636,84.24,7.302,N/A,N/A,1758000,N/A,1.8024,N/A,1.6234,N/A,8.2093,N/A,N/A,N/A,1237.23,N/A,N/A,1.962,N/A,1.825,N/A,9.2471,
2003-01-14,1.0577,125.04,1.9547,0.5764,31.764,7.4295,15.6466,0.6583,234.94,3.4531,0.619,0.4196,4.0172,35607,N/A,9.1705,230.6825,41.6,1.4623,84.09,7.3285,N/A,N/A,1766000,N/A,1.8115,N/A,1.6301,N/A,8.2491,N/A,N/A,N/A,1238.57,N/A,N/A,1.961,N/A,1.833,N/A,9.2562,
2003-01-13,1.0549,125.74,1.9559,0.57604,31.855,7.4295,15.6466,0.6568,234.94,3.4532,0.619,0.4193,4.0242,35542,N/A,9.1722,230.6135,41.495,1.4613,84.08,7.2895,N/A,N/A,1754000,N/A,1.8109,N/A,1.6248,N/A,8.2272,N/A,N/A,N/A,1240.56,N/A,N/A,1.9606,N/A,1.8333,N/A,9.022,
2003-01-10,1.0503,125.72,1.9558,0.57561,31.788,7.429,15.6466,0.6534,235.09,3.4534,0.6172,0.4187,4.0145,35477,N/A,9.1385,230.595,41.501,1.4602,84.62,7.252,N/A,N/A,1752000,N/A,1.8107,N/A,1.6285,N/A,8.1915,N/A,N/A,N/A,1238.09,N/A,N/A,1.9611,N/A,1.826,N/A,8.962,
2003-01-09,1.0507,125.16,1.9558,0.57484,31.548,7.4297,15.6466,0.653,235.11,3.4533,0.6168,0.4186,4.0218,35385,N/A,9.111,230.5425,41.49,1.4597,84.92,7.2255,N/A,N/A,1762000,N/A,1.8172,N/A,1.6371,N/A,8.1946,N/A,N/A,N/A,1238.25,N/A,N/A,1.9685,N/A,1.8244,N/A,8.9861,
2003-01-08,1.0377,124.9,1.9559,0.57369,31.407,7.4291,15.6466,0.6495,235.3,3.4535,0.6126,0.4177,4.0005,34942,N/A,9.0702,230.5165,41.346,1.4586,84.44,7.2225,N/A,N/A,1735000,N/A,1.8132,N/A,1.6231,N/A,8.0936,N/A,N/A,N/A,1228.64,N/A,N/A,1.9617,N/A,1.8102,N/A,8.9865,
2003-01-07,1.0425,124.82,1.9557,0.57369,31.31,7.4285,15.6466,0.6496,235.31,3.4534,0.6134,0.4179,3.996,35038,N/A,9.067,230.5252,41.23,1.4565,84.09,7.237,N/A,N/A,1762000,N/A,1.816,N/A,1.6257,N/A,8.1307,N/A,N/A,N/A,1233.28,N/A,N/A,1.963,N/A,1.8155,N/A,8.916,
2003-01-06,1.0488,124.4,1.9558,0.57306,31.323,7.4279,15.6466,0.6495,235.46,3.4527,0.6154,0.4143,4.0045,35055,N/A,9.0913,230.305,41.27,1.4563,84.78,7.242,N/A,N/A,1742000,N/A,1.8281,N/A,1.6383,N/A,8.1797,N/A,N/A,N/A,1247.02,N/A,N/A,1.9735,N/A,1.821,N/A,8.8309,
2003-01-03,1.0392,124.56,1.9559,0.57359,31.32,7.4283,15.6466,0.65,235.46,3.4531,0.6114,0.4178,3.9865,34773,N/A,9.106,230.305,41.27,1.4555,84.32,7.236,N/A,N/A,1714000,N/A,1.844,N/A,1.6264,N/A,8.1047,N/A,N/A,N/A,1243.87,N/A,N/A,1.982,N/A,1.8132,N/A,8.787,
2003-01-02,1.0446,124.4,1.9557,0.57353,31.59,7.4272,15.6466,0.652,235.78,3.4533,0.6134,0.4183,4.005,35012,N/A,9.127,230.325,41.412,1.4528,84.64,7.267,N/A,N/A,1734000,N/A,1.8554,N/A,1.6422,N/A,8.1445,N/A,N/A,N/A,1246.21,N/A,N/A,1.9942,N/A,1.8188,N/A,8.8738,
2002-12-31,1.0487,124.39,1.9546,0.57316,31.577,7.4288,15.6466,0.6505,236.29,3.4525,0.614,0.4182,4.021,35135,N/A,9.1528,230.1577,41.503,1.4524,84.74,7.2756,N/A,N/A,1738000,N/A,1.8556,N/A,1.655,N/A,8.1781,N/A,N/A,N/A,1243.76,N/A,N/A,1.9975,N/A,1.8199,N/A,9.0094,
2002-12-30,1.0422,124.27,1.9546,0.57333,31.489,7.4281,15.6466,0.65,235.95,3.4524,0.6123,0.4179,4.0005,34925,N/A,9.1558,230.1208,41.688,1.4548,84.24,7.2725,N/A,N/A,1713000,N/A,1.8515,N/A,1.6381,N/A,8.128,N/A,N/A,N/A,1247.51,N/A,N/A,2.001,N/A,1.8093,N/A,8.9791,
2002-12-27,1.0376,124.45,1.9532,0.573,31.34,7.4267,15.6466,0.648,235.73,3.4522,0.6098,0.4175,3.992,34785,N/A,9.155,230.13,41.8,1.4567,84.8,7.306,N/A,N/A,1719000,N/A,1.8446,N/A,1.6274,N/A,8.092,N/A,N/A,N/A,1242.79,N/A,N/A,2.001,N/A,1.8049,N/A,9.1231,
2002-12-24,1.0296,123.78,1.9516,0.57248,31.253,7.4261,15.6466,0.6467,235.61,3.4521,0.6067,0.417,3.9793,34373,N/A,9.1326,230.035,41.79,1.4538,84.69,7.2763,N/A,N/A,1731000,N/A,1.8262,N/A,1.5976,N/A,8.0295,N/A,N/A,N/A,1236.24,N/A,N/A,1.994,N/A,1.7922,N/A,9.0892,
2002-12-23,1.0282,123.35,1.9515,0.57264,31.36,7.4266,15.6466,0.6446,235.75,3.4523,0.6049,0.4167,3.9825,34400,N/A,9.138,230.0315,41.825,1.458,84.51,7.2895,N/A,N/A,1700000,N/A,1.829,N/A,1.5962,N/A,8.0184,N/A,N/A,N/A,1235.49,N/A,N/A,1.9934,N/A,1.7886,N/A,9.1099,
2002-12-20,1.0255,123.79,1.952,0.5729,31.267,7.4251,15.6466,0.6399,235.98,3.4523,0.6061,0.416,3.981,34300,N/A,9.0975,230.0615,41.835,1.4619,84.76,7.287,N/A,N/A,1681000,N/A,1.8145,N/A,1.5899,N/A,7.9966,N/A,N/A,N/A,1231.63,N/A,N/A,1.987,N/A,1.7897,N/A,9.1782,
2002-12-19,1.0273,123.87,1.9488,0.57297,31.285,7.425,15.6466,0.6403,235.39,3.4522,0.6072,0.4161,3.9939,34430,N/A,9.097,229.9854,41.784,1.4635,85.18,7.285,N/A,N/A,1682000,N/A,1.8165,N/A,1.5965,N/A,8.0109,N/A,N/A,N/A,1234.3,N/A,N/A,1.9903,N/A,1.7918,N/A,9.2123,
2002-12-18,1.024,124.35,1.9498,0.57297,31.225,7.4253,15.6466,0.6403,235.23,3.4522,0.6074,0.416,3.995,34585,N/A,9.09,230.095,41.766,1.4663,84.57,7.313,N/A,N/A,1634000,N/A,1.812,N/A,1.5882,N/A,7.9851,N/A,N/A,N/A,1230.34,N/A,N/A,1.987,N/A,1.7888,N/A,9.2385,
2002-12-17,1.0307,124.4,1.9508,0.57297,31.357,7.4273,15.6466,0.6445,235.13,3.4522,0.6091,0.4168,3.9985,34888,N/A,9.094,230.0612,41.72,1.4732,85.02,7.2945,N/A,N/A,1624000,N/A,1.814,N/A,1.6047,N/A,8.038,N/A,N/A,N/A,1227.05,N/A,N/A,1.9867,N/A,1.7989,N/A,8.9929,
2002-12-16,1.0212,123.64,1.9505,0.57284,31.257,7.426,15.6466,0.6426,235.65,3.4524,0.6054,0.4162,3.9672,34518,N/A,9.1288,230.1735,41.645,1.477,84.86,7.31,N/A,N/A,1580000,N/A,1.807,N/A,1.5959,N/A,7.9639,N/A,N/A,N/A,1228.71,N/A,N/A,1.991,N/A,1.7873,N/A,8.9105,
2002-12-13,1.0221,124.46,1.95,0.5729,31.233,7.4256,15.6466,0.6445,235.68,3.4522,0.6063,0.4165,3.9753,34520,N/A,9.1205,230.1873,41.726,1.4768,84.92,7.3295,N/A,N/A,1580000,N/A,1.805,N/A,1.5892,N/A,7.971,N/A,N/A,N/A,1231.12,N/A,N/A,1.9946,N/A,1.7865,N/A,9.0086,
2002-12-12,1.0156,124.55,1.9503,0.57284,31.183,7.4267,15.6466,0.6437,235.92,3.4523,0.6044,0.4161,3.973,34313,N/A,9.107,230.1213,41.721,1.4768,84.57,7.335,N/A,N/A,1580000,N/A,1.7942,N/A,1.5775,N/A,7.921,N/A,N/A,N/A,1226.34,N/A,N/A,1.9965,N/A,1.7845,N/A,9.0515,
2002-12-11,1.0067,124.18,1.9492,0.5731,31.05,7.4264,15.6466,0.6406,236.06,3.4525,0.5999,0.4154,3.97,34050,N/A,9.0695,230.0815,41.764,1.474,85.28,7.344,N/A,N/A,1578000,N/A,1.7955,N/A,1.5693,N/A,7.8513,N/A,N/A,N/A,1221.03,N/A,N/A,2.004,N/A,1.7736,N/A,8.9696,
2002-12-10,1.0111,124.66,1.9518,0.57307,31.134,7.4273,15.6466,0.6416,236.51,3.4521,0.6008,0.4157,3.9915,34052,N/A,9.1095,229.885,41.728,1.4736,85.41,7.328,N/A,N/A,1568000,N/A,1.7946,N/A,1.5768,N/A,7.8854,N/A,N/A,N/A,1225.45,N/A,N/A,2.0008,N/A,1.784,N/A,9.0964,
2002-12-09,1.0093,123.65,1.9528,0.57307,31.08,7.4267,15.6466,0.6393,236.36,3.4524,0.6021,0.4153,3.9928,34013,N/A,9.0655,229.87,41.735,1.4737,85.22,7.308,N/A,N/A,1582000,N/A,1.7927,N/A,1.5752,N/A,7.8712,N/A,N/A,N/A,1218.73,N/A,N/A,2.0052,N/A,1.781,N/A,9.2417,
2002-12-06,1.0006,125.02,1.9536,0.57313,31.015,7.4261,15.6466,0.6377,236.58,3.452,0.6009,0.4147,3.992,33710,N/A,9.0525,229.885,41.684,1.4717,85.31,7.264,N/A,N/A,1553000,N/A,1.7847,N/A,1.5591,N/A,7.8032,N/A,N/A,N/A,1221.23,N/A,N/A,1.9976,N/A,1.7752,N/A,9.1293,
2002-12-05,0.9991,125.18,1.9548,0.57307,30.893,7.4264,15.6466,0.6364,236.15,3.4523,0.6009,0.4145,3.9967,33713,N/A,9.0582,229.8812,41.653,1.4727,85.07,7.2745,N/A,N/A,1550000,N/A,1.7813,N/A,1.5578,N/A,7.7915,N/A,N/A,N/A,1219.4,N/A,N/A,1.993,N/A,1.7737,N/A,9.1129,
2002-12-04,1.0018,124.75,1.955,0.57303,31.135,7.4263,15.6466,0.6367,237.21,3.4525,0.6016,0.4146,3.991,33675,N/A,9.0543,229.8615,41.854,1.4721,85.1,7.2655,N/A,N/A,1553000,N/A,1.7854,N/A,1.5607,N/A,7.8125,N/A,N/A,N/A,1218.64,N/A,N/A,2.0012,N/A,1.7735,N/A,9.2377,
2002-12-03,0.9967,124.08,1.9542,0.57293,30.93,7.4263,15.6466,0.6374,237.38,3.4526,0.6001,0.4145,3.97,33465,N/A,9.0365,229.8926,41.8,1.4721,85.2,7.275,N/A,N/A,1530000,N/A,1.7827,N/A,1.5516,N/A,7.7728,N/A,N/A,N/A,1213.38,N/A,N/A,1.9974,N/A,1.7642,N/A,9.2605,
2002-12-02,0.9871,123.14,1.953,0.5731,30.82,7.4261,15.6466,0.6382,236.85,3.4521,0.5976,0.4142,3.952,33177,N/A,9.0071,229.8125,41.882,1.4774,84.95,7.2625,N/A,N/A,1505000,N/A,1.7649,N/A,1.5364,N/A,7.6981,N/A,N/A,N/A,1184.52,N/A,N/A,1.9752,N/A,1.7484,N/A,9.1257,
2002-11-29,0.9927,121.56,1.9535,0.5731,30.857,7.4261,15.6466,0.6395,237.72,3.4524,0.5984,0.4147,3.986,33300,N/A,9.0453,229.9512,41.974,1.4754,85.43,7.282,N/A,N/A,1523000,N/A,1.7755,N/A,1.5586,N/A,7.7417,N/A,N/A,N/A,1187.47,N/A,N/A,1.999,N/A,1.7527,N/A,9.2276,
2002-11-28,0.9934,121.37,1.9528,0.57303,30.892,7.4262,15.6466,0.6395,237.95,3.4524,0.5982,0.4147,3.9795,33330,N/A,9.0654,229.7635,42.139,1.4746,85.44,7.288,N/A,N/A,1540000,N/A,1.7806,N/A,1.5634,N/A,7.7471,N/A,N/A,N/A,1199.83,N/A,N/A,2.0097,N/A,1.7503,N/A,9.18,
2002-11-27,0.9927,120.57,1.9529,0.57241,30.948,7.4263,15.6466,0.6413,236.76,3.4517,0.5983,0.4148,3.9472,33265,N/A,9.0608,229.7227,41.824,1.4757,85.68,7.275,N/A,N/A,1551000,N/A,1.7829,N/A,1.5628,N/A,7.7416,N/A,N/A,N/A,1178.83,N/A,N/A,2.0123,N/A,1.7496,N/A,9.1365,
2002-11-26,0.991,120.92,1.9528,0.57231,30.808,7.4263,15.6466,0.6345,236.05,3.4522,0.5972,0.416,3.9647,33266,N/A,9.0354,229.2525,41.676,1.4736,85.65,7.264,N/A,N/A,1543000,N/A,1.7698,N/A,1.5573,N/A,7.7283,N/A,N/A,N/A,1187.81,N/A,N/A,1.9886,N/A,1.7504,N/A,9.0592,
2002-11-25,0.9905,121.84,1.9531,0.57228,30.683,7.4265,15.6466,0.6326,236.98,3.4524,0.5975,0.4137,3.9246,33377,N/A,9.0117,229.625,41.626,1.4746,85.71,7.304,N/A,N/A,1551000,N/A,1.7692,N/A,1.5597,N/A,7.7245,N/A,N/A,N/A,1205.93,N/A,N/A,1.9856,N/A,1.7568,N/A,9.2983,
2002-11-22,1.0024,122.88,1.954,0.57225,30.665,7.4268,15.6466,0.6335,236.98,3.4528,0.6016,0.4142,3.9415,33647,N/A,9.0181,229.7227,41.575,1.4718,86.26,7.3045,N/A,N/A,1584000,N/A,1.7788,N/A,1.5837,N/A,7.8176,N/A,N/A,N/A,1207.29,N/A,N/A,1.9915,N/A,1.773,N/A,9.5228,
2002-11-21,1.0034,122.75,1.9527,0.57212,30.674,7.4261,15.6466,0.6356,237.53,3.4522,0.6021,0.4146,3.9535,33666,N/A,9.0633,230.15,41.419,1.4687,86.26,7.3155,N/A,N/A,1586000,N/A,1.7845,N/A,1.5851,N/A,7.8258,N/A,N/A,N/A,1208.9,N/A,N/A,1.9932,N/A,1.7733,N/A,9.6978,
2002-11-20,1.0019,122.67,1.9505,0.57208,30.583,7.4263,15.6466,0.6364,237.67,3.4524,0.6018,0.4146,3.9352,33565,N/A,9.078,229.575,41.414,1.4675,85.92,7.331,N/A,N/A,1590000,N/A,1.7915,N/A,1.5866,N/A,7.8144,N/A,N/A,N/A,1211.3,N/A,N/A,2.0224,N/A,1.7738,N/A,9.6836,
2002-11-19,1.0125,122.75,1.9496,0.57215,30.546,7.4274,15.6466,0.6373,236.62,3.4522,0.6046,0.4151,3.9337,33885,N/A,9.0723,229.8515,41.466,1.4681,85.89,7.327,N/A,N/A,1603000,N/A,1.7988,N/A,1.6101,N/A,7.8968,N/A,N/A,N/A,1216.01,N/A,N/A,2.0325,N/A,1.7848,N/A,9.6906,
2002-11-18,1.0065,121.98,1.9483,0.57215,30.583,7.4263,15.6466,0.6374,237.03,3.4527,0.6028,0.4149,3.9353,33725,N/A,9.0725,229.09,41.619,1.4676,85.82,7.3135,N/A,N/A,1593000,N/A,1.7896,N/A,1.5934,N/A,7.8503,N/A,N/A,N/A,1209.61,N/A,N/A,2.0241,N/A,1.7753,N/A,9.6473,
2002-11-15,1.0029,121.05,1.9471,0.57208,30.572,7.4263,15.6466,0.6362,237.3,3.4525,0.601,0.4146,3.9443,33639,N/A,9.0835,229.39,41.684,1.4664,85.9,7.3025,N/A,N/A,1607000,N/A,1.7805,N/A,1.5869,N/A,7.8222,N/A,N/A,N/A,1204.28,N/A,N/A,2.0072,N/A,1.7685,N/A,9.698,
2002-11-14,1.0095,120.85,1.9479,0.57208,30.698,7.4265,15.6466,0.6355,237.86,3.4531,0.603,0.4148,3.9674,33855,N/A,9.0973,229.365,41.664,1.4651,86.04,7.3145,N/A,N/A,1635000,N/A,1.7935,N/A,1.5911,N/A,7.874,N/A,N/A,N/A,1215.64,N/A,N/A,2.0205,N/A,1.7743,N/A,9.888,
2002-11-13,1.0068,120.8,1.9475,0.57205,30.722,7.4262,15.6466,0.6343,238.5,3.4534,0.6022,0.4145,3.9578,33840,N/A,9.0728,229.375,41.745,1.4632,85.96,7.321,N/A,N/A,1647000,N/A,1.7983,N/A,1.5899,N/A,7.8525,N/A,N/A,N/A,1209.97,N/A,N/A,2.0341,N/A,1.7771,N/A,9.9056,
2002-11-12,1.0081,120.61,1.9472,0.57205,30.686,7.4277,15.6466,0.6358,238.52,3.4534,0.6024,0.4147,3.9463,33866,N/A,9.0833,229.27,41.53,1.4616,86.1,7.3025,N/A,N/A,1651000,N/A,1.7952,N/A,1.5844,N/A,7.8628,N/A,N/A,N/A,1215.77,N/A,N/A,2.041,N/A,1.7791,N/A,9.9389,
2002-11-11,1.0126,120.9,1.9475,0.57189,30.7,7.4284,15.6466,0.637,238.21,3.4537,0.6039,0.4151,3.9338,33916,N/A,9.097,229.325,41.12,1.4632,86.62,7.2975,N/A,N/A,1637000,N/A,1.8075,N/A,1.5905,N/A,7.8976,N/A,N/A,N/A,1215.83,N/A,N/A,2.05,N/A,1.7822,N/A,9.934,
2002-11-08,1.0107,121.95,1.9477,0.57179,30.961,7.4292,15.6466,0.6375,239.03,3.4533,0.604,0.4151,3.9716,33912,N/A,9.1215,229.265,41.266,1.4633,86.93,7.332,N/A,N/A,1635000,N/A,1.7861,N/A,1.5752,N/A,7.8827,N/A,N/A,N/A,1212.84,N/A,N/A,2.0299,N/A,1.7808,N/A,9.8694,
2002-11-07,1.0013,121.98,1.948,0.57143,30.918,7.4297,15.6466,0.6384,239.15,3.4535,0.6017,0.4149,3.9572,33617,N/A,9.1393,229.275,41.288,1.4641,87.17,7.3545,N/A,N/A,1634000,N/A,1.7758,N/A,1.5536,N/A,7.8093,N/A,N/A,N/A,1211.27,N/A,N/A,2.0121,N/A,1.7697,N/A,9.8788,
2002-11-06,0.9955,121.84,1.9482,0.57097,30.792,7.4317,15.6466,0.6394,239.65,3.4533,0.6007,0.4147,3.9637,33387,N/A,9.1275,229.3125,41.276,1.4633,86.77,7.3595,N/A,N/A,1636000,N/A,1.7756,N/A,1.5507,N/A,7.7643,N/A,N/A,N/A,1219.49,N/A,N/A,2.0099,N/A,1.7541,N/A,9.8654,
2002-11-05,1.0024,121.95,1.9492,0.57127,30.948,7.4326,15.6466,0.6413,241.14,3.4533,0.6032,0.4152,3.9857,33642,N/A,9.1423,229.165,41.304,1.4613,87.14,7.3715,N/A,N/A,1645000,N/A,1.7815,N/A,1.5601,N/A,7.8177,N/A,N/A,N/A,1219.92,N/A,N/A,2.0151,N/A,1.76,N/A,9.9282,
2002-11-04,0.9944,121.85,1.9476,0.57127,30.717,7.4323,15.6466,0.639,241.1,3.4531,0.6005,0.4146,3.9732,33382,N/A,9.1424,229.18,41.26,1.4633,86.54,7.3705,N/A,N/A,1664000,N/A,1.7726,N/A,1.5483,N/A,7.7557,N/A,N/A,N/A,1212.17,N/A,N/A,2.0095,N/A,1.7543,N/A,9.8282,
2002-11-01,0.9974,121.58,1.9475,0.57127,30.847,7.4321,15.6466,0.6368,241.4,3.4529,0.601,0.4145,3.9932,33352,N/A,9.0888,229.125,41.464,1.4606,86.48,7.3685,N/A,N/A,1683000,N/A,1.7915,N/A,1.5531,N/A,7.7793,N/A,N/A,N/A,1221.82,N/A,N/A,2.0365,N/A,1.7592,N/A,9.9441,
2002-10-31,0.9864,121.04,1.9466,0.57127,30.778,7.4319,15.6466,0.6326,241.33,3.4528,0.597,0.4135,3.9777,33070,N/A,9.09,229.125,41.474,1.4633,86.49,7.365,N/A,N/A,1648000,N/A,1.7813,N/A,1.5449,N/A,7.6932,N/A,N/A,N/A,1205.08,N/A,N/A,2.0405,N/A,1.7435,N/A,9.8477,
2002-10-30,0.9825,120.65,1.9461,0.57156,30.903,7.4323,15.6466,0.6317,241.28,3.4526,0.5955,0.4132,3.9788,32865,N/A,9.0834,229.2191,41.569,1.4649,86.34,7.39,N/A,N/A,1649000,N/A,1.7741,N/A,1.5365,N/A,7.663,N/A,N/A,N/A,1205.33,N/A,N/A,2.031,N/A,1.738,N/A,9.9031,
2002-10-29,0.982,121.21,1.9461,0.57189,30.918,7.4321,15.6466,0.6307,241.48,3.4523,0.5956,0.413,3.9748,32907,N/A,9.1056,229.2013,41.605,1.4657,86.71,7.391,N/A,N/A,1645000,N/A,1.7579,N/A,1.5329,N/A,7.6588,N/A,N/A,N/A,1200.4,N/A,N/A,2.0125,N/A,1.7387,N/A,9.8624,
2002-10-28,0.9745,121.53,1.9465,0.57225,30.918,7.4316,15.6466,0.6299,241.41,3.4523,0.5941,0.4132,3.9583,32553,N/A,9.082,228.975,41.534,1.468,86.29,7.371,N/A,N/A,1637000,N/A,1.7501,N/A,1.5237,N/A,7.6001,N/A,N/A,N/A,1197.17,N/A,N/A,1.9961,N/A,1.7362,N/A,9.8152,
2002-10-25,0.9763,121.21,1.9464,0.57225,30.925,7.4315,15.6466,0.6286,241.12,3.4523,0.5945,0.4125,3.964,32610,N/A,9.1286,228.975,41.484,1.4663,86.79,7.358,N/A,N/A,1637000,N/A,1.7572,N/A,1.5277,N/A,7.614,N/A,N/A,N/A,1197.53,N/A,N/A,2.0055,N/A,1.7336,N/A,9.8865,
2002-10-24,0.9738,121.08,1.9464,0.57228,30.872,7.4308,15.6466,0.6295,241.94,3.4523,0.5937,0.4125,3.9903,32523,N/A,9.135,228.9,41.551,1.4675,86.49,7.374,N/A,N/A,1630000,N/A,1.7543,N/A,1.5221,N/A,7.5947,N/A,N/A,N/A,1194.76,N/A,N/A,2.0002,N/A,1.7339,N/A,9.8977,
2002-10-23,0.9775,121.17,1.9463,0.57228,30.807,7.4319,15.6466,0.6313,241.83,3.4524,0.5955,0.4129,4.025,32555,N/A,9.14,228.895,41.531,1.4662,86.69,7.4015,N/A,N/A,1628000,N/A,1.7668,N/A,1.5331,N/A,7.6235,N/A,N/A,N/A,1199.29,N/A,N/A,2.015,N/A,1.737,N/A,9.9753,
2002-10-22,0.9768,122.32,1.9463,0.57228,30.577,7.4315,15.6466,0.6315,242.25,3.4525,0.5959,0.413,4.03,32593,N/A,9.109,228.8993,41.438,1.4693,86.45,7.434,N/A,N/A,1618000,N/A,1.7643,N/A,1.527,N/A,7.6181,N/A,N/A,N/A,1208.59,N/A,N/A,2.0205,N/A,1.7445,N/A,10,
2002-10-21,0.9748,121.53,1.9465,0.57228,30.55,7.4291,15.6466,0.63,242.48,3.4525,0.5942,0.4127,4.0417,32422,N/A,9.0678,228.905,41.525,1.4693,85.98,7.398,N/A,N/A,1625000,N/A,1.7616,N/A,1.53,N/A,7.6024,N/A,N/A,N/A,1203.88,N/A,N/A,2.0198,N/A,1.7359,N/A,10.0136,
2002-10-18,0.9735,121.83,1.9465,0.57234,30.583,7.4298,15.6466,0.6283,244.91,3.4525,0.5939,0.4124,4.062,32415,N/A,9.096,228.82,41.79,1.4682,86.59,7.4015,N/A,N/A,1612000,N/A,1.7665,N/A,1.5304,N/A,7.5924,N/A,N/A,N/A,1206.17,N/A,N/A,2.0218,N/A,1.7426,N/A,10.0489,
2002-10-17,0.9763,121.34,1.9463,0.57234,30.815,7.4311,15.6466,0.62665,245.4,3.4526,0.5932,0.4123,4.058,32442,N/A,9.0947,228.775,41.974,1.4669,86.46,7.412,N/A,N/A,1614000,N/A,1.774,N/A,1.539,N/A,7.6146,N/A,N/A,N/A,1205.73,N/A,N/A,2.0274,N/A,1.7373,N/A,10.0814,
2002-10-16,0.9823,121.86,1.9462,0.57267,30.96,7.4288,15.6466,0.6318,245.34,3.4525,0.5957,0.4132,4.068,32613,N/A,9.0681,228.745,42.045,1.4681,86.53,7.3095,N/A,N/A,1617000,N/A,1.7947,N/A,1.559,N/A,7.6612,N/A,N/A,N/A,1219.92,N/A,N/A,2.0485,N/A,1.7584,N/A,10.2356,
2002-10-15,0.981,122.56,1.946,0.57277,30.775,7.4292,15.6466,0.631,245.27,3.4522,0.5959,0.413,4.055,32590,N/A,9.0695,228.655,41.993,1.4672,86.14,7.2975,N/A,N/A,1618000,N/A,1.7948,N/A,1.5531,N/A,7.6514,N/A,N/A,N/A,1231.16,N/A,N/A,2.0465,N/A,1.773,N/A,10.2552,
2002-10-14,0.9873,122.57,1.9461,0.57277,30.743,7.429,15.6466,0.6322,245.2,3.4524,0.5983,0.4134,4.0733,32710,N/A,9.095,228.655,41.995,1.4622,86.16,7.2815,N/A,N/A,1630000,N/A,1.8063,N/A,1.5648,N/A,7.7007,N/A,N/A,N/A,1238.07,N/A,N/A,2.0616,N/A,1.7783,N/A,10.3,
2002-10-11,0.9857,122.53,1.9461,0.57277,30.73,7.4293,15.6466,0.6321,244.93,3.4524,0.5973,0.4133,4.0702,32710,N/A,9.111,228.66,41.94,1.4636,86.11,7.283,N/A,N/A,1621000,N/A,1.7981,N/A,1.5648,N/A,7.6884,N/A,N/A,N/A,1237.35,N/A,N/A,2.0515,N/A,1.769,N/A,10.2771,
2002-10-10,0.9875,122.08,1.946,0.57277,30.617,7.4285,15.6466,0.6317,245.09,3.4528,0.5976,0.4134,4.0705,32703,N/A,9.172,228.575,42.055,1.4626,86.39,7.305,N/A,N/A,1627000,N/A,1.7998,N/A,1.5719,N/A,7.7023,N/A,N/A,N/A,1237.14,N/A,N/A,2.0571,N/A,1.7713,N/A,10.3391,
2002-10-09,0.9814,121.89,1.9461,0.57277,30.65,7.4275,15.6466,0.6318,245.95,3.4533,0.5958,0.4131,4.0923,32462,N/A,9.1561,228.59,42.14,1.4666,85.78,7.262,N/A,N/A,1619000,N/A,1.7925,N/A,1.5668,N/A,7.6546,N/A,N/A,N/A,1218.41,N/A,N/A,2.0461,N/A,1.7555,N/A,10.2949,
2002-10-08,0.98,121.73,1.9461,0.57277,30.338,7.4275,15.6466,0.6266,245.02,3.4533,0.5944,0.4124,4.0803,32358,N/A,9.1565,228.4512,41.945,1.4671,85.66,7.276,N/A,N/A,1614000,N/A,1.7878,N/A,1.559,N/A,7.6436,N/A,N/A,N/A,1217.16,N/A,N/A,2.0321,N/A,1.7532,N/A,10.2594,
2002-10-07,0.9808,121.84,1.9462,0.57277,30.287,7.4273,15.6466,0.6265,244.53,3.453,0.593,0.4124,4.0784,32378,N/A,9.0918,228.52,41.926,1.4621,85.36,7.2885,N/A,N/A,1612000,N/A,1.7832,N/A,1.5608,N/A,7.65,N/A,N/A,N/A,1211.97,N/A,N/A,2.0268,N/A,1.7578,N/A,10.2248,
2002-10-04,0.9865,121.11,1.947,0.57313,30.333,7.4285,15.6466,0.629,244.05,3.4531,0.5947,0.413,4.0935,32585,N/A,9.0906,228.525,41.996,1.4618,85.32,7.304,N/A,N/A,1613000,N/A,1.8024,N/A,1.5665,N/A,7.6944,N/A,N/A,N/A,1211.32,N/A,N/A,2.0653,N/A,1.7563,N/A,10.2744,
2002-10-03,0.989,121.47,1.9468,0.57313,30.363,7.4291,15.6466,0.6296,243.58,3.4531,0.5961,0.4132,4.0988,32712,N/A,9.096,228.4354,42.063,1.4597,85.13,7.3125,N/A,N/A,1621000,N/A,1.8179,N/A,1.5733,N/A,7.714,N/A,N/A,N/A,1211.92,N/A,N/A,2.0788,N/A,1.7654,N/A,10.2624,
2002-10-02,0.9835,120.94,1.9464,0.57303,30.363,7.4275,15.6466,0.6279,243.6,3.4524,0.5945,0.4127,4.0764,32555,N/A,9.07,228.435,42.065,1.4604,84.89,7.302,N/A,N/A,1615000,N/A,1.8067,N/A,1.5556,N/A,7.6709,N/A,N/A,N/A,1205.18,N/A,N/A,2.0732,N/A,1.7556,N/A,10.2363,
2002-10-01,0.9861,120.67,1.9462,0.57323,30.385,7.4274,15.6466,0.6277,243.27,3.4523,0.5951,0.4128,4.0811,32619,N/A,9.108,227.9173,41.69,1.4574,85.04,7.315,N/A,N/A,1641000,N/A,1.8185,N/A,1.5639,N/A,7.691,N/A,N/A,N/A,1210.63,N/A,N/A,2.0996,N/A,1.7614,N/A,10.3491,
2002-09-30,0.986,119.67,1.9469,0.57333,30.285,7.4274,15.6466,0.6295,243.8,3.4522,0.5941,0.4131,4.0926,32578,N/A,9.1516,228.305,41.805,1.4611,85.48,7.3415,N/A,N/A,1637000,N/A,1.8101,N/A,1.5566,N/A,7.6905,N/A,N/A,N/A,1204.89,N/A,N/A,2.0936,N/A,1.7542,N/A,10.4077,
2002-09-27,0.9779,119.81,1.9462,0.57389,30.302,7.4275,15.6466,0.6282,243.11,3.4522,0.5922,0.4125,4.064,32317,N/A,9.106,228.215,41.964,1.4666,85.27,7.3325,N/A,N/A,1619000,N/A,1.7948,N/A,1.5409,N/A,7.6275,N/A,N/A,N/A,1195.87,N/A,N/A,2.0747,N/A,1.739,N/A,10.3076,
2002-09-26,0.9796,120.22,1.9464,0.57392,30.322,7.4276,15.6466,0.6274,243.67,3.4521,0.5926,0.4125,4.0516,32384,N/A,9.1176,227.95,42.056,1.4644,85.82,7.322,N/A,N/A,1624000,N/A,1.8021,N/A,1.5461,N/A,7.6406,N/A,N/A,N/A,1198.64,N/A,N/A,2.0941,N/A,1.7476,N/A,10.3225,
2002-09-25,0.9771,119.99,1.9471,0.57386,30.377,7.4272,15.6466,0.6271,243.95,3.4524,0.5922,0.4124,4.051,32280,N/A,9.1035,228.2565,41.929,1.4645,85.37,7.3145,N/A,N/A,1612000,N/A,1.7913,N/A,1.5495,N/A,7.621,N/A,N/A,N/A,1197.44,N/A,N/A,2.0737,N/A,1.7431,N/A,10.4281,
2002-09-24,0.9828,121.02,1.9475,0.57386,30.292,7.427,15.6466,0.6311,243.52,3.4524,0.5949,0.4131,4.0718,32557,N/A,9.089,228.125,42.416,1.4626,85.17,7.321,N/A,N/A,1626000,N/A,1.8087,N/A,1.5617,N/A,7.6657,N/A,N/A,N/A,1197.54,N/A,N/A,2.0905,N/A,1.748,N/A,10.4963,
2002-09-23,0.9831,121.04,1.9478,0.57395,30.213,7.4297,15.6466,0.6319,243.15,3.4525,0.594,0.4132,4.0626,32658,N/A,9.058,228.1515,42.653,1.4636,86.08,7.355,N/A,N/A,1627000,N/A,1.7982,N/A,1.547,N/A,7.6681,N/A,N/A,N/A,1199.87,N/A,N/A,2.0862,N/A,1.7457,N/A,10.4508,
2002-09-20,0.979,120.66,1.9474,0.57366,29.967,7.4302,15.6466,0.6333,243.12,3.4525,0.592,0.4133,4.0517,32700,N/A,9.0937,228.28,43.131,1.4662,86.38,7.362,N/A,N/A,1627000,N/A,1.7919,N/A,1.5403,N/A,7.6359,N/A,N/A,N/A,1179.7,N/A,N/A,2.0772,N/A,1.7419,N/A,10.2942,
2002-09-19,0.9814,118.85,1.9462,0.57333,30.1,7.429,15.6466,0.6314,242.95,3.4525,0.5919,0.4129,4.0552,32593,N/A,9.0955,228.1936,43.212,1.4678,86.4,7.3245,N/A,N/A,1637000,N/A,1.7778,N/A,1.5416,N/A,7.6545,N/A,N/A,N/A,1181.9,N/A,N/A,2.064,N/A,1.7365,N/A,10.3489,
2002-09-18,0.9725,118.5,1.946,0.5732,30.21,7.4289,15.6466,0.6316,243.66,3.4522,0.5887,0.4122,4.0543,32282,N/A,9.1281,228.2114,43.384,1.469,86.27,7.3645,N/A,N/A,1622000,N/A,1.7764,N/A,1.543,N/A,7.5851,N/A,N/A,N/A,1174.78,N/A,N/A,2.0663,N/A,1.7248,N/A,10.3547,
2002-09-17,0.9649,118.64,1.9461,0.5732,30.38,7.4273,15.6466,0.6297,243.27,3.4524,0.5868,0.4122,4.028,32065,N/A,9.0978,228.2132,43.386,1.4717,85.25,7.356,N/A,N/A,1612000,N/A,1.7683,N/A,1.5217,N/A,7.5257,N/A,N/A,N/A,1175.92,N/A,N/A,2.06,N/A,1.7189,N/A,10.2747,
2002-09-16,0.9683,118.3,1.9463,0.57326,30.347,7.4266,15.6466,0.628,243.45,3.4524,0.5874,0.4121,4.0524,32063,N/A,9.1035,228.15,43.219,1.4684,84.86,7.3415,N/A,N/A,1621000,N/A,1.7692,N/A,1.5318,N/A,7.5522,N/A,N/A,N/A,1176.48,N/A,N/A,2.0601,N/A,1.7245,N/A,10.3366,
2002-09-13,0.981,117.94,1.9462,0.57326,30.107,7.4263,15.6466,0.6286,243.81,3.4524,0.5906,0.4127,4.083,32407,N/A,9.2475,228.0396,43.231,1.4679,84.97,7.359,N/A,N/A,1628000,N/A,1.7793,N/A,1.5521,N/A,7.651,N/A,N/A,N/A,1175.92,N/A,N/A,2.0635,N/A,1.7322,N/A,10.3409,
2002-09-12,0.9757,117.17,1.9461,0.57313,29.853,7.4257,15.6466,0.6274,243.51,3.4528,0.5878,0.4124,4.0727,32282,N/A,9.1761,228.0255,43.063,1.4656,84.65,7.371,N/A,N/A,1626000,N/A,1.7646,N/A,1.5425,N/A,7.61,N/A,N/A,N/A,1167.33,N/A,N/A,2.0539,N/A,1.7167,N/A,10.3741,
2002-09-11,0.9749,116.93,1.9461,0.57313,29.792,7.4258,15.6466,0.6264,243.59,3.4525,0.587,0.4122,4.0507,32202,N/A,9.1675,228.04,43.151,1.4624,84.59,7.379,N/A,N/A,1612000,N/A,1.7826,N/A,1.5386,N/A,7.6042,N/A,N/A,N/A,1167.44,N/A,N/A,2.076,N/A,1.7118,N/A,10.3695,
2002-09-10,0.976,116.44,1.9467,0.57303,29.903,7.4263,15.6466,0.6281,243.25,3.453,0.5876,0.4124,4.0503,32315,N/A,9.2085,227.955,43.16,1.4603,84.8,7.391,N/A,N/A,1634000,N/A,1.775,N/A,1.5315,N/A,7.613,N/A,N/A,N/A,1164.37,N/A,N/A,2.0715,N/A,1.7114,N/A,10.272,
2002-09-09,0.9794,116.79,1.9469,0.57303,30.027,7.4259,15.6466,0.6287,243.95,3.4534,0.5892,0.4127,4.0875,32430,N/A,9.2039,227.8788,43.22,1.4576,85.66,7.358,N/A,N/A,1608000,N/A,1.7935,N/A,1.529,N/A,7.6395,N/A,N/A,N/A,1167.25,N/A,N/A,2.0902,N/A,1.7151,N/A,10.2935,
2002-09-06,0.9918,117.32,1.9478,0.5731,30.187,7.4257,15.6466,0.63255,244.88,3.4535,0.5932,0.4137,4.1273,32743,N/A,9.2255,227.8284,43.266,1.459,86.31,7.3535,N/A,N/A,1610000,N/A,1.8222,N/A,1.5558,N/A,7.736,N/A,N/A,N/A,1181.23,N/A,N/A,2.1165,N/A,1.734,N/A,10.4868,
2002-09-05,0.9975,117.34,1.9477,0.5732,30.327,7.4269,15.6466,0.6354,245.19,3.4526,0.5954,0.4143,4.1269,32902,N/A,9.2951,227.8874,43.364,1.4582,86.85,7.3815,N/A,N/A,1622000,N/A,1.832,N/A,1.5691,N/A,7.7805,N/A,N/A,N/A,1183.04,N/A,N/A,2.1375,N/A,1.7406,N/A,10.5496,
2002-09-04,0.9947,117.05,1.9476,0.57307,30.393,7.4263,15.6466,0.6354,246.05,3.4528,0.5949,0.4142,4.0949,32872,N/A,9.344,227.8882,43.32,1.4646,87.77,7.4425,N/A,N/A,1619000,N/A,1.8262,N/A,1.5444,N/A,7.7585,N/A,N/A,N/A,1183.79,N/A,N/A,2.1339,N/A,1.737,N/A,10.6672,
2002-09-03,0.991,116.23,1.9482,0.57336,30.356,7.4261,15.6466,0.6363,245.18,3.4528,0.593,0.4141,4.0893,32793,N/A,9.2835,227.7253,43.235,1.4698,87.36,7.4375,N/A,N/A,1608000,N/A,1.8016,N/A,1.539,N/A,7.7297,N/A,N/A,N/A,1184.74,N/A,N/A,2.1055,N/A,1.7316,N/A,10.5955,
2002-09-02,0.9821,116.08,1.9475,0.57323,30.255,7.4256,15.6466,0.6343,244.63,3.4524,0.5903,0.4128,4.0585,32508,N/A,9.2303,227.6115,43.34,1.4714,86.81,7.3925,N/A,N/A,1594000,N/A,1.7803,N/A,1.5301,N/A,7.6603,N/A,N/A,N/A,1175.77,N/A,N/A,2.0891,N/A,1.7181,N/A,10.4004,
2002-08-30,0.9833,116.35,1.9482,0.57323,30.444,7.4252,15.6466,0.6352,245.2,3.4524,0.5907,0.4137,4.072,32689,N/A,9.1731,227.6933,43.41,1.4694,86.42,7.3815,N/A,N/A,1602000,N/A,1.78,N/A,1.5315,N/A,7.6697,N/A,N/A,N/A,1176.03,N/A,N/A,2.097,N/A,1.7195,N/A,10.3344,
2002-08-29,0.9843,116.04,1.9482,0.57356,30.551,7.4246,15.6466,0.6383,245.5,3.4524,0.5918,0.4141,4.0786,32788,N/A,9.1585,227.5537,43.524,1.4702,86.54,7.3945,N/A,N/A,1601000,N/A,1.783,N/A,1.534,N/A,7.6774,N/A,N/A,N/A,1176.83,N/A,N/A,2.098,N/A,1.722,N/A,10.4888,
2002-08-28,0.9826,116.02,1.9479,0.57356,30.667,7.4253,15.6466,0.6394,246.01,3.4525,0.5917,0.4142,4.086,32651,N/A,9.1425,227.3372,43.566,1.4706,85.43,7.381,N/A,N/A,1603000,N/A,1.7782,N/A,1.5283,N/A,7.6643,N/A,N/A,N/A,1174.21,N/A,N/A,2.082,N/A,1.7176,N/A,10.3817,
2002-08-27,0.9774,115.46,1.9473,0.57349,30.692,7.4253,15.6466,0.64,246.05,3.4525,0.5903,0.4141,4.0723,32477,N/A,9.134,226.6621,43.694,1.4697,85.4,7.3805,N/A,N/A,1598000,N/A,1.7666,N/A,1.5154,N/A,7.6236,N/A,N/A,N/A,1167.8,N/A,N/A,2.0727,N/A,1.7123,N/A,10.4103,
2002-08-26,0.9701,116.13,1.9477,0.57389,30.591,7.4252,15.6466,0.6382,245.4,3.4525,0.5883,0.4135,4.055,32164,N/A,9.1325,226.5232,43.61,1.4699,84.98,7.3895,N/A,N/A,1583000,N/A,1.7845,N/A,1.5097,N/A,7.5666,N/A,N/A,N/A,1168.97,N/A,N/A,2.0757,N/A,1.7054,N/A,10.4892,
2002-08-23,0.9697,116.3,1.9478,0.57353,30.87,7.4253,15.6466,0.6384,244.82,3.453,0.5878,0.4135,4.0682,32200,N/A,9.1999,227.4896,43.714,1.4724,83.97,7.4065,N/A,N/A,1588000,N/A,1.784,N/A,1.5105,N/A,7.5636,N/A,N/A,N/A,1161.22,N/A,N/A,2.074,N/A,1.7042,N/A,10.5576,
2002-08-22,0.977,116.24,1.9471,0.57349,31.035,7.4264,15.6466,0.6395,244.9,3.4526,0.5889,0.4146,4.0901,32348,N/A,9.152,227.2972,43.756,1.4691,83.98,7.396,N/A,N/A,1596000,N/A,1.8087,N/A,1.5224,N/A,7.6205,N/A,N/A,N/A,1161.36,N/A,N/A,2.1054,N/A,1.7142,N/A,10.6652,
2002-08-21,0.9762,115.81,1.9469,0.57349,30.818,7.4268,15.6466,0.6406,244.65,3.452,0.5883,0.4147,4.0519,32247,N/A,9.1671,226.9818,43.65,1.4692,83.66,7.3575,N/A,N/A,1589000,N/A,1.79,N/A,1.5308,N/A,7.6142,N/A,N/A,N/A,1163.63,N/A,N/A,2.0845,N/A,1.7083,N/A,10.6699,
2002-08-20,0.9792,116.3,1.9464,0.57343,30.675,7.4268,15.6466,0.6416,245.64,3.4525,0.5888,0.4151,4.0703,32406,N/A,9.1985,227.3318,43.63,1.4694,83.83,7.355,N/A,N/A,1598000,N/A,1.794,N/A,1.5387,N/A,7.6377,N/A,N/A,N/A,1165.25,N/A,N/A,2.0876,N/A,1.7124,N/A,10.4113,
2002-08-19,0.9799,116.15,1.9465,0.57326,30.96,7.4266,15.6466,0.638,246.44,3.4525,0.5884,0.4145,4.0837,32212,N/A,9.2218,227.4495,43.57,1.4673,83.79,7.382,N/A,N/A,1609000,N/A,1.8018,N/A,1.5249,N/A,7.6431,N/A,N/A,N/A,1169.02,N/A,N/A,2.099,N/A,1.7142,N/A,10.382,
2002-08-16,0.9825,115.37,1.9463,0.57326,31.163,7.4264,15.6466,0.6403,246.45,3.453,0.589,0.4153,4.1111,32417,N/A,9.2356,227.2656,43.695,1.4645,84.09,7.374,N/A,N/A,1607000,N/A,1.802,N/A,1.5315,N/A,7.6634,N/A,N/A,N/A,1163.18,N/A,N/A,2.1138,N/A,1.7161,N/A,10.4735,
2002-08-15,0.9777,114.82,1.9461,0.5729,31.307,7.4276,15.6466,0.6381,245.78,3.4531,0.5886,0.414,4.0812,32366,N/A,9.2153,227.3593,44.3,1.4626,83.94,7.429,N/A,N/A,1622000,N/A,1.8069,N/A,1.5252,N/A,7.6268,N/A,N/A,N/A,1159.55,N/A,N/A,2.105,N/A,1.7085,N/A,10.3959,
2002-08-14,0.9857,114.9,1.9461,0.57343,31.388,7.4278,15.6466,0.6394,246.67,3.4531,0.5918,0.4155,4.1086,32584,N/A,9.2853,227.1859,44.356,1.4596,84.81,7.448,N/A,N/A,1611000,N/A,1.8312,N/A,1.5426,N/A,7.6883,N/A,N/A,N/A,1169.04,N/A,N/A,2.133,N/A,1.72,N/A,10.4238,
2002-08-13,0.9799,116.54,1.9461,0.5733,31.293,7.4277,15.6466,0.6391,245.11,3.4532,0.5913,0.4148,4.1015,32308,N/A,9.259,227.3154,44.193,1.4644,84.38,7.4495,N/A,N/A,1602000,N/A,1.8217,N/A,1.5435,N/A,7.6431,N/A,N/A,N/A,1175.39,N/A,N/A,2.1243,N/A,1.7243,N/A,10.3659,
2002-08-12,0.978,116.53,1.9462,0.57379,31.036,7.4278,15.6466,0.6386,244.69,3.4527,0.5907,0.4146,4.0927,32182,N/A,9.282,227.2786,44.115,1.4618,83.77,7.466,N/A,N/A,1606000,N/A,1.8083,N/A,1.5368,N/A,7.6285,N/A,N/A,N/A,1173.6,N/A,N/A,2.1108,N/A,1.7191,N/A,10.2333,
2002-08-09,0.9729,117.17,1.9461,0.57412,30.973,7.4277,15.6466,0.6355,244.16,3.4523,0.5893,0.4136,4.0896,32166,N/A,9.312,227.2312,44.122,1.4588,83.24,7.4635,N/A,N/A,1595000,N/A,1.8153,N/A,1.529,N/A,7.5885,N/A,N/A,N/A,1166.02,N/A,N/A,2.1256,N/A,1.7188,N/A,10.1741,
2002-08-08,0.9687,116.92,1.9461,0.57412,30.723,7.4276,15.6466,0.6335,244.65,3.4523,0.5882,0.4129,4.0578,32036,N/A,9.2955,227.2814,43.926,1.4621,83.24,7.478,N/A,N/A,1583000,N/A,1.8113,N/A,1.5228,N/A,7.5557,N/A,N/A,N/A,1164.09,N/A,N/A,2.1292,N/A,1.7125,N/A,10.1315,
2002-08-07,0.9698,116.89,1.9461,0.57372,30.707,7.4276,15.6466,0.6311,244.5,3.4525,0.5884,0.4126,4.059,32100,N/A,9.3125,227.2338,44.214,1.459,83.1,7.508,N/A,N/A,1587000,N/A,1.8206,N/A,1.5313,N/A,7.5644,N/A,N/A,N/A,1167.15,N/A,N/A,2.1415,N/A,1.7168,N/A,10.1688,
2002-08-06,0.9689,117.12,1.9461,0.57372,30.333,7.4275,15.6466,0.6279,244.08,3.4523,0.588,0.4121,4.0605,32126,N/A,9.3565,227.1978,44.244,1.4546,83.14,7.5,N/A,N/A,1597000,N/A,1.8391,N/A,1.5486,N/A,7.5574,N/A,N/A,N/A,1166.56,N/A,N/A,2.1505,N/A,1.7172,N/A,10.3503,
2002-08-05,0.9836,117.1,1.9462,0.57389,30.493,7.4297,15.6466,0.6297,245.05,3.4522,0.5918,0.4139,4.1095,32435,N/A,9.4471,227.0077,44.424,1.4543,84.01,7.528,N/A,N/A,1608000,N/A,1.8327,N/A,1.5606,N/A,7.672,N/A,N/A,N/A,1172.94,N/A,N/A,2.1295,N/A,1.727,N/A,10.286,
2002-08-02,0.9873,117.62,1.947,0.57418,30.52,7.4295,15.6466,0.6295,245.97,3.4527,0.5929,0.4142,4.148,32525,N/A,9.4737,226.9765,44.465,1.4504,84.12,7.5075,N/A,N/A,1627000,N/A,1.8277,N/A,1.5688,N/A,7.7008,N/A,N/A,N/A,1164.32,N/A,N/A,2.1216,N/A,1.7297,N/A,10.0813,
2002-08-01,0.976,116.94,1.9468,0.57448,30.277,7.4291,15.6466,0.6274,244.95,3.4524,0.5895,0.4127,4.092,32130,N/A,9.3205,226.8914,44.23,1.4505,82.9,7.449,N/A,N/A,1646000,N/A,1.8121,N/A,1.5461,N/A,7.6127,N/A,N/A,N/A,1149.53,N/A,N/A,2.1074,N/A,1.7216,N/A,10.026,
2002-07-31,0.9783,117.42,1.947,0.57458,30.33,7.4291,15.6466,0.6261,245.2,3.4522,0.5906,0.4128,4.0925,32110,N/A,9.2445,227.0066,44.3,1.4546,83.58,7.427,N/A,N/A,1660000,N/A,1.7885,N/A,1.5425,N/A,7.6306,N/A,N/A,N/A,1152.44,N/A,N/A,2.0788,N/A,1.7254,N/A,9.9498,
2002-07-30,0.9835,117.64,1.9464,0.57504,30.243,7.4315,15.6466,0.6294,244.4,3.4522,0.5921,0.4138,4.0802,32335,N/A,9.2235,226.9728,44.39,1.4579,84.07,7.505,N/A,N/A,1662000,N/A,1.8055,N/A,1.5456,N/A,7.6712,N/A,N/A,N/A,1163.58,N/A,N/A,2.0863,N/A,1.7341,N/A,10.0076,
2002-07-29,0.9821,117.42,1.9462,0.57524,30.425,7.4328,15.6466,0.6285,244.45,3.4525,0.5915,0.4135,4.0655,32227,N/A,9.262,226.8919,44.42,1.4529,83.77,7.505,N/A,N/A,1667000,N/A,1.8213,N/A,1.5527,N/A,7.6602,N/A,N/A,N/A,1168.7,N/A,N/A,2.107,N/A,1.7324,N/A,9.9968,
2002-07-26,1.0008,117.55,1.9466,0.57524,30.672,7.4339,15.6466,0.6337,245.05,3.4525,0.5978,0.4161,4.092,32715,N/A,9.4421,227.0791,44.501,1.4502,85.33,7.563,N/A,N/A,1682000,N/A,1.8548,N/A,1.5722,N/A,7.8061,N/A,N/A,N/A,1181.34,N/A,N/A,2.1555,N/A,1.7587,N/A,10.1731,
2002-07-25,1.0014,116.8,1.9463,0.57521,30.34,7.4337,15.6466,0.636,244.45,3.4525,0.5977,0.4166,4.0833,32843,N/A,9.4182,226.856,44.724,1.4494,85.39,7.547,N/A,N/A,1684000,N/A,1.8495,N/A,1.5713,N/A,7.8108,N/A,N/A,N/A,1162.53,N/A,N/A,2.1451,N/A,1.7469,N/A,10.1993,
2002-07-24,0.9915,115.72,1.9464,0.57501,30.265,7.4344,15.6466,0.6331,246.35,3.4526,0.5929,0.4151,4.085,32487,N/A,9.5451,227.0066,44.634,1.4517,84.72,7.5485,N/A,N/A,1677000,N/A,1.8494,N/A,1.5742,N/A,7.7336,N/A,N/A,N/A,1155.2,N/A,N/A,2.1401,N/A,1.731,N/A,10.1416,
2002-07-23,0.991,116.37,1.9477,0.57494,30.18,7.4331,15.6466,0.6329,244.74,3.4524,0.5932,0.4151,4.057,32943,N/A,9.4645,226.684,44.565,1.4549,85.39,7.548,N/A,N/A,1665000,N/A,1.823,N/A,1.5625,N/A,7.7297,N/A,N/A,N/A,1152.63,N/A,N/A,2.0763,N/A,1.729,N/A,10.0126,
2002-07-22,1.0086,117.33,1.9499,0.57657,30.31,7.4322,15.6466,0.6411,244.9,3.453,0.6005,0.418,4.052,32990,N/A,9.4794,227.0215,44.86,1.4559,85.4,7.482,N/A,N/A,1691000,N/A,1.8243,N/A,1.5596,N/A,7.867,N/A,N/A,N/A,1165.54,N/A,N/A,2.082,N/A,1.7488,N/A,10.0986,
2002-07-19,1.0146,117.74,1.9494,0.57657,29.997,7.4315,15.6466,0.643,244.8,3.4525,0.6026,0.4189,4.0997,33200,N/A,9.3665,226.4019,44.754,1.4635,84.65,7.438,N/A,N/A,1694000,N/A,1.8271,N/A,1.5563,N/A,7.9138,N/A,N/A,N/A,1177.54,N/A,N/A,2.0926,N/A,1.757,N/A,10.075,
2002-07-18,1.0058,117.7,1.9485,0.5765,29.727,7.4322,15.6466,0.6428,244.85,3.4533,0.5996,0.418,4.0783,33167,N/A,9.278,226.9361,44.694,1.4642,84.27,7.381,N/A,N/A,1677000,N/A,1.8225,N/A,1.5502,N/A,7.8452,N/A,N/A,N/A,1171.56,N/A,N/A,2.09,N/A,1.7532,N/A,10.1195,
2002-07-17,1.0064,117.39,1.9462,0.5772,29.713,7.4298,15.6466,0.6432,246.37,3.4533,0.5994,0.4181,4.1332,33070,N/A,9.3234,226.5522,44.775,1.466,84.19,7.3775,N/A,N/A,1672000,N/A,1.8143,N/A,1.5512,N/A,7.8499,N/A,N/A,N/A,1179.3,N/A,N/A,2.085,N/A,1.7512,N/A,10.1546,
2002-07-16,1.0127,117.18,1.9463,0.5774,29.505,7.4288,15.6466,0.6438,247.55,3.4533,0.6012,0.4189,4.225,33447,N/A,9.304,226.7795,44.715,1.4675,84.98,7.3725,N/A,N/A,1718000,N/A,1.8054,N/A,1.5574,N/A,7.8989,N/A,N/A,N/A,1176.55,N/A,N/A,2.0805,N/A,1.7568,N/A,10.2151,
2002-07-15,1.0024,116.22,1.9466,0.57753,29.36,7.4289,15.6466,0.6413,246.55,3.4532,0.5975,0.4175,4.1943,33073,N/A,9.24,226.7767,44.563,1.4694,85.24,7.357,N/A,N/A,1697000,N/A,1.7839,N/A,1.5371,N/A,7.8186,N/A,N/A,N/A,1169.4,N/A,N/A,2.0518,N/A,1.7432,N/A,10.0501,
2002-07-12,0.9873,115.62,1.9462,0.57767,29.337,7.4282,15.6466,0.6382,246.53,3.453,0.5925,0.4155,4.1263,32665,N/A,9.228,226.1963,44.599,1.4681,85.18,7.329,N/A,N/A,1637000,N/A,1.7647,N/A,1.5063,N/A,7.7008,N/A,N/A,N/A,1157.91,N/A,N/A,2.042,N/A,1.7259,N/A,9.8927,
2002-07-11,0.9836,115.43,1.9461,0.57813,29.275,7.4279,15.6466,0.6379,249.1,3.4527,0.5918,0.4151,4.0965,32537,N/A,9.2757,226.161,44.651,1.4673,85.17,7.285,N/A,N/A,1649000,N/A,1.766,N/A,1.5001,N/A,7.6719,N/A,N/A,N/A,1160.11,N/A,N/A,2.047,N/A,1.724,N/A,9.9184,
2002-07-10,0.9898,116.7,1.9461,0.57817,28.959,7.428,15.6466,0.6396,252.23,3.4533,0.5948,0.4159,4.141,32660,N/A,9.2402,226.1465,44.476,1.4719,85.18,7.296,N/A,N/A,1650000,N/A,1.7405,N/A,1.5034,N/A,7.7203,N/A,N/A,N/A,1157.47,N/A,N/A,2.0114,N/A,1.7333,N/A,9.9064,
2002-07-09,0.993,117.32,1.9461,0.5785,29.13,7.4278,15.6466,0.6425,253.6,3.4533,0.5965,0.4167,4.1873,32853,N/A,9.185,226.6885,44.341,1.4721,85.37,7.3095,N/A,N/A,1653000,N/A,1.7536,N/A,1.511,N/A,7.7451,N/A,N/A,N/A,1174.02,N/A,N/A,2.0185,N/A,1.7446,N/A,9.9598,
2002-07-08,0.9828,116.8,1.947,0.57931,29.333,7.4283,15.6466,0.6422,251.18,3.4533,0.5926,0.4156,4.0938,32597,N/A,9.1587,226.2177,44.424,1.4688,84.96,7.305,N/A,N/A,1630000,N/A,1.7445,N/A,1.497,N/A,7.6657,N/A,N/A,N/A,1169.53,N/A,N/A,2.0059,N/A,1.7327,N/A,9.998,
2002-07-05,0.9725,116.98,1.9473,0.57931,29.257,7.4278,15.6466,0.6412,250.05,3.4531,0.5898,0.4144,4.0428,32312,N/A,9.1253,226.1348,44.426,1.4659,84.57,7.307,N/A,N/A,1559000,N/A,1.745,N/A,1.4875,N/A,7.5853,N/A,N/A,N/A,1171.72,N/A,N/A,2.0053,N/A,1.7228,N/A,9.7809,
2002-07-04,0.979,117.46,1.9485,0.57931,29.407,7.4279,15.6466,0.6414,248.55,3.4532,0.5922,0.4151,4.0344,32499,N/A,9.1285,226.1842,44.414,1.4646,84.76,7.3225,N/A,N/A,1591000,N/A,1.7608,N/A,1.4995,N/A,7.6362,N/A,N/A,N/A,1175.29,N/A,N/A,2.0152,N/A,1.7308,N/A,9.9907,
2002-07-03,0.978,117.44,1.9512,0.57937,29.378,7.4283,15.6466,0.6421,245.15,3.4527,0.5919,0.4151,4.0081,32586,N/A,9.1293,226.1949,44.201,1.462,84.66,7.3415,N/A,N/A,1599000,N/A,1.7526,N/A,1.4943,N/A,7.6284,N/A,N/A,N/A,1171.45,N/A,N/A,2.008,N/A,1.7322,N/A,9.9438,
2002-07-02,0.9838,118.51,1.9509,0.57931,29.318,7.4283,15.6466,0.6432,244.32,3.4525,0.5942,0.4159,3.9541,32782,N/A,9.0441,226.1952,44.023,1.4663,85.43,7.3535,N/A,N/A,1582000,N/A,1.7563,N/A,1.5032,N/A,7.6736,N/A,N/A,N/A,1186.22,N/A,N/A,2.0218,N/A,1.7444,N/A,9.929,
2002-07-01,0.9913,118.72,1.951,0.57954,29.253,7.4278,15.6466,0.6469,244.13,3.4526,0.5969,0.4171,4.0072,33041,N/A,9.079,226.1959,43.909,1.4699,85.89,7.414,N/A,N/A,1567000,N/A,1.7667,N/A,1.504,N/A,7.732,N/A,N/A,N/A,1190.55,N/A,N/A,2.04,N/A,1.7509,N/A,9.8094,
2002-06-28,0.9975,118.2,1.9517,0.57974,29.267,7.4292,15.6466,0.6498,244.93,3.4523,0.5989,0.4182,4.0598,33408,N/A,9.1015,226.5672,43.92,1.4721,86.18,7.4305,N/A,N/A,1578000,N/A,1.7702,N/A,1.5005,N/A,7.7805,N/A,N/A,N/A,1188.32,N/A,N/A,2.0397,N/A,1.7586,N/A,10.3043,
2002-06-27,0.9824,118.07,1.9484,0.58038,29.73,7.4281,15.6466,0.646,244.45,3.4522,0.5922,0.4162,3.9755,32930,N/A,9.0736,225.9877,43.985,1.4722,86.07,7.398,N/A,N/A,1567000,N/A,1.743,N/A,1.4844,N/A,7.6627,N/A,N/A,N/A,1171.02,N/A,N/A,2.0096,N/A,1.7363,N/A,10.1373,
2002-06-26,0.9917,118.54,1.9462,0.58011,29.91,7.4304,15.6466,0.6491,244.5,3.4522,0.5942,0.4174,3.975,33107,N/A,9.0965,226.1586,44.38,1.4658,87.07,7.365,N/A,N/A,1625000,N/A,1.727,N/A,1.4995,N/A,7.7352,N/A,N/A,N/A,1183.1,N/A,N/A,1.996,N/A,1.7466,N/A,10.2448,
2002-06-25,0.9712,118.2,1.9461,0.57998,29.847,7.4283,15.6466,0.6464,243.44,3.4519,0.5884,0.415,3.9076,32449,N/A,9.0245,226.2741,44.271,1.4688,85.89,7.345,N/A,N/A,1532000,N/A,1.7026,N/A,1.4777,N/A,7.5753,N/A,N/A,N/A,1178.55,N/A,N/A,1.9867,N/A,1.7203,N/A,10.0635,
2002-06-24,0.9781,118.62,1.9463,0.58005,30.27,7.4301,15.6466,0.6501,244.45,3.4521,0.5906,0.4165,3.9322,32588,N/A,9.0978,226.2657,44.416,1.4694,86.21,7.4005,N/A,N/A,1558000,N/A,1.6952,N/A,1.4836,N/A,7.6291,N/A,N/A,N/A,1176.17,N/A,N/A,1.9605,N/A,1.7271,N/A,10.181,
2002-06-21,0.9636,117.92,1.9466,0.57998,30.307,7.4325,15.6466,0.6444,244.28,3.453,0.5861,0.4139,3.8763,32115,N/A,9.0445,226.2744,44.369,1.4693,85.41,7.376,N/A,N/A,1518000,N/A,1.6831,N/A,1.4728,N/A,7.516,N/A,N/A,N/A,1165.38,N/A,N/A,1.9486,N/A,1.7088,N/A,10.1081,
2002-06-20,0.9592,118.68,1.9464,0.57968,30.52,7.4327,15.6466,0.6422,243.65,3.4519,0.5849,0.4132,3.8648,31953,N/A,9.0585,226.1849,44.336,1.47,85.3,7.3505,N/A,N/A,1478000,N/A,1.686,N/A,1.4737,N/A,7.4817,N/A,N/A,N/A,1165.33,N/A,N/A,1.959,N/A,1.7065,N/A,9.7766,
2002-06-19,0.9561,118.37,1.9468,0.57968,30.467,7.432,15.6466,0.6408,243.42,3.4523,0.5839,0.4126,3.8412,31901,N/A,9.078,226.1154,44.334,1.474,85.37,7.376,N/A,N/A,1488000,N/A,1.6891,N/A,1.4747,N/A,7.4575,N/A,N/A,N/A,1176.19,N/A,N/A,1.9602,N/A,1.7076,N/A,9.8,
2002-06-18,0.9484,118.13,1.9464,0.57984,30.482,7.4322,15.6466,0.6393,242.94,3.4521,0.5813,0.4109,3.828,31743,N/A,9.0588,226.0961,44.429,1.4762,84.62,7.421,N/A,N/A,1505000,N/A,1.6836,N/A,1.4635,N/A,7.3975,N/A,N/A,N/A,1160.84,N/A,N/A,1.9439,N/A,1.6999,N/A,9.7927,
2002-06-17,0.9426,117.1,1.9462,0.58032,30.49,7.4349,15.6466,0.6386,242.33,3.4523,0.5793,0.4109,3.8143,31480,N/A,9.0785,226.0561,44.67,1.4765,84.4,7.415,N/A,N/A,1509000,N/A,1.6899,N/A,1.4594,N/A,7.3521,N/A,N/A,N/A,1159.4,N/A,N/A,1.9542,N/A,1.6867,N/A,9.9951,
2002-06-14,0.9478,117.75,1.9478,0.58032,30.397,7.4371,15.6466,0.642,241.96,3.4524,0.5814,0.4119,3.8217,31709,N/A,9.1664,226.0296,44.61,1.4752,84.85,7.4155,N/A,N/A,1476000,N/A,1.672,N/A,1.4648,N/A,7.3928,N/A,N/A,N/A,1162.1,N/A,N/A,1.9443,N/A,1.694,N/A,9.8512,
2002-06-13,0.9417,118.24,1.9472,0.58032,30.48,7.4364,15.6466,0.6404,241.29,3.4527,0.5794,0.411,3.7937,31459,N/A,9.1413,225.9614,44.454,1.4762,84.64,7.413,N/A,N/A,1463000,N/A,1.6568,N/A,1.4491,N/A,7.3451,N/A,N/A,N/A,1152.26,N/A,N/A,1.9246,N/A,1.68,N/A,9.6618,
2002-06-12,0.9452,118.73,1.9493,0.58025,30.38,7.4363,15.6466,0.6431,241.25,3.4526,0.5815,0.4118,3.8112,31510,N/A,9.1678,225.9489,44.505,1.4774,84.93,7.413,N/A,N/A,1468000,N/A,1.6594,N/A,1.4541,N/A,7.3723,N/A,N/A,N/A,1162.6,N/A,N/A,1.9255,N/A,1.6898,N/A,9.6179,
2002-06-11,0.9417,118.14,1.9505,0.58025,30.42,7.4361,15.6466,0.643,241.16,3.4525,0.5801,0.412,3.8077,31427,N/A,9.1515,225.865,44.46,1.4752,84.7,7.424,N/A,N/A,1422000,N/A,1.6623,N/A,1.4516,N/A,7.345,N/A,N/A,N/A,1144.64,N/A,N/A,1.9355,N/A,1.6868,N/A,9.4348,
2002-06-10,0.9459,117.93,1.9513,0.58075,30.603,7.4361,15.6466,0.6473,241.6,3.4532,0.5821,0.4124,3.8153,31582,N/A,9.2104,225.8757,44.641,1.4725,84.92,7.4255,N/A,N/A,1394000,N/A,1.6583,N/A,1.4527,N/A,7.3778,N/A,N/A,N/A,1154.47,N/A,N/A,1.9365,N/A,1.696,N/A,9.4259,
2002-06-07,0.9452,117.56,1.9524,0.58069,30.622,7.4351,15.6466,0.6465,241.52,3.4528,0.5821,0.4121,3.7942,31503,N/A,9.2247,225.6973,44.601,1.471,84.81,7.443,N/A,N/A,1371000,N/A,1.6482,N/A,1.4475,N/A,7.3725,N/A,N/A,N/A,1150.5,N/A,N/A,1.9268,N/A,1.6949,N/A,9.2776,
2002-06-06,0.9386,117.13,1.9517,0.58008,30.55,7.4346,15.6466,0.6438,240.52,3.4527,0.5797,0.4111,3.7698,31309,N/A,9.152,225.8761,44.434,1.4744,84.68,7.389,N/A,N/A,1356000,N/A,1.6401,N/A,1.4366,N/A,7.3208,N/A,N/A,N/A,1139.74,N/A,N/A,1.9166,N/A,1.6885,N/A,9.2921,
2002-06-05,0.9371,116.55,1.9521,0.57991,30.483,7.4334,15.6466,0.643,241.68,3.4525,0.5795,0.4108,3.7679,31215,N/A,9.1268,225.7521,44.276,1.4704,85.02,7.4035,N/A,N/A,1350000,N/A,1.636,N/A,1.4375,N/A,7.3092,N/A,N/A,N/A,1137.92,N/A,N/A,1.9193,N/A,1.6821,N/A,9.2362,
2002-06-04,0.9435,116.44,1.953,0.57988,30.365,7.4333,15.6466,0.645,242.63,3.4529,0.5811,0.4118,3.7939,31537,N/A,9.1451,225.6141,43.795,1.4682,85.38,7.4435,N/A,N/A,1358000,N/A,1.64,N/A,1.4417,N/A,7.3591,N/A,N/A,N/A,1141.73,N/A,N/A,1.9158,N/A,1.6831,N/A,9.1449,
2002-06-03,0.9313,115.67,1.9503,0.57911,30.405,7.4313,15.6466,0.6402,242.29,3.4524,0.5782,0.4097,3.7532,31232,N/A,9.0748,225.505,43.615,1.4673,85.24,7.4385,N/A,N/A,1362000,N/A,1.6424,N/A,1.4287,N/A,7.264,N/A,N/A,N/A,1142.15,N/A,N/A,1.9302,N/A,1.6642,N/A,9.1314,
2002-05-31,0.9387,116.39,1.9521,0.57897,30.418,7.4323,15.6466,0.6405,242.6,3.4524,0.5815,0.4107,3.7783,31447,N/A,9.107,225.4898,43.67,1.4644,85.77,7.478,N/A,N/A,1357000,N/A,1.6514,N/A,1.4382,N/A,7.3216,N/A,N/A,N/A,1139.96,N/A,N/A,1.9441,N/A,1.6758,N/A,9.1903,
2002-05-30,0.9375,115.76,1.9535,0.5786,30.467,7.434,15.6466,0.6395,243.34,3.4523,0.5809,0.4104,3.7675,31426,N/A,9.1133,225.5733,43.688,1.4657,86.05,7.434,N/A,N/A,1337000,N/A,1.66,N/A,1.4383,N/A,7.3123,N/A,N/A,N/A,1141.41,N/A,N/A,1.9658,N/A,1.6725,N/A,9.1036,
2002-05-29,0.932,115.87,1.9535,0.57837,30.62,7.4365,15.6466,0.6373,243.75,3.4523,0.5791,0.4094,3.774,31227,N/A,9.1575,225.2843,43.714,1.4658,85.7,7.406,N/A,N/A,1321000,N/A,1.6494,N/A,1.4244,N/A,7.2695,N/A,N/A,N/A,1141.05,N/A,N/A,1.9541,N/A,1.6694,N/A,9.1871,
2002-05-28,0.9255,115.31,1.9533,0.57844,30.517,7.4363,15.6466,0.6344,243.22,3.4527,0.5764,0.4083,3.7567,31074,N/A,9.1392,225.3461,43.734,1.4627,85.51,7.404,N/A,N/A,1303000,N/A,1.6503,N/A,1.4184,N/A,7.2188,N/A,N/A,N/A,1136.05,N/A,N/A,1.9449,N/A,1.66,N/A,9.2064,
2002-05-27,0.919,114.83,1.9527,0.5784,30.627,7.436,15.6466,0.6318,242.45,3.4525,0.5722,0.4072,3.7541,30862,N/A,9.1416,225.3786,43.543,1.459,84.82,7.44,N/A,N/A,1291000,N/A,1.6516,N/A,1.4114,N/A,7.168,N/A,N/A,N/A,1124.21,N/A,N/A,1.9419,N/A,1.6524,N/A,9.2038,
2002-05-24,0.9188,114.94,1.9528,0.5784,30.593,7.4368,15.6466,0.6327,242.91,3.4524,0.572,0.4072,3.7597,30842,N/A,9.1128,225.2851,43.616,1.458,84.9,7.4435,N/A,N/A,1299000,N/A,1.6578,N/A,1.4157,N/A,7.1664,N/A,N/A,N/A,1133.06,N/A,N/A,1.963,N/A,1.6546,N/A,9.1558,
2002-05-23,0.9213,115.28,1.953,0.57884,30.631,7.438,15.6466,0.6323,242.35,3.4523,0.5733,0.4074,3.7757,30951,N/A,9.1273,225.2625,43.795,1.4537,85.46,7.483,N/A,N/A,1306000,N/A,1.6598,N/A,1.4162,N/A,7.1859,N/A,N/A,N/A,1138.82,N/A,N/A,1.9635,N/A,1.6614,N/A,9.3243,
2002-05-22,0.926,115.15,1.9533,0.57884,30.937,7.4391,15.6466,0.634,243.07,3.4522,0.5752,0.4083,3.7837,31048,N/A,9.1694,225.1129,43.877,1.4526,85.71,7.505,N/A,N/A,1306000,N/A,1.6598,N/A,1.4251,N/A,7.2225,N/A,N/A,N/A,1145.65,N/A,N/A,1.9605,N/A,1.6605,N/A,9.354,
2002-05-21,0.9213,115.02,1.9533,0.57877,30.73,7.4378,15.6466,0.6321,245.86,3.4522,0.5731,0.4073,3.7748,30884,N/A,9.1733,225.3108,43.7,1.4525,84.53,7.536,N/A,N/A,1307000,N/A,1.6591,N/A,1.4169,N/A,7.1887,N/A,N/A,N/A,1146.65,N/A,N/A,1.973,N/A,1.651,N/A,9.2867,
2002-05-20,0.9202,115.59,1.9528,0.5782,30.588,7.4377,15.6466,0.6302,245.98,3.4524,0.5721,0.4072,3.7698,30833,N/A,9.2125,225.2957,43.27,1.4538,84.27,7.551,N/A,N/A,1320000,N/A,1.6684,N/A,1.4182,N/A,7.1765,N/A,N/A,N/A,1148.96,N/A,N/A,1.9764,N/A,1.6495,N/A,9.248,
2002-05-17,0.9152,115.65,1.9524,0.57864,30.458,7.4371,15.6466,0.6279,245.06,3.4525,0.5705,0.4062,3.7685,30638,N/A,9.219,224.9307,43.085,1.4568,84.03,7.545,N/A,N/A,1319000,N/A,1.6605,N/A,1.4189,N/A,7.1375,N/A,N/A,N/A,1150.04,N/A,N/A,1.9767,N/A,1.6431,N/A,9.1978,
2002-05-16,0.9124,116.3,1.9521,0.57864,30.353,7.4364,15.6466,0.6253,244.45,3.4528,0.5699,0.4055,3.7315,30591,N/A,9.2315,225.0549,42.875,1.4559,83.41,7.541,N/A,N/A,1289000,N/A,1.661,N/A,1.4184,N/A,7.1155,N/A,N/A,N/A,1154,N/A,N/A,1.982,N/A,1.6439,N/A,9.2381,
2002-05-15,0.903,115.83,1.9491,0.5786,30.327,7.4351,15.6466,0.6228,243.62,3.4522,0.5657,0.404,3.6742,30276,N/A,9.213,225.269,42.615,1.4562,82.77,7.536,N/A,N/A,1255000,N/A,1.6533,N/A,1.4081,N/A,7.0426,N/A,N/A,N/A,1149.07,N/A,N/A,1.9777,N/A,1.6321,N/A,9.2693,
2002-05-14,0.9062,116.17,1.9512,0.57847,30.522,7.4351,15.6466,0.624,244.62,3.4524,0.5672,0.4046,3.7228,30318,N/A,9.2895,225.4275,42.518,1.4554,83.14,7.5475,N/A,N/A,1270000,N/A,1.6596,N/A,1.4127,N/A,7.0675,N/A,N/A,N/A,1154.77,N/A,N/A,1.9895,N/A,1.636,N/A,9.1689,
2002-05-13,0.9118,116.42,1.9519,0.57867,30.628,7.4366,15.6466,0.6244,243.95,3.4523,0.5689,0.4053,3.674,30481,N/A,9.343,224.874,42.52,1.4543,83.24,7.548,N/A,N/A,1268000,N/A,1.6686,N/A,1.4199,N/A,7.1112,N/A,N/A,N/A,1164.64,N/A,N/A,2.002,N/A,1.6455,N/A,9.2648,
2002-05-10,0.9118,116.6,1.9525,0.57857,30.615,7.436,15.6466,0.6239,244.35,3.4524,0.5688,0.4052,3.6588,30451,N/A,9.3055,224.9177,42.568,1.4547,83.31,7.5645,N/A,N/A,1257000,N/A,1.677,N/A,1.4234,N/A,7.1113,N/A,N/A,N/A,1162.55,N/A,N/A,2.016,N/A,1.6467,N/A,9.3845,
2002-05-09,0.9061,116.6,1.9512,0.57857,30.487,7.4351,15.6466,0.6221,243.99,3.452,0.5674,0.4043,3.639,30260,N/A,9.3086,225.3225,42.428,1.4547,83.46,7.58,N/A,N/A,1255000,N/A,1.6753,N/A,1.4222,N/A,7.0667,N/A,N/A,N/A,1157.09,N/A,N/A,2.0129,N/A,1.6414,N/A,9.3645,
2002-05-08,0.9088,116.86,1.9514,0.57847,30.42,7.4343,15.6466,0.6227,242.98,3.4524,0.5685,0.4046,3.6295,30251,N/A,9.312,225.2634,42.205,1.4563,83.62,7.5815,N/A,N/A,1249000,N/A,1.678,N/A,1.4238,N/A,7.0875,N/A,N/A,N/A,1163.26,N/A,N/A,2.0162,N/A,1.6437,N/A,9.3016,
2002-05-07,0.9125,116.97,1.9515,0.57773,30.407,7.4338,15.6466,0.623,243.65,3.4524,0.5697,0.4052,3.6105,30433,N/A,9.3725,225.3362,42.125,1.4592,82.74,7.623,N/A,N/A,1253000,N/A,1.6867,N/A,1.4322,N/A,7.1169,N/A,N/A,N/A,1162.98,N/A,N/A,2.0366,N/A,1.6503,N/A,9.312,
2002-05-06,0.9144,116.34,1.9515,0.57882,30.532,7.4347,15.6466,0.623,243.63,3.4524,0.57,0.4054,3.6288,30557,N/A,9.2753,225.1882,42.12,1.4563,83.49,7.587,N/A,N/A,1260000,N/A,1.6982,N/A,1.431,N/A,7.1315,N/A,N/A,N/A,1166.96,N/A,N/A,2.0429,N/A,1.6484,N/A,9.5052,
2002-05-03,0.9083,115.55,1.9514,0.57825,30.643,7.4334,15.6466,0.6192,244.32,3.4525,0.5672,0.4041,3.6465,30342,N/A,9.2645,225.1646,42.234,1.4548,83.85,7.5645,N/A,N/A,1239000,N/A,1.6876,N/A,1.4165,N/A,7.084,N/A,N/A,N/A,1161.72,N/A,N/A,2.0284,N/A,1.6389,N/A,9.5272,
2002-05-02,0.9032,115.51,1.9515,0.57847,30.618,7.4318,15.6466,0.6179,243.37,3.4523,0.5656,0.4034,3.5997,30182,N/A,9.2685,224.9723,42.15,1.4564,83.91,7.557,N/A,N/A,1236000,N/A,1.6824,N/A,1.4123,N/A,7.044,N/A,N/A,N/A,1158.81,N/A,N/A,2.0213,N/A,1.6363,N/A,9.4655,
2002-04-30,0.9008,115.66,1.9513,0.57847,30.64,7.434,15.6466,0.6188,243.15,3.4526,0.5648,0.4033,3.6037,30112,N/A,9.254,224.9846,42.161,1.4621,84.44,7.573,N/A,N/A,1209000,N/A,1.6772,N/A,1.4126,N/A,7.0255,N/A,N/A,N/A,1161.13,N/A,N/A,2.0163,N/A,1.6318,N/A,9.616,
2002-04-29,0.9038,115.69,1.951,0.57787,30.523,7.4335,15.6466,0.6186,242.55,3.4526,0.5663,0.4035,3.592,30183,N/A,9.24,224.9921,42.175,1.4637,84.72,7.5745,N/A,N/A,1205000,N/A,1.6689,N/A,1.413,N/A,7.0489,N/A,N/A,N/A,1164.09,N/A,N/A,2.0122,N/A,1.6339,N/A,9.5814,
2002-04-26,0.8971,115.22,1.9504,0.5773,30.327,7.4336,15.6466,0.6177,242.85,3.4525,0.5639,0.4026,3.599,29940,N/A,9.231,224.7882,41.935,1.4644,83.83,7.5745,N/A,N/A,1217000,N/A,1.6507,N/A,1.4034,N/A,6.9968,N/A,N/A,N/A,1159.59,N/A,N/A,1.9965,N/A,1.6223,N/A,9.6348,
2002-04-25,0.8969,115.27,1.949,0.57667,30.385,7.4339,15.6466,0.6178,242.92,3.4524,0.5641,0.4027,3.6108,29900,N/A,9.2307,224.9638,41.91,1.4647,84.45,7.585,N/A,N/A,1226000,N/A,1.6471,N/A,1.4032,N/A,6.9952,N/A,N/A,N/A,1159.33,N/A,N/A,1.989,N/A,1.6249,N/A,9.7358,
2002-04-24,0.8892,115.43,1.9504,0.57634,30.27,7.4327,15.6466,0.615,240.73,3.4525,0.5608,0.4013,3.5975,29632,N/A,9.1707,224.8232,41.912,1.4656,84.05,7.6235,N/A,N/A,1187000,N/A,1.6475,N/A,1.3959,N/A,6.9352,N/A,N/A,N/A,1157.74,N/A,N/A,1.9915,N/A,1.6155,N/A,9.7456,
2002-04-23,0.8872,115.42,1.9504,0.57604,30.137,7.4314,15.6466,0.6132,240.75,3.4526,0.5602,0.4008,3.5852,29575,N/A,9.1913,224.871,41.725,1.4684,85.43,7.5925,N/A,N/A,1179000,N/A,1.6492,N/A,1.3953,N/A,6.9195,N/A,N/A,N/A,1154.51,N/A,N/A,1.99,N/A,1.614,N/A,9.6927,
2002-04-22,0.8882,115.36,1.9502,0.57604,30.179,7.4319,15.6466,0.6138,241.76,3.4533,0.5606,0.401,3.5885,29617,N/A,9.208,224.6127,41.633,1.4667,85.64,7.6095,N/A,N/A,1173000,N/A,1.6464,N/A,1.3974,N/A,6.9274,N/A,N/A,N/A,1158.04,N/A,N/A,1.9886,N/A,1.613,N/A,9.768,
2002-04-19,0.8886,115.92,1.9495,0.57584,30.15,7.4344,15.6466,0.6144,242.25,3.4533,0.5609,0.4011,3.5877,29492,N/A,9.1671,224.6264,41.63,1.4673,85.78,7.604,N/A,N/A,1159000,N/A,1.6464,N/A,1.3992,N/A,6.9305,N/A,N/A,N/A,1161.58,N/A,N/A,1.9857,N/A,1.6198,N/A,9.8468,
2002-04-18,0.8895,116.09,1.9484,0.57561,30.297,7.4344,15.6466,0.6154,241.85,3.4531,0.5611,0.4014,3.5905,29462,N/A,9.1535,224.4771,41.673,1.4685,86.4,7.634,N/A,N/A,1163000,N/A,1.6528,N/A,1.3986,N/A,6.9376,N/A,N/A,N/A,1163.64,N/A,N/A,1.9998,N/A,1.6229,N/A,9.8979,
2002-04-17,0.888,115.97,1.9477,0.57571,30.268,7.4352,15.6466,0.6148,242.15,3.4529,0.5604,0.4011,3.596,29402,N/A,9.1438,224.386,41.595,1.4707,86.34,7.6375,N/A,N/A,1162000,N/A,1.6524,N/A,1.4014,N/A,6.926,N/A,N/A,N/A,1166.57,N/A,N/A,1.9966,N/A,1.6237,N/A,9.9655,
2002-04-16,0.8803,115.73,1.947,0.57571,30.103,7.4333,15.6466,0.6126,241.85,3.453,0.5574,0.3999,3.5746,29122,N/A,9.1453,224.1253,41.505,1.4695,85.76,7.633,N/A,N/A,1141000,N/A,1.6582,N/A,1.3974,N/A,6.8661,N/A,N/A,N/A,1162,N/A,N/A,2.0066,N/A,1.6158,N/A,9.8428,
2002-04-15,0.8802,115.79,1.9477,0.57571,30.06,7.436,15.6466,0.6124,241.35,3.4523,0.5579,0.3998,3.5723,29095,N/A,9.1096,224.1487,41.468,1.4674,85.7,7.614,N/A,N/A,1149000,N/A,1.6525,N/A,1.3964,N/A,6.8653,N/A,N/A,N/A,1163.62,N/A,N/A,1.9966,N/A,1.6154,N/A,9.8437,
2002-04-12,0.8803,116.28,1.9484,0.57574,30.084,7.4367,15.6466,0.6125,242,3.4523,0.5585,0.3999,3.5803,28990,N/A,9.098,224.0623,41.465,1.4656,86.26,7.6235,N/A,N/A,1156000,N/A,1.6455,N/A,1.3989,N/A,6.8661,N/A,N/A,N/A,1168.16,N/A,N/A,1.9904,N/A,1.6186,N/A,9.8726,
2002-04-11,0.8794,115.8,1.9487,0.57584,30.072,7.4365,15.6466,0.6127,241.35,3.4523,0.5576,0.3999,3.5895,28968,N/A,9.0867,224.1146,41.46,1.4674,86.6,7.623,N/A,N/A,1138000,N/A,1.6451,N/A,1.3978,N/A,6.859,N/A,N/A,N/A,1165.21,N/A,N/A,1.9925,N/A,1.615,N/A,9.879,
2002-04-10,0.8798,114.74,1.9498,0.57574,30.382,7.4348,15.6466,0.6123,242.49,3.4525,0.557,0.3998,3.6,28964,N/A,9.0922,224.1383,41.558,1.4666,86.73,7.641,N/A,N/A,1151000,N/A,1.6576,N/A,1.4023,N/A,6.8622,N/A,N/A,N/A,1165.03,N/A,N/A,2.0098,N/A,1.6131,N/A,9.867,
2002-04-09,0.8763,115.29,1.9498,0.57561,30.22,7.4346,15.6466,0.6123,242.71,3.453,0.5567,0.3994,3.5943,28846,N/A,9.0806,224.1386,41.578,1.4665,86.59,7.634,N/A,N/A,1144000,N/A,1.655,N/A,1.3985,N/A,6.8349,N/A,N/A,N/A,1165.13,N/A,N/A,2.0099,N/A,1.6099,N/A,9.8408,
2002-04-08,0.8778,115.61,1.9507,0.57574,30.738,7.4347,15.6466,0.6118,243.02,3.4533,0.5572,0.3994,3.5867,28870,N/A,9.0561,223.9627,41.699,1.4637,87.17,7.632,N/A,N/A,1155000,N/A,1.6626,N/A,1.3957,N/A,6.8465,N/A,N/A,N/A,1161.33,N/A,N/A,2.0223,N/A,1.6123,N/A,9.7743,
2002-04-05,0.8786,115.98,1.952,0.57574,30.74,7.4335,15.6466,0.6125,243.25,3.4532,0.5578,0.3997,3.6,29000,N/A,9.0311,223.8734,41.709,1.4658,87.36,7.646,N/A,N/A,1150000,N/A,1.6531,N/A,1.3997,N/A,6.8526,N/A,N/A,N/A,1164.58,N/A,N/A,1.9998,N/A,1.6131,N/A,9.8689,
2002-04-04,0.8818,116.68,1.9521,0.57577,30.338,7.4342,15.6466,0.6139,242.1,3.4535,0.5592,0.4002,3.6065,28985,N/A,9.0752,223.9723,41.775,1.4617,87.53,7.6455,N/A,N/A,1163000,N/A,1.6567,N/A,1.4029,N/A,6.8777,N/A,N/A,N/A,1173.19,N/A,N/A,1.9976,N/A,1.6216,N/A,9.9423,
2002-04-03,0.8803,116.87,1.952,0.57577,30.52,7.4335,15.6466,0.6121,242.96,3.453,0.559,0.3998,3.6116,28862,N/A,9.0632,223.8476,41.659,1.4627,87.42,7.6675,N/A,N/A,1173000,N/A,1.6572,N/A,1.401,N/A,6.8659,N/A,N/A,N/A,1170.31,N/A,N/A,2.0082,N/A,1.622,N/A,9.9034,
2002-04-02,0.8786,117.2,1.951,0.57557,30.633,7.4328,15.6466,0.6109,243.48,3.4525,0.558,0.3994,3.6148,28873,N/A,9.0231,223.9371,41.749,1.4625,87.46,7.6965,N/A,N/A,1172000,N/A,1.6464,N/A,1.4059,N/A,6.8527,N/A,N/A,N/A,1161.95,N/A,N/A,1.9892,N/A,1.6227,N/A,9.8974,
2002-03-28,0.8724,115.51,1.9504,0.57557,31.013,7.4336,15.6466,0.613,243.54,3.4527,0.5548,0.399,3.5902,28751,N/A,9.0304,223.7477,41.852,1.467,87.23,7.703,N/A,N/A,1172000,N/A,1.6382,N/A,1.3923,N/A,6.8044,N/A,N/A,N/A,1153.31,N/A,N/A,1.9825,N/A,1.6057,N/A,9.9389,
2002-03-27,0.8746,115.92,1.9503,0.57567,31.133,7.4332,15.6466,0.6139,243.75,3.4527,0.5563,0.3994,3.5923,28760,N/A,9.0221,223.6012,41.778,1.4656,87.37,7.711,N/A,N/A,1167000,N/A,1.6569,N/A,1.3897,N/A,6.8214,N/A,N/A,N/A,1160.59,N/A,N/A,2.0068,N/A,1.6112,N/A,10.0579,
2002-03-26,0.8737,116.32,1.951,0.57564,31.12,7.4335,15.6466,0.6138,244.1,3.4524,0.5556,0.3992,3.6068,28780,N/A,9.0015,223.6004,41.8,1.4614,87.86,7.709,N/A,N/A,1175000,N/A,1.6529,N/A,1.3927,N/A,6.8141,N/A,N/A,N/A,1161.41,N/A,N/A,1.9999,N/A,1.6148,N/A,10.1436,
2002-03-25,0.8759,116.66,1.9515,0.57504,31.103,7.4337,15.6466,0.6135,244.15,3.4524,0.5567,0.4005,3.6164,28930,N/A,9.0038,223.8901,41.758,1.4608,87.86,7.7025,N/A,N/A,1188000,N/A,1.6477,N/A,1.3871,N/A,6.8317,N/A,N/A,N/A,1161.88,N/A,N/A,1.9941,N/A,1.6088,N/A,10.0947,
2002-03-22,0.8795,116.76,1.9512,0.57525,31.153,7.4339,15.6466,0.6169,244.25,3.4522,0.5581,0.4004,3.6198,29047,N/A,9.0175,223.8733,41.819,1.4602,87.93,7.693,N/A,N/A,1180000,N/A,1.6536,N/A,1.3859,N/A,6.8598,N/A,N/A,N/A,1168.33,N/A,N/A,1.9989,N/A,1.6098,N/A,10.1714,
2002-03-21,0.8817,116.56,1.9505,0.57524,31.23,7.4341,15.6466,0.618,244.26,3.4521,0.5591,0.4009,3.6225,29040,N/A,9.0139,223.8747,41.889,1.4633,88.83,7.699,N/A,N/A,1191000,N/A,1.6619,N/A,1.3956,N/A,6.8769,N/A,N/A,N/A,1169.84,N/A,N/A,2.002,N/A,1.6125,N/A,10.1748,
2002-03-20,0.8814,115.72,1.9503,0.57551,31.303,7.4332,15.6466,0.6196,244.41,3.4522,0.5588,0.401,3.6193,28834,N/A,9.0284,223.7476,42.025,1.4642,88.62,7.7155,N/A,N/A,1189000,N/A,1.6638,N/A,1.3908,N/A,6.8746,N/A,N/A,N/A,1168.56,N/A,N/A,2.0041,N/A,1.6122,N/A,10.1758,
2002-03-19,0.8829,115.97,1.9497,0.57604,31.393,7.4341,15.6466,0.6181,245.33,3.4523,0.5597,0.401,3.6233,28867,N/A,9.0689,223.6921,42.04,1.4661,89.03,7.7395,N/A,N/A,1205000,N/A,1.6837,N/A,1.3969,N/A,6.8862,N/A,N/A,N/A,1171.26,N/A,N/A,2.033,N/A,1.6129,N/A,10.3674,
2002-03-18,0.8792,115.31,1.9489,0.57471,31.462,7.4323,15.6466,0.6174,245.35,3.4525,0.5582,0.4006,3.6177,28706,N/A,9.0771,223.7291,42.071,1.4633,88.21,7.7485,N/A,N/A,1185000,N/A,1.6793,N/A,1.3951,N/A,6.8571,N/A,N/A,N/A,1165.2,N/A,N/A,2.0214,N/A,1.6052,N/A,10.5174,
2002-03-15,0.8853,114.12,1.9489,0.57547,31.55,7.4333,15.6466,0.6213,245.96,3.4522,0.5601,0.4018,3.6428,28941,N/A,9.133,223.7849,42.119,1.4617,88.43,7.7675,N/A,N/A,1197000,N/A,1.6879,N/A,1.4098,N/A,6.9049,N/A,N/A,N/A,1171.07,N/A,N/A,2.037,N/A,1.612,N/A,10.4022,
2002-03-14,0.8803,113.25,1.9487,0.57537,31.6,7.4322,15.6466,0.6209,245.83,3.4522,0.5578,0.4011,3.6457,28832,N/A,9.1335,223.4784,41.973,1.4655,88.24,7.7645,N/A,N/A,1206000,N/A,1.688,N/A,1.4055,N/A,6.8659,N/A,N/A,N/A,1157.59,N/A,N/A,2.0508,N/A,1.6037,N/A,10.2335,
2002-03-13,0.8734,113.02,1.9485,0.57504,31.578,7.431,15.6466,0.6192,245.85,3.4521,0.5555,0.4,3.6278,28547,N/A,9.12,223.4026,42.02,1.4681,88.11,7.7455,N/A,N/A,1192000,N/A,1.681,N/A,1.385,N/A,6.8123,N/A,N/A,N/A,1151.58,N/A,N/A,2.039,N/A,1.5934,N/A,10.3061,
2002-03-12,0.8733,112.4,1.9486,0.57438,31.55,7.4317,15.6466,0.6177,244.9,3.4525,0.5549,0.3998,3.623,28547,N/A,9.0852,223.2245,42.071,1.4678,88.14,7.7165,N/A,N/A,1192000,N/A,1.681,N/A,1.3831,N/A,6.8115,N/A,N/A,N/A,1151.45,N/A,N/A,2.045,N/A,1.5912,N/A,10.08,
2002-03-11,0.8741,112.52,1.9488,0.57478,31.622,7.4317,15.6466,0.6153,244.55,3.4523,0.5548,0.3996,3.6243,28577,N/A,9.084,223.3151,42.131,1.4716,87.66,7.726,N/A,N/A,1192000,N/A,1.6785,N/A,1.3872,N/A,6.8176,N/A,N/A,N/A,1146.82,N/A,N/A,2.0473,N/A,1.5923,N/A,10.1439,
2002-03-08,0.8797,112.5,1.9488,0.57478,31.661,7.4325,15.6466,0.6162,246.12,3.4526,0.5567,0.4003,3.6507,28730,N/A,9.0675,223.2836,42.132,1.4708,88.17,7.72,N/A,N/A,1207000,N/A,1.6785,N/A,1.3946,N/A,6.8614,N/A,N/A,N/A,1156.19,N/A,N/A,2.0464,N/A,1.6013,N/A,10.5421,
2002-03-07,0.8764,112.96,1.9487,0.57461,31.723,7.4313,15.6466,0.6165,244.85,3.4525,0.5564,0.4,3.6363,28612,N/A,9.0665,223.5127,42.108,1.4719,88.69,7.712,N/A,N/A,1202000,N/A,1.673,N/A,1.3855,N/A,6.8353,N/A,N/A,N/A,1152.03,N/A,N/A,2.036,N/A,1.5954,N/A,9.8672,
2002-03-06,0.8712,114.86,1.9484,0.57435,31.54,7.4317,15.6466,0.6125,244.29,3.4522,0.5552,0.3988,3.619,28401,N/A,9.04,223.1622,42.053,1.4767,88.12,7.7065,N/A,N/A,1202000,N/A,1.6743,N/A,1.3836,N/A,6.7949,N/A,N/A,N/A,1146.76,N/A,N/A,2.046,N/A,1.5921,N/A,9.666,
2002-03-05,0.8682,114.46,1.9484,0.57451,31.575,7.4297,15.6466,0.6109,243.92,3.4523,0.5542,0.3982,3.6105,28294,N/A,9.041,223.2141,41.978,1.4766,87.25,7.6885,N/A,N/A,1202000,N/A,1.6692,N/A,1.3798,N/A,6.7715,N/A,N/A,N/A,1142.9,N/A,N/A,2.0426,N/A,1.5866,N/A,9.5155,
2002-03-04,0.8649,114.4,1.9481,0.57475,31.493,7.43,15.6466,0.6097,244.62,3.4524,0.5533,0.3977,3.6168,28178,N/A,9.065,223.0839,41.68,1.4779,86.71,7.6915,N/A,N/A,1197000,N/A,1.662,N/A,1.3762,N/A,6.7458,N/A,N/A,N/A,1140.28,N/A,N/A,2.0315,N/A,1.5814,N/A,9.6782,
2002-03-01,0.8679,115.69,1.948,0.57527,31.585,7.4309,15.6466,0.6103,245.55,3.4525,0.555,0.3981,3.6532,28300,N/A,9.089,223.6432,41.713,1.4759,87.01,7.706,N/A,N/A,1211000,N/A,1.6783,N/A,1.3886,N/A,6.7692,N/A,N/A,N/A,1148.93,N/A,N/A,2.0575,N/A,1.5886,N/A,9.8723,
2002-02-28,0.8651,116.07,1.948,0.57534,31.612,7.4317,15.6466,0.61115,245.63,3.4525,0.5555,0.3979,3.6475,28197,N/A,9.0625,223.4338,41.67,1.4759,86.97,7.712,N/A,N/A,1205000,N/A,1.6761,N/A,1.3886,N/A,6.747,N/A,N/A,N/A,1145.22,N/A,N/A,2.0576,N/A,1.587,N/A,9.8682,
2002-02-27,0.8649,116.6,1.949,0.57554,31.718,7.4313,15.6466,0.61,245.51,3.452,0.5557,0.3977,3.6375,28123,N/A,9.0779,223.2652,41.73,1.4767,87.31,7.713,N/A,N/A,1219000,N/A,1.6832,N/A,1.3896,N/A,6.7454,N/A,N/A,N/A,1147.72,N/A,N/A,2.0673,N/A,1.5886,N/A,9.8728,
2002-02-26,0.8682,116.38,1.9485,0.57627,31.775,7.4316,15.6466,0.6092,244.08,3.4524,0.5567,0.3979,3.6365,28075,N/A,9.0649,223.4252,41.882,1.4761,87.54,7.735,N/A,N/A,1209000,N/A,1.6891,N/A,1.3939,N/A,6.7713,N/A,N/A,N/A,1150.37,N/A,N/A,2.077,N/A,1.5911,N/A,9.9261,
2002-02-25,0.8724,116.66,1.9486,0.5767,31.73,7.4339,15.6466,0.6114,243.51,3.4524,0.5581,0.3988,3.6503,28262,N/A,9.11,223.3524,41.922,1.4772,87.82,7.753,N/A,N/A,1208000,N/A,1.6995,N/A,1.3938,N/A,6.8041,N/A,N/A,N/A,1149.82,N/A,N/A,2.0915,N/A,1.5979,N/A,9.9236,
2002-02-22,0.8747,117.07,1.9485,0.5767,31.72,7.4325,15.6466,0.6117,243.75,3.4525,0.5587,0.3991,3.6405,28348,N/A,9.1548,223.3361,41.93,1.4796,88.32,7.762,N/A,N/A,1213000,N/A,1.6975,N/A,1.3914,N/A,6.8219,N/A,N/A,N/A,1156.35,N/A,N/A,2.0859,N/A,1.602,N/A,10.023,
2002-02-21,0.8701,116.79,1.9485,0.5769,31.852,7.4298,15.6466,0.6105,243.15,3.4525,0.5573,0.3983,3.6302,28252,N/A,9.1314,223.0854,42.099,1.4793,87.91,7.7375,N/A,N/A,1205000,N/A,1.6883,N/A,1.3823,N/A,6.7861,N/A,N/A,N/A,1147.49,N/A,N/A,2.081,N/A,1.593,N/A,9.9539,
2002-02-20,0.8743,116.9,1.9479,0.57677,31.925,7.4314,15.6466,0.6114,243.65,3.4524,0.5589,0.399,3.6377,28213,N/A,9.194,222.6186,42.068,1.4812,88.02,7.7635,N/A,N/A,1203000,N/A,1.6903,N/A,1.3908,N/A,6.8189,N/A,N/A,N/A,1149.7,N/A,N/A,2.0795,N/A,1.598,N/A,9.9976,
2002-02-19,0.8692,116.3,1.9476,0.57647,31.838,7.4301,15.6466,0.6101,243.07,3.4525,0.5569,0.3982,3.615,27920,N/A,9.1922,223.1876,42.171,1.4786,87.47,7.7485,N/A,N/A,1181000,N/A,1.683,N/A,1.3814,N/A,6.7792,N/A,N/A,N/A,1147.34,N/A,N/A,2.068,N/A,1.5919,N/A,10.0392,
2002-02-18,0.8715,115.68,1.9476,0.57634,31.878,7.4297,15.6466,0.6098,241.34,3.4525,0.5577,0.3984,3.6213,28008,N/A,9.1955,222.1152,42.25,1.4804,87.93,7.7475,N/A,N/A,1181000,N/A,1.684,N/A,1.3862,N/A,6.7971,N/A,N/A,N/A,1147.42,N/A,N/A,2.0625,N/A,1.5931,N/A,9.9743,
2002-02-15,0.8705,115.61,1.9479,0.57624,31.65,7.4284,15.6466,0.6095,240.55,3.4525,0.557,0.3983,3.6316,27938,N/A,9.1788,222.4737,42.228,1.4813,87.92,7.764,N/A,N/A,1169000,N/A,1.6833,N/A,1.3852,N/A,6.7893,N/A,N/A,N/A,1145.75,N/A,N/A,2.066,N/A,1.5894,N/A,10.002,
2002-02-14,0.8693,114.91,1.9476,0.5763,31.67,7.4288,15.6466,0.6093,241.95,3.4525,0.5564,0.398,3.635,27907,N/A,9.1915,221.8263,42.183,1.4828,87.87,7.7795,N/A,N/A,1166000,N/A,1.6864,N/A,1.3819,N/A,6.7802,N/A,N/A,N/A,1144.17,N/A,N/A,2.0671,N/A,1.5879,N/A,10.0143,
2002-02-13,0.8731,115.65,1.948,0.57624,31.715,7.4304,15.6466,0.6102,242.9,3.453,0.5585,0.3987,3.652,28000,N/A,9.2303,221.9627,42.482,1.4776,88.18,7.827,N/A,N/A,1178000,N/A,1.719,N/A,1.3926,N/A,6.8098,N/A,N/A,N/A,1152.67,N/A,N/A,2.09,N/A,1.597,N/A,9.991,
2002-02-12,0.8753,116.95,1.9479,0.57587,31.77,7.4297,15.6466,0.6136,243.75,3.453,0.561,0.3994,3.6507,28100,N/A,9.25,222.2654,42.54,1.4766,88.87,7.832,N/A,N/A,1202000,N/A,1.721,N/A,1.393,N/A,6.8272,N/A,N/A,N/A,1155.57,N/A,N/A,2.0943,N/A,1.6026,N/A,10.114,
2002-02-11,0.8794,117.76,1.948,0.57584,31.743,7.4293,15.6466,0.6176,243.45,3.453,0.5635,0.4005,3.674,28207,N/A,9.2598,222.5116,42.528,1.4781,88.93,7.836,N/A,N/A,1217000,N/A,1.7141,N/A,1.4015,N/A,6.8589,N/A,N/A,N/A,1160.81,N/A,N/A,2.0871,N/A,1.6115,N/A,10.0955,
2002-02-08,0.874,117.46,1.9472,0.5758,31.79,7.428,15.6466,0.6183,243.95,3.4528,0.5613,0.3999,3.68,28055,N/A,9.2601,222.3532,42.356,1.4722,88.95,7.8315,N/A,N/A,1200000,N/A,1.7125,N/A,1.3956,N/A,6.8169,N/A,N/A,N/A,1153.85,N/A,N/A,2.092,N/A,1.6025,N/A,10.0222,
2002-02-07,0.8664,115.74,1.9475,0.57564,31.88,7.4277,15.6466,0.6149,244.95,3.453,0.5577,0.3985,3.69,27790,N/A,9.229,222.3532,42.453,1.4722,88.63,7.802,N/A,N/A,1155000,N/A,1.707,N/A,1.3902,N/A,6.7574,N/A,N/A,N/A,1142.09,N/A,N/A,2.0865,N/A,1.585,N/A,10.0177,
2002-02-06,0.8664,115.55,1.9483,0.57564,31.865,7.4283,15.6466,0.6122,243.85,3.4532,0.5583,0.3981,3.6525,27775,N/A,9.213,222.7125,42.478,1.4703,88.5,7.829,N/A,N/A,1153000,N/A,1.7067,N/A,1.3879,N/A,6.7575,N/A,N/A,N/A,1141.05,N/A,N/A,2.08,N/A,1.5879,N/A,9.9691,
2002-02-05,0.8683,115.68,1.9511,0.57604,31.878,7.4285,15.6466,0.6115,244.34,3.4532,0.5593,0.3983,3.637,27952,N/A,9.2574,222.7545,42.505,1.4751,88.51,7.855,N/A,N/A,1137000,N/A,1.6993,N/A,1.3881,N/A,6.7722,N/A,N/A,N/A,1139.04,N/A,N/A,2.077,N/A,1.5929,N/A,10.0744,
2002-02-04,0.8644,115.22,1.9508,0.57634,31.857,7.4284,15.6466,0.6097,243.85,3.4528,0.5573,0.3976,3.635,27797,N/A,9.2148,222.7735,42.458,1.4805,88.31,7.8375,N/A,N/A,1136000,N/A,1.693,N/A,1.3747,N/A,6.742,N/A,N/A,N/A,1134.09,N/A,N/A,2.0645,N/A,1.5866,N/A,10.1005,
2002-02-01,0.8632,115.66,1.951,0.57647,31.91,7.4282,15.6466,0.61,243,3.4528,0.5546,0.3975,3.585,27700,N/A,9.188,222.5979,42.47,1.4781,88.65,7.8405,N/A,N/A,1133000,N/A,1.6933,N/A,1.3709,N/A,6.7324,N/A,N/A,N/A,1133.04,N/A,N/A,2.068,N/A,1.5845,N/A,9.9311,
2002-01-31,0.8637,114.73,1.9513,0.57647,31.902,7.4282,15.6466,0.6111,243.32,3.4538,0.5554,0.3976,3.5987,27750,N/A,9.17,222.2644,42.451,1.4748,89.13,7.841,N/A,N/A,1142000,N/A,1.6976,N/A,1.3672,N/A,6.7363,N/A,N/A,N/A,1130.93,N/A,N/A,2.072,N/A,1.5842,N/A,9.9438,
2002-01-30,0.8642,114.69,1.9516,0.57667,31.936,7.4284,15.6466,0.611,243.49,3.4551,0.5575,0.3977,3.5667,27883,N/A,9.209,221.9528,42.35,1.4709,89.4,7.8535,N/A,N/A,1149000,N/A,1.7074,N/A,1.3712,N/A,6.7401,N/A,N/A,N/A,1132.97,N/A,N/A,2.0832,N/A,1.5852,N/A,9.8908,
2002-01-29,0.8624,114.94,1.9519,0.57634,31.84,7.4282,15.6466,0.6106,243.05,3.4474,0.5577,0.3973,3.5392,27798,N/A,9.2251,222.0085,42.252,1.4717,89.29,7.8405,N/A,N/A,1136500,N/A,1.677,N/A,1.3697,N/A,6.7261,N/A,N/A,N/A,1128.54,N/A,N/A,2.041,N/A,1.5822,N/A,9.8831,
2002-01-28,0.8578,114.91,1.9512,0.57634,31.803,7.4278,15.6466,0.6096,243.21,3.4297,0.5537,0.3967,3.5383,27386,N/A,9.2275,220.9393,42.332,1.4736,89.33,7.8395,N/A,N/A,1148000,N/A,1.6679,N/A,1.383,N/A,6.6903,N/A,N/A,N/A,1133.15,N/A,N/A,2.0368,N/A,1.5746,N/A,9.914,
2002-01-25,0.8663,116.35,1.9505,0.57614,31.823,7.4292,15.6466,0.6126,243.35,3.4637,0.5575,0.3997,3.5953,27508,N/A,9.2463,220.8115,42.268,1.4716,89.57,7.857,N/A,N/A,1157000,N/A,1.6805,N/A,1.3934,N/A,6.7565,N/A,N/A,N/A,1145.77,N/A,N/A,2.0436,N/A,1.5886,N/A,9.7813,
2002-01-24,0.8767,117.95,1.9517,0.576,32.032,7.4299,15.6466,0.6169,243.5,3.5064,0.5619,0.4001,3.6193,27874,N/A,9.2355,220.5543,42.225,1.4687,90.15,7.876,N/A,N/A,1186000,N/A,1.6976,N/A,1.403,N/A,6.8378,N/A,N/A,N/A,1162.07,N/A,N/A,2.0626,N/A,1.6133,N/A,9.9768,
2002-01-23,0.8856,118.72,1.9518,0.576,32.093,7.4307,15.6466,0.6203,243.4,3.5417,0.5654,0.4016,3.636,28135,N/A,9.2868,220.6118,42.34,1.4737,90.43,7.9225,N/A,N/A,1195000,N/A,1.7013,N/A,1.4233,N/A,6.9071,N/A,N/A,N/A,1178.91,N/A,N/A,2.0655,N/A,1.6282,N/A,10.0516,
2002-01-22,0.883,118.53,1.9518,0.576,32.27,7.43,15.6466,0.6184,243.75,3.5316,0.5639,0.4011,3.6535,28232,N/A,9.2422,220.3887,42.298,1.4686,90.31,7.903,N/A,N/A,1183000,N/A,1.7015,N/A,1.4202,N/A,6.8869,N/A,N/A,N/A,1175.27,N/A,N/A,2.0587,N/A,1.6259,N/A,10.1589,
2002-01-21,0.884,117.24,1.9519,0.576,32.303,7.4321,15.6466,0.6156,243.85,3.5342,0.5632,0.4008,3.6657,28408,N/A,9.2175,219.9364,42.34,1.4692,90.14,7.914,N/A,N/A,1178000,N/A,1.7072,N/A,1.4297,N/A,6.8943,N/A,N/A,N/A,1166.88,N/A,N/A,2.0686,N/A,1.6211,N/A,10.1881,
2002-01-18,0.881,117.08,1.9516,0.57644,31.84,7.4307,15.6466,0.6141,243.3,3.5227,0.561,0.4002,3.6893,28227,N/A,9.2458,219.9651,42.279,1.4698,90.5,7.9105,N/A,N/A,1190000,N/A,1.7129,N/A,1.4219,N/A,6.8708,N/A,N/A,N/A,1162.92,N/A,N/A,2.0847,N/A,1.6173,N/A,9.9971,
2002-01-17,0.8819,116.47,1.9515,0.57634,32.362,7.4301,15.6466,0.6144,243.75,3.5272,0.56,0.4003,3.6748,28518,N/A,9.2802,220.2523,42.365,1.4659,90.94,7.901,N/A,N/A,1204000,N/A,1.7137,N/A,1.423,N/A,6.8777,N/A,N/A,N/A,1161.99,N/A,N/A,2.0945,N/A,1.6186,N/A,10.2278,
2002-01-16,0.8817,115.83,1.951,0.5762,32.203,7.4306,15.6466,0.6135,243.95,3.5257,0.5597,0.4002,3.6438,28300,N/A,9.2141,219.8864,42.4,1.4705,90.87,7.912,N/A,N/A,1213000,N/A,1.7136,N/A,1.4027,N/A,6.876,N/A,N/A,N/A,1155.73,N/A,N/A,2.101,N/A,1.6147,N/A,10.4349,
2002-01-15,0.8922,116.97,1.9536,0.5761,32.32,7.4337,15.6466,0.6165,243.84,3.5677,0.5637,0.4019,3.6037,28637,N/A,9.2287,218.6726,42.579,1.4791,91.5,7.9495,N/A,N/A,1220000,N/A,1.7196,N/A,1.4209,N/A,6.9578,N/A,N/A,N/A,1170.48,N/A,N/A,2.1105,N/A,1.6282,N/A,10.3584,
2002-01-14,0.8927,117.64,1.955,0.5761,32.28,7.4326,15.6466,0.6157,243.88,3.5697,0.5641,0.4018,3.5985,28570,N/A,9.2021,219.9625,42.521,1.4791,91.58,7.944,N/A,N/A,1219000,N/A,1.7229,N/A,1.4252,N/A,6.9617,N/A,N/A,N/A,1166.76,N/A,N/A,2.1077,N/A,1.6375,N/A,10.2024,
2002-01-11,0.8919,117.82,1.9555,0.5759,32.261,7.4335,15.6466,0.6179,244.95,3.5611,0.5693,0.4022,3.6057,28930,N/A,9.1505,218.4235,42.554,1.4795,91.25,7.952,N/A,N/A,1228000,N/A,1.7119,N/A,1.4292,N/A,6.9554,N/A,N/A,N/A,1168.84,N/A,N/A,2.103,N/A,1.6437,N/A,10.322,
2002-01-10,0.8909,117.96,1.955,0.57597,32.138,7.4339,15.6466,0.6172,244.33,3.5626,0.5632,0.4018,3.591,28647,N/A,9.1795,218.7639,42.59,1.4833,90.88,7.951,N/A,N/A,1236000,N/A,1.6968,N/A,1.4254,N/A,6.9478,N/A,N/A,N/A,1171.09,N/A,N/A,2.074,N/A,1.645,N/A,10.1362,
2002-01-09,0.8921,118.05,1.9549,0.57587,32.283,7.4383,15.6466,0.61875,244.19,3.568,0.5638,0.4022,3.5578,28573,N/A,9.246,218.6013,42.829,1.4791,91.06,7.9475,N/A,N/A,1244000,N/A,1.707,N/A,1.4231,N/A,6.9571,N/A,N/A,N/A,1165.89,N/A,N/A,2.0812,N/A,1.6469,N/A,10.0941,
2002-01-08,0.8909,118.22,1.954,0.57577,32.257,7.4391,15.6466,0.6182,243.75,3.5632,0.5628,0.402,3.507,28588,N/A,9.2353,216.4417,42.845,1.4703,91.26,7.9585,N/A,N/A,1241000,N/A,1.711,N/A,1.4267,N/A,6.948,N/A,N/A,N/A,1162.18,N/A,N/A,2.0774,N/A,1.6479,N/A,10.3567,
2002-01-07,0.8905,116.72,1.954,0.57571,32.02,7.4389,15.6466,0.6194,243.55,3.5616,0.5615,0.4021,3.4872,28800,N/A,9.211,217.9977,42.869,1.4719,90.62,7.975,N/A,N/A,1248000,N/A,1.718,N/A,1.4212,N/A,6.945,N/A,N/A,N/A,1162.1,N/A,N/A,2.0838,N/A,1.6441,N/A,10.5903,
2002-01-04,0.8954,117.18,1.9539,0.57561,31.932,7.4405,15.6466,0.6217,244.15,3.5819,0.5628,0.4032,3.5265,28717,N/A,9.2353,217.6852,42.829,1.4789,91.5,7.9865,N/A,N/A,1271000,N/A,1.728,N/A,1.4305,N/A,6.9828,N/A,N/A,N/A,1167.33,N/A,N/A,2.0916,N/A,1.6517,N/A,10.8522,
2002-01-03,0.9036,119.02,1.953,0.57554,31.853,7.438,15.6466,0.6254,245.32,3.6149,0.5664,0.4045,3.569,28843,N/A,9.2337,220.3297,42.829,1.4856,91.48,8.0105,N/A,N/A,1294000,N/A,1.752,N/A,1.4422,N/A,7.0463,N/A,N/A,N/A,1181.64,N/A,N/A,2.1279,N/A,1.6709,N/A,11.1152,
2002-01-02,0.9038,119.53,1.9519,0.57527,31.707,7.4388,15.6466,0.6262,244.58,3.6143,0.5665,0.4047,3.5608,28687,N/A,9.2825,216.7703,42.728,1.4833,92.19,8.0115,N/A,N/A,1311000,N/A,1.7603,N/A,1.4436,N/A,7.0482,N/A,N/A,N/A,1185.79,N/A,N/A,2.1469,N/A,1.6737,N/A,11.1014,
2001-12-28,0.8813,115.33,1.9463,0.57504,31.962,7.4365,15.6466,0.6085,245.18,3.5228,0.5563,0.3994,3.4953,27817,N/A,9.3012,218.8364,42.78,1.4829,91.48,7.9515,N/A,N/A,1269500,N/A,1.728,N/A,1.4077,N/A,6.8723,N/A,N/A,N/A,1161.55,N/A,N/A,2.1215,N/A,1.6306,N/A,10.4302,
2001-12-27,0.8823,115.9,1.9475,0.5753,32.168,7.4386,15.6466,0.609,245.78,3.5287,0.5568,0.3996,3.5202,27712,N/A,9.4413,218.8137,42.855,1.4835,89.95,7.961,N/A,N/A,1270000,N/A,1.7384,N/A,1.4134,N/A,6.8793,N/A,N/A,N/A,1169.05,N/A,N/A,2.134,N/A,1.636,N/A,10.5876,
2001-12-24,0.8798,114.23,1.9462,0.57458,32.045,7.4386,15.6466,0.6127,245.71,3.5205,0.555,0.3998,3.5195,27600,N/A,9.505,218.8489,42.961,1.4721,89.9,7.9755,N/A,N/A,1304000,N/A,1.7319,N/A,1.4044,N/A,6.8602,N/A,N/A,N/A,1147.26,N/A,N/A,2.1177,N/A,1.6181,N/A,10.5356,
2001-12-21,0.8943,115.88,1.9462,0.57455,32.325,7.4404,15.6466,0.6176,246.22,3.5773,0.5611,0.4023,3.5457,28024,N/A,9.5065,218.6593,43.081,1.4642,90.88,7.987,N/A,N/A,1323000,N/A,1.7649,N/A,1.4145,N/A,6.9733,N/A,N/A,N/A,1170.55,N/A,N/A,2.1621,N/A,1.6444,N/A,11.134,
2001-12-20,0.8973,115.05,1.9462,0.57551,32.265,7.4392,15.6466,0.6203,246.63,3.5893,0.5617,0.403,3.5561,28208,N/A,9.512,218.6214,43.199,1.4675,90.31,7.984,N/A,N/A,1328000,N/A,1.7677,N/A,1.4155,N/A,6.9975,N/A,N/A,N/A,1166.49,N/A,N/A,2.1751,N/A,1.647,N/A,12.1203,
2001-12-19,0.8983,114.68,1.9461,0.57551,31.963,7.4393,15.6466,0.6197,245.3,3.5934,0.5615,0.4036,3.5624,28111,N/A,9.5029,219.1653,43.01,1.4734,90.35,7.9805,N/A,N/A,1316000,N/A,1.7465,N/A,1.4169,N/A,7.0058,N/A,N/A,N/A,1160.6,N/A,N/A,2.1565,N/A,1.6478,N/A,11.2332,
2001-12-18,0.9012,115.26,1.9461,0.57534,31.824,7.439,15.6466,0.6189,245.29,3.6032,0.5628,0.4033,3.5843,28313,N/A,9.4648,219.9014,42.839,1.4744,91.82,7.9935,N/A,N/A,1307000,N/A,1.7452,N/A,1.4141,N/A,7.0287,N/A,N/A,N/A,1158.94,N/A,N/A,2.1588,N/A,1.6575,N/A,11.0352,
2001-12-17,0.9049,115.68,1.946,0.57488,32.145,7.444,15.6466,0.6213,246.11,3.6192,0.5643,0.4041,3.6053,28532,N/A,9.4817,219.9981,42.89,1.4772,92.39,8.037,N/A,N/A,1309000,N/A,1.7458,N/A,1.4129,N/A,7.0578,N/A,N/A,N/A,1158.27,N/A,N/A,2.163,N/A,1.6631,N/A,10.774,
2001-12-14,0.9016,115.05,1.9462,0.57488,32.63,7.4475,15.6466,0.6217,246.38,3.6052,0.5631,0.4037,3.625,28500,N/A,9.4642,219.9644,43.119,1.4737,93.64,8.028,N/A,N/A,1291000,N/A,1.7398,N/A,1.414,N/A,7.0321,N/A,N/A,N/A,1154.86,N/A,N/A,2.1582,N/A,1.6533,N/A,11.1212,
2001-12-13,0.8975,113.29,1.9461,0.57478,32.57,7.448,15.6466,0.6209,246.75,3.5882,0.5605,0.4031,3.619,28400,N/A,9.3588,219.9876,43.22,1.473,93.84,8.0235,N/A,N/A,1268000,N/A,1.7241,N/A,1.4066,N/A,7.0003,N/A,N/A,N/A,1139.29,N/A,N/A,2.1392,N/A,1.6415,N/A,10.2854,
2001-12-12,0.8938,112.6,1.9465,0.57478,32.705,7.449,15.6466,0.6207,247.14,3.5745,0.559,0.4026,3.6271,28300,N/A,9.3833,219.9897,43.271,1.4739,93.32,8.0065,N/A,N/A,1275000,N/A,1.7235,N/A,1.4005,N/A,6.9714,N/A,N/A,N/A,1136.02,N/A,N/A,2.1242,N/A,1.6361,N/A,9.9972,
2001-12-11,0.8908,112.3,1.9465,0.57478,32.86,7.4458,15.6466,0.621,247.85,3.5621,0.558,0.4024,3.6153,28278,N/A,9.3669,219.8265,43.305,1.4792,94.36,8.002,N/A,N/A,1281000,N/A,1.7325,N/A,1.4063,N/A,6.9478,N/A,N/A,N/A,1133.99,N/A,N/A,2.1375,N/A,1.6301,N/A,9.8968,
2001-12-10,0.885,111.82,1.9467,0.57508,32.953,7.4439,15.6466,0.6198,250.19,3.5388,0.5557,0.4016,3.6195,28170,N/A,9.3443,218.979,43.23,1.4806,96.04,7.9895,N/A,N/A,1278000,N/A,1.7209,N/A,1.3966,N/A,6.9023,N/A,N/A,N/A,1130.15,N/A,N/A,2.1338,N/A,1.6231,N/A,9.8346,
2001-12-07,0.8911,111.5,1.9467,0.57484,33,7.4459,15.6466,0.6241,249.6,3.563,0.5581,0.4029,3.6477,28260,N/A,9.3573,219.7124,43.155,1.4787,96.91,7.977,N/A,N/A,1290000,N/A,1.7245,N/A,1.405,N/A,6.9499,N/A,N/A,N/A,1129.47,N/A,N/A,2.1422,N/A,1.6324,N/A,9.7445,
2001-12-06,0.8889,110.72,1.9465,0.57478,32.967,7.4455,15.6466,0.62555,248.9,3.5546,0.5565,0.4028,3.6323,28093,N/A,9.3619,219.6729,43.15,1.4741,97.21,7.976,N/A,N/A,1294000,N/A,1.7176,N/A,1.3973,N/A,6.9331,N/A,N/A,N/A,1128.37,N/A,N/A,2.136,N/A,1.6298,N/A,9.8623,
2001-12-05,0.8919,110.84,1.9465,0.57438,33.025,7.4456,15.6466,0.627,248.53,3.5665,0.5585,0.4034,3.6088,28140,N/A,9.4457,219.8143,43.17,1.4747,97.15,8,N/A,N/A,1302000,N/A,1.7323,N/A,1.4035,N/A,6.9564,N/A,N/A,N/A,1135.39,N/A,N/A,2.1551,N/A,1.6374,N/A,9.6506,
2001-12-04,0.8902,110.5,1.9468,0.57422,33.038,7.4446,15.6466,0.6259,249.43,3.5597,0.5578,0.403,3.5853,28090,N/A,9.4739,219.8381,43.15,1.4726,95.91,7.9665,N/A,N/A,1321000,N/A,1.7227,N/A,1.4007,N/A,6.9428,N/A,N/A,N/A,1129.66,N/A,N/A,2.1523,N/A,1.6344,N/A,9.258,
2001-12-03,0.8925,110.21,1.9475,0.57422,33.125,7.4452,15.6466,0.6275,250.55,3.57,0.5583,0.4036,3.6175,28157,N/A,9.5736,219.6273,43.229,1.4732,95.11,8.0015,N/A,N/A,1337000,N/A,1.7203,N/A,1.4054,N/A,6.9603,N/A,N/A,N/A,1135.97,N/A,N/A,2.1533,N/A,1.6368,N/A,9.3088,
2001-11-30,0.8898,110.06,1.9477,0.57425,33.097,7.4425,15.6466,0.6238,251.78,3.5581,0.5569,0.4026,3.6255,28050,N/A,9.491,219.5527,43.401,1.4724,95.27,7.951,N/A,N/A,1319000,N/A,1.7073,N/A,1.4057,N/A,6.9395,N/A,N/A,N/A,1128.27,N/A,N/A,2.1338,N/A,1.6298,N/A,9.1695,
2001-11-29,0.8887,109.23,1.9482,0.57432,33.272,7.4411,15.6466,0.6236,250.7,3.553,0.5555,0.4025,3.6228,28003,N/A,9.468,219.9513,43.35,1.4635,96.88,7.948,N/A,N/A,1326000,N/A,1.7125,N/A,1.4061,N/A,6.9305,N/A,N/A,N/A,1123.32,N/A,N/A,2.1474,N/A,1.6255,N/A,8.8064,
2001-11-28,0.8831,108.94,1.948,0.57425,33.237,7.4406,15.6466,0.6235,250.84,3.5313,0.5541,0.4018,3.6,27798,N/A,9.4084,219.5688,43.33,1.4586,97.34,7.9415,N/A,N/A,1309000,N/A,1.695,N/A,1.4031,N/A,6.8869,N/A,N/A,N/A,1118.89,N/A,N/A,2.1335,N/A,1.6188,N/A,8.7559,
2001-11-27,0.8788,108.99,1.947,0.57425,33.147,7.4404,15.6466,0.6236,251.65,3.5141,0.5527,0.4013,3.587,27650,N/A,9.3412,219.5411,43.291,1.4641,96.93,7.941,N/A,N/A,1298000,N/A,1.683,N/A,1.4,N/A,6.8534,N/A,N/A,N/A,1107.29,N/A,N/A,2.1148,N/A,1.6124,N/A,8.739,
2001-11-26,0.8818,109.33,1.9469,0.57379,33.127,7.4412,15.6466,0.622,251.55,3.5239,0.5541,0.4014,3.61,27725,N/A,9.3641,219.9996,43.151,1.4663,97.22,7.9495,N/A,N/A,1304000,N/A,1.7007,N/A,1.41,N/A,6.8771,N/A,N/A,N/A,1115.48,N/A,N/A,2.1333,N/A,1.6163,N/A,8.7077,
2001-11-23,0.8795,109.1,1.9468,0.57372,33.133,7.441,15.6466,0.6219,251.8,3.5162,0.553,0.4012,3.6077,27617,N/A,9.3611,220.2752,43.121,1.4617,97.11,7.929,N/A,N/A,1313000,N/A,1.701,N/A,1.4055,N/A,6.8592,N/A,N/A,N/A,1119.6,N/A,N/A,2.1415,N/A,1.6166,N/A,8.7444,
2001-11-22,0.8778,108.66,1.9463,0.57359,33.238,7.4423,15.6466,0.6211,251.5,3.5115,0.5526,0.4004,3.5943,27567,N/A,9.3868,220.3128,43.261,1.4594,96.34,7.883,N/A,N/A,1318000,N/A,1.7006,N/A,1.4048,N/A,6.846,N/A,N/A,N/A,1121.39,N/A,N/A,2.1436,N/A,1.6169,N/A,8.756,
2001-11-21,0.8791,108.02,1.9461,0.57316,33.217,7.4449,15.6466,0.6194,250.15,3.5153,0.5519,0.4008,3.594,27593,N/A,9.4082,220.1185,43.16,1.4573,96.32,7.894,N/A,N/A,1311000,N/A,1.6982,N/A,1.4052,N/A,6.8561,N/A,N/A,N/A,1120.85,N/A,N/A,2.1337,N/A,1.6148,N/A,8.659,
2001-11-20,0.8824,108.47,1.9461,0.5731,33.172,7.4455,15.6466,0.6227,249.88,3.5292,0.5534,0.4016,3.6152,27692,N/A,9.366,220.2992,42.869,1.458,95.41,7.9125,N/A,N/A,1291000,N/A,1.6941,N/A,1.4044,N/A,6.882,N/A,N/A,N/A,1127.71,N/A,N/A,2.1255,N/A,1.621,N/A,8.6145,
2001-11-19,0.8793,108.48,1.9461,0.5731,33.172,7.4438,15.6466,0.6186,250,3.5161,0.552,0.4007,3.6217,27555,N/A,9.3665,220.287,42.834,1.4651,94.79,7.922,N/A,N/A,1311000,N/A,1.6868,N/A,1.3928,N/A,6.8582,N/A,N/A,N/A,1128.14,N/A,N/A,2.115,N/A,1.6205,N/A,8.4952,
2001-11-16,0.8845,108.46,1.946,0.5729,33.258,7.4411,15.6466,0.6175,252,3.5377,0.5533,0.4011,3.6625,27733,N/A,9.377,219.6021,42.809,1.4674,94.68,7.92,N/A,N/A,1335000,N/A,1.6893,N/A,1.4075,N/A,6.8986,N/A,N/A,N/A,1134.81,N/A,N/A,2.1145,N/A,1.6239,N/A,8.4377,
2001-11-15,0.8825,107.91,1.9462,0.5728,33.275,7.4422,15.6466,0.6149,249.74,3.53,0.552,0.4005,3.6215,27652,N/A,9.3345,219.8917,42.76,1.4709,94.1,7.9,N/A,N/A,1345000,N/A,1.6989,N/A,1.4049,N/A,6.8834,N/A,N/A,N/A,1127.84,N/A,N/A,2.1035,N/A,1.6173,N/A,8.5216,
2001-11-14,0.8803,107.2,1.9462,0.57264,33.243,7.4446,15.6466,0.6126,249.15,3.5208,0.5509,0.3996,3.6098,27523,N/A,9.334,220.0253,42.751,1.4701,94.56,7.844,N/A,N/A,1355000,N/A,1.6855,N/A,1.4,N/A,6.8663,N/A,N/A,N/A,1130.31,N/A,N/A,2.0815,N/A,1.6077,N/A,8.547,
2001-11-13,0.8842,107.14,1.9461,0.57339,33.26,7.4489,15.6466,0.6125,249.5,3.5368,0.552,0.4003,3.6168,27648,N/A,9.3595,219.9793,42.775,1.4655,94.85,7.884,N/A,N/A,1383000,N/A,1.704,N/A,1.4113,N/A,6.8968,N/A,N/A,N/A,1137.97,N/A,N/A,2.0935,N/A,1.6137,N/A,8.579,
2001-11-12,0.8919,107.66,1.9461,0.57366,33.3,7.4525,15.6466,0.61355,250.62,3.5673,0.5544,0.4018,3.631,27870,N/A,9.4107,220.15,42.881,1.4634,93.73,7.897,N/A,N/A,1391000,N/A,1.7166,N/A,1.429,N/A,6.9567,N/A,N/A,N/A,1145.2,N/A,N/A,2.1118,N/A,1.6268,N/A,8.6202,
2001-11-09,0.893,107.47,1.9462,0.57366,33.382,7.4496,15.6466,0.6144,251,3.5713,0.5549,0.4016,3.6372,27808,N/A,9.4244,220.4728,43.039,1.4667,93.47,7.8935,N/A,N/A,1387000,N/A,1.7347,N/A,1.4278,N/A,6.9653,N/A,N/A,N/A,1141.25,N/A,N/A,2.1321,N/A,1.6292,N/A,8.5905,
2001-11-08,0.8972,108.25,1.9462,0.57409,33.345,7.45,15.6466,0.6128,250.53,3.5884,0.5567,0.4019,3.6443,27957,N/A,9.38,220.4751,43.089,1.4679,93.68,7.892,N/A,N/A,1386000,N/A,1.7434,N/A,1.4324,N/A,6.9982,N/A,N/A,N/A,1148.42,N/A,N/A,2.141,N/A,1.629,N/A,8.5385,
2001-11-07,0.9014,108.98,1.9467,0.57445,33.448,7.4489,15.6466,0.6155,251.84,3.6045,0.5591,0.4028,3.6793,28013,N/A,9.474,220.362,43.286,1.4704,94.98,7.9585,N/A,N/A,1399000,N/A,1.7485,N/A,1.4354,N/A,7.0308,N/A,N/A,N/A,1164.61,N/A,N/A,2.147,N/A,1.6356,N/A,8.595,
2001-11-06,0.8961,108.46,1.9468,0.57445,33.457,7.4478,15.6466,0.6152,252.15,3.5817,0.5569,0.4021,3.6688,27878,N/A,9.48,220.4921,43.37,1.4715,95.18,7.9265,N/A,N/A,1380000,N/A,1.747,N/A,1.4282,N/A,6.9895,N/A,N/A,N/A,1160.45,N/A,N/A,2.1345,N/A,1.6305,N/A,8.4862,
2001-11-05,0.8961,109.3,1.9466,0.57435,33.454,7.448,15.6466,0.6162,253.44,3.5838,0.5573,0.4023,3.6844,27855,N/A,9.5117,220.3197,43.37,1.4713,94.61,7.9515,N/A,N/A,1397000,N/A,1.7665,N/A,1.4272,N/A,6.9896,N/A,N/A,N/A,1179.27,N/A,N/A,2.1595,N/A,1.6325,N/A,8.578,
2001-11-02,0.9056,110.05,1.9466,0.57435,33.53,7.4483,15.6466,0.6183,254.9,3.6175,0.5609,0.4035,3.72,28115,N/A,9.5336,220.4768,43.525,1.4741,94.71,7.969,N/A,N/A,1419000,N/A,1.7864,N/A,1.4464,N/A,7.0637,N/A,N/A,N/A,1169.13,N/A,N/A,2.1861,N/A,1.6572,N/A,8.6919,
2001-11-01,0.9097,110.72,1.947,0.57445,33.628,7.4481,15.6466,0.6206,255.13,3.6346,0.5627,0.4045,3.7113,28232,N/A,9.585,220.155,43.535,1.4725,94.92,7.985,N/A,N/A,1431000,N/A,1.7781,N/A,1.4486,N/A,7.0973,N/A,N/A,N/A,1174.42,N/A,N/A,2.1823,N/A,1.6627,N/A,8.5935,
2001-10-31,0.9042,110.37,1.9465,0.57425,33.62,7.4434,15.6466,0.6213,255.24,3.6166,0.5609,0.404,3.705,28027,N/A,9.6122,220.1475,43.615,1.4682,93.92,7.9985,N/A,N/A,1438000,N/A,1.7942,N/A,1.4347,N/A,7.0528,N/A,N/A,N/A,1170.94,N/A,N/A,2.193,N/A,1.6477,N/A,8.5647,
2001-10-30,0.9064,110.42,1.9461,0.57399,33.618,7.4405,15.6466,0.6232,256.34,3.6247,0.5615,0.4045,3.7208,28046,N/A,9.5832,220.1887,43.74,1.4703,94.12,7.9745,N/A,N/A,1450000,N/A,1.7816,N/A,1.4281,N/A,7.0698,N/A,N/A,N/A,1171.98,N/A,N/A,2.1768,N/A,1.6516,N/A,8.493,
2001-10-29,0.9005,109.94,1.9465,0.57403,33.547,7.4399,15.6466,0.621,254,3.6004,0.5596,0.4035,3.688,27767,N/A,9.4742,220.0893,43.628,1.4738,93.88,7.968,N/A,N/A,1443000,N/A,1.7833,N/A,1.4199,N/A,7.0238,N/A,N/A,N/A,1164.35,N/A,N/A,2.1717,N/A,1.6497,N/A,8.408,
2001-10-26,0.8911,109.25,1.9467,0.57415,33.665,7.4364,15.6466,0.6234,252.98,3.563,0.5563,0.4028,3.6495,27512,N/A,9.4315,220.345,43.665,1.4746,93.16,7.9525,N/A,N/A,1435000,N/A,1.7767,N/A,1.4027,N/A,6.9504,N/A,N/A,N/A,1153.08,N/A,N/A,2.1605,N/A,1.6297,N/A,8.3808,
2001-10-25,0.8889,109.56,1.9465,0.57432,33.332,7.4362,15.6466,0.624,252.56,3.555,0.556,0.4026,3.6862,27453,N/A,9.4482,220.3384,43.561,1.4779,93.25,7.949,N/A,N/A,1435000,N/A,1.7563,N/A,1.3992,N/A,6.9333,N/A,N/A,N/A,1149.35,N/A,N/A,2.1417,N/A,1.6235,N/A,8.3698,
2001-10-24,0.8917,109.48,1.946,0.57428,33.3,7.4361,15.6466,0.6257,252.22,3.5665,0.5568,0.4032,3.6715,27577,N/A,9.4942,220.2935,43.628,1.4798,93.35,7.945,N/A,N/A,1428000,N/A,1.755,N/A,1.4033,N/A,6.9552,N/A,N/A,N/A,1155.64,N/A,N/A,2.13,N/A,1.6313,N/A,8.3815,
2001-10-23,0.8887,109.03,1.9463,0.57425,33.317,7.4362,15.6466,0.6258,251.45,3.5541,0.5557,0.4027,3.669,27490,N/A,9.5085,220.305,43.645,1.4791,92.77,7.949,N/A,N/A,1430000,N/A,1.747,N/A,1.4008,N/A,6.9318,N/A,N/A,N/A,1156.64,N/A,N/A,2.1322,N/A,1.6228,N/A,8.4515,
2001-10-22,0.8969,109.18,1.9465,0.57442,33.368,7.4363,15.6466,0.627,254.19,3.586,0.5583,0.404,3.6957,27727,N/A,9.5069,220.3275,43.745,1.4754,92.48,7.98,N/A,N/A,1469000,N/A,1.7672,N/A,1.4136,N/A,6.9957,N/A,N/A,N/A,1165.97,N/A,N/A,2.1547,N/A,1.639,N/A,8.4534,
2001-10-19,0.9009,109.1,1.9467,0.57442,33.493,7.4366,15.6466,0.6249,254.25,3.6027,0.5592,0.4042,3.7068,27775,N/A,9.4715,220.2675,43.693,1.4777,92.65,7.969,N/A,N/A,1481000,N/A,1.7793,N/A,1.4204,N/A,7.027,N/A,N/A,N/A,1170.72,N/A,N/A,2.1665,N/A,1.6417,N/A,8.336,
2001-10-18,0.9026,109.23,1.9462,0.57438,33.507,7.4365,15.6466,0.6249,254.44,3.6095,0.5597,0.4043,3.6958,27805,N/A,9.4936,220.2886,43.56,1.478,92.73,7.9575,N/A,N/A,1490000,N/A,1.775,N/A,1.4211,N/A,7.0403,N/A,N/A,N/A,1172.93,N/A,N/A,2.1645,N/A,1.6364,N/A,8.358,
2001-10-17,0.9022,109.75,1.9462,0.57438,33.47,7.4365,15.6466,0.6241,254.25,3.6073,0.5599,0.4042,3.698,27773,N/A,9.4515,220.1246,43.52,1.484,92.46,7.9495,N/A,N/A,1473000,N/A,1.7628,N/A,1.4121,N/A,7.0372,N/A,N/A,N/A,1170.6,N/A,N/A,2.1504,N/A,1.6396,N/A,8.3643,
2001-10-16,0.9052,110.05,1.946,0.57438,33.45,7.4368,15.6466,0.6262,254.06,3.6193,0.5612,0.4048,3.6955,27857,N/A,9.4865,220.1825,43.528,1.4809,91.83,7.9705,N/A,N/A,1474000,N/A,1.7641,N/A,1.411,N/A,7.0605,N/A,N/A,N/A,1174.5,N/A,N/A,2.1576,N/A,1.6474,N/A,8.3138,
2001-10-15,0.9097,109.8,1.947,0.57422,33.46,7.4377,15.6466,0.6273,255.27,3.6372,0.5623,0.4055,3.7338,28017,N/A,9.5033,220.2458,43.479,1.4776,91.33,7.9735,N/A,N/A,1462000,N/A,1.7702,N/A,1.4205,N/A,7.0956,N/A,N/A,N/A,1176.24,N/A,N/A,2.1603,N/A,1.647,N/A,8.208,
2001-10-12,0.904,109.65,1.9468,0.57418,33.527,7.4369,15.6466,0.6248,255.63,3.6151,0.5604,0.4044,3.743,27818,N/A,9.521,220.3415,43.428,1.4825,90.76,7.9555,N/A,N/A,1441000,N/A,1.809,N/A,1.4114,N/A,7.0512,N/A,N/A,N/A,1169.78,N/A,N/A,2.1849,N/A,1.642,N/A,8.2797,
2001-10-11,0.9062,109.55,1.9466,0.57395,33.557,7.4368,15.6466,0.6252,254.92,3.6239,0.561,0.4047,3.7292,27893,N/A,9.5635,220.1957,43.563,1.4852,91.37,7.972,N/A,N/A,1462000,N/A,1.8133,N/A,1.4196,N/A,7.0681,N/A,N/A,N/A,1180.78,N/A,N/A,2.1968,N/A,1.6497,N/A,8.318,
2001-10-10,0.9136,109.63,1.9472,0.57418,33.605,7.4354,15.6466,0.6286,255.95,3.6535,0.5635,0.4061,3.7952,28075,N/A,9.6509,220.1867,43.608,1.4826,93.59,7.996,N/A,N/A,1489000,N/A,1.8189,N/A,1.4306,N/A,7.1259,N/A,N/A,N/A,1195.9,N/A,N/A,2.2041,N/A,1.6547,N/A,8.465,
2001-10-09,0.9193,110.61,1.9486,0.57415,33.643,7.4352,15.6466,0.6257,256.78,3.6756,0.5656,0.4064,3.828,28253,N/A,9.6785,220.1935,43.699,1.4814,94.09,8.0235,N/A,N/A,1505000,N/A,1.8247,N/A,1.4335,N/A,7.1703,N/A,N/A,N/A,1196.93,N/A,N/A,2.2187,N/A,1.6588,N/A,8.5155,
2001-10-08,0.9214,110.35,1.9486,0.57455,33.75,7.4342,15.6466,0.6251,259.04,3.684,0.5668,0.4065,3.85,28253,N/A,9.7397,220.1438,43.718,1.4762,94,8.06,N/A,N/A,1502000,N/A,1.817,N/A,1.44,N/A,7.1866,N/A,N/A,N/A,1202.43,N/A,N/A,2.2144,N/A,1.6533,N/A,8.602,
2001-10-05,0.9174,110.31,1.9481,0.57455,33.678,7.4349,15.6466,0.6204,256.98,3.6672,0.5653,0.4054,3.8054,28133,N/A,9.7341,220.1586,43.552,1.4874,93.98,8.07,N/A,N/A,1487000,N/A,1.8093,N/A,1.4382,N/A,7.1554,N/A,N/A,N/A,1199.04,N/A,N/A,2.2022,N/A,1.6405,N/A,8.5231,
2001-10-04,0.9117,109.95,1.9477,0.57461,33.678,7.4347,15.6466,0.6192,257.32,3.6452,0.5645,0.4045,3.82,27970,N/A,9.6897,220.1251,43.52,1.4856,92.62,8.0605,N/A,N/A,1460000,N/A,1.8306,N/A,1.4283,N/A,7.1107,N/A,N/A,N/A,1191.59,N/A,N/A,2.2294,N/A,1.6213,N/A,8.529,
2001-10-03,0.9209,111.54,1.9476,0.57428,33.632,7.4352,15.6466,0.6245,257.27,3.6827,0.5692,0.4064,3.8608,28157,N/A,9.7392,220.1347,43.495,1.4844,92.96,8.0835,N/A,N/A,1454000,N/A,1.8463,N/A,1.4431,N/A,7.1823,N/A,N/A,N/A,1214.21,N/A,N/A,2.2594,N/A,1.6391,N/A,8.5598,
2001-10-02,0.9189,110.73,1.9471,0.57438,33.609,7.4352,15.6466,0.6208,257.98,3.674,0.5677,0.4056,3.8697,28168,N/A,9.7785,220.1556,43.47,1.4803,92.54,8.089,N/A,N/A,1440000,N/A,1.8622,N/A,1.443,N/A,7.1663,N/A,N/A,N/A,1214.79,N/A,N/A,2.2678,N/A,1.6326,N/A,8.4217,
2001-10-01,0.9125,109.2,1.9469,0.57445,33.81,7.4362,15.6466,0.6174,257.27,3.6491,0.5645,0.4044,3.8535,27910,N/A,9.7331,220.1527,43.598,1.4799,91.48,8.0855,N/A,N/A,1413000,N/A,1.8536,N/A,1.4407,N/A,7.1161,N/A,N/A,N/A,1189.9,N/A,N/A,2.2462,N/A,1.6126,N/A,8.2022,
2001-09-28,0.9131,109.02,1.9475,0.57435,33.912,7.4367,15.6466,0.622,257.35,3.6508,0.5654,0.4052,3.8598,27876,N/A,9.7321,220.0282,43.622,1.4761,92.39,8.11,N/A,N/A,1395000,N/A,1.842,N/A,1.4418,N/A,7.1217,N/A,N/A,N/A,1190.68,N/A,N/A,2.2395,N/A,1.6123,N/A,8.2217,
2001-09-27,0.9205,109.75,1.9488,0.57415,33.917,7.4364,15.6466,0.6244,257.55,3.6797,0.5689,0.4063,3.8592,28013,N/A,9.8752,219.9856,43.647,1.4811,93.72,8.085,N/A,N/A,1425000,N/A,1.895,N/A,1.4478,N/A,7.1794,N/A,N/A,N/A,1198.49,N/A,N/A,2.2925,N/A,1.6256,N/A,8.281,
2001-09-26,0.9219,108.62,1.947,0.57395,34.005,7.4362,15.6466,0.6255,258.28,3.6853,0.5685,0.4066,3.8853,27995,N/A,9.92,219.9884,43.812,1.4795,93.23,8.051,N/A,N/A,1424000,N/A,1.8575,N/A,1.4475,N/A,7.1904,N/A,N/A,N/A,1198.47,N/A,N/A,2.254,N/A,1.6287,N/A,8.142,
2001-09-25,0.9176,107.53,1.9462,0.57376,34.16,7.4382,15.6466,0.6275,259.83,3.6683,0.5663,0.4064,3.8758,27848,N/A,9.8338,220.185,43.865,1.46,93.17,8.045,N/A,N/A,1423000,N/A,1.861,N/A,1.4382,N/A,7.1569,N/A,N/A,N/A,1195.63,N/A,N/A,2.2503,N/A,1.6232,N/A,8.0545,
2001-09-24,0.9164,107.47,1.9465,0.57356,34.235,7.4378,15.6466,0.6266,260.95,3.6647,0.5656,0.4061,3.843,27807,N/A,9.9185,220.1875,43.845,1.4602,92.72,7.979,N/A,N/A,1431000,N/A,1.8626,N/A,1.4372,N/A,7.1477,N/A,N/A,N/A,1191.32,N/A,N/A,2.2551,N/A,1.6124,N/A,7.9982,
2001-09-21,0.92,107.18,1.9467,0.57339,34.277,7.4394,15.6466,0.6301,260.65,3.6791,0.5667,0.4071,3.8243,27877,N/A,9.9631,219.9148,43.738,1.4464,92.3,7.929,N/A,N/A,1409000,N/A,1.9,N/A,1.4385,N/A,7.1759,N/A,N/A,N/A,1205.2,N/A,N/A,2.2825,N/A,1.6022,N/A,8.0788,
2001-09-20,0.9259,108.15,1.9467,0.5731,34.245,7.4436,15.6466,0.632,258.27,3.7027,0.5702,0.408,3.8745,28038,N/A,9.7783,219.8592,43.768,1.4735,92.56,7.9315,N/A,N/A,1405000,N/A,1.8748,N/A,1.4524,N/A,7.2215,N/A,N/A,N/A,1202.47,N/A,N/A,2.2505,N/A,1.6083,N/A,8.0438,
2001-09-19,0.9258,108.84,1.9467,0.57293,34.273,7.4423,15.6466,0.6323,258.15,3.7024,0.571,0.408,3.9097,28015,N/A,9.7215,219.8358,43.76,1.4835,92.31,7.967,N/A,N/A,1383000,N/A,1.8837,N/A,1.455,N/A,7.2208,N/A,N/A,N/A,1200.3,N/A,N/A,2.2582,N/A,1.6118,N/A,8.007,
2001-09-18,0.9256,108.5,1.9465,0.57277,34.33,7.4423,15.6466,0.6304,257.33,3.7013,0.5705,0.4078,3.9218,28015,N/A,9.7209,219.8221,43.855,1.4788,92.09,7.9935,N/A,N/A,1385000,N/A,1.8652,N/A,1.4535,N/A,7.2194,N/A,N/A,N/A,1200.73,N/A,N/A,2.2565,N/A,1.6067,N/A,8.032,
2001-09-17,0.9269,108.61,1.9468,0.57274,34.27,7.4423,15.6466,0.6304,257.74,3.7069,0.5703,0.4079,3.933,28020,N/A,9.7095,219.7479,43.795,1.488,91.8,8.0655,N/A,N/A,1435000,N/A,1.848,N/A,1.4555,N/A,7.2296,N/A,N/A,N/A,1203.86,N/A,N/A,2.2537,N/A,1.6061,N/A,8.0325,
2001-09-14,0.9219,108.33,1.9468,0.5727,34.157,7.4439,15.6466,0.6247,255.3,3.6868,0.5704,0.4065,3.904,27870,N/A,9.5911,219.6565,43.505,1.4984,90.86,8.028,N/A,N/A,1373000,N/A,1.7844,N/A,1.4483,N/A,7.1907,N/A,N/A,N/A,1197.09,N/A,N/A,2.1862,N/A,1.5979,N/A,7.958,
2001-09-13,0.906,107.88,1.9463,0.57303,34.123,7.4437,15.6466,0.6169,255.97,3.6232,0.5608,0.4035,3.8497,27386,N/A,9.5832,219.7971,43.377,1.504,90.44,7.999,N/A,N/A,1336000,N/A,1.7607,N/A,1.4158,N/A,7.0666,N/A,N/A,N/A,1168.97,N/A,N/A,2.134,N/A,1.5764,N/A,7.822,
2001-09-12,0.9052,108.15,1.9462,0.57343,34.191,7.4433,15.6466,0.6176,256,3.6199,0.5607,0.4035,3.8405,27339,N/A,9.5769,219.6846,43.353,1.503,90.16,7.987,N/A,N/A,1321000,N/A,1.7568,N/A,1.4151,N/A,7.0599,N/A,N/A,N/A,1162.82,N/A,N/A,2.1212,N/A,1.5722,N/A,7.7866,
2001-09-11,0.8964,109.3,1.9461,0.5732,34.1,7.4415,15.6466,0.6156,251.78,3.5849,0.5604,0.4022,3.784,27083,N/A,9.4974,219.7513,43.29,1.5146,89.81,7.947,N/A,N/A,1285000,N/A,1.7453,N/A,1.3984,N/A,6.9917,N/A,N/A,N/A,1161.73,N/A,N/A,2.1018,N/A,1.5732,N/A,7.661,
2001-09-10,0.9047,109.05,1.9464,0.5732,34.153,7.4418,15.6466,0.6172,252.99,3.619,0.5636,0.4033,3.8007,27277,N/A,9.5406,219.6264,43.228,1.5145,89.95,8.0025,N/A,N/A,1290000,N/A,1.7634,N/A,1.4175,N/A,7.0566,N/A,N/A,N/A,1162.54,N/A,N/A,2.1025,N/A,1.5823,N/A,7.7105,
2001-09-07,0.8952,108.32,1.9463,0.5728,34.155,7.4426,15.6466,0.6161,253.11,3.5808,0.5597,0.4022,3.7865,27014,N/A,9.495,219.6128,43.22,1.5118,89.25,7.9775,N/A,N/A,1253000,N/A,1.7232,N/A,1.3942,N/A,6.9823,N/A,N/A,N/A,1150.33,N/A,N/A,2.0679,N/A,1.5697,N/A,7.5915,
2001-09-06,0.8855,107.36,1.9462,0.57284,34.112,7.4424,15.6466,0.6109,252.05,3.542,0.5545,0.4002,3.7617,26703,N/A,9.452,219.7422,43.233,1.5115,88.8,7.949,N/A,N/A,1240000,N/A,1.7002,N/A,1.3784,N/A,6.9067,N/A,N/A,N/A,1135.5,N/A,N/A,2.0483,N/A,1.5517,N/A,7.549,
2001-09-05,0.8891,106.93,1.9463,0.57326,34.155,7.4431,15.6466,0.6148,251.67,3.5566,0.5562,0.4013,3.7659,26715,N/A,9.5165,219.8458,43.267,1.5101,88.68,7.9305,N/A,N/A,1263000,N/A,1.708,N/A,1.3874,N/A,6.9349,N/A,N/A,N/A,1135.38,N/A,N/A,2.0617,N/A,1.5538,N/A,7.5352,
2001-09-04,0.897,107.1,1.9462,0.57307,34.146,7.444,15.6466,0.6197,252.16,3.588,0.5589,0.4029,3.8183,26969,N/A,9.5517,219.7255,43.341,1.5151,89.28,7.963,N/A,N/A,1280000,N/A,1.717,N/A,1.3899,N/A,6.9965,N/A,N/A,N/A,1144.57,N/A,N/A,2.069,N/A,1.5657,N/A,7.5828,
2001-09-03,0.9072,107.92,1.9475,0.57303,34.217,7.4444,15.6466,0.6235,251.7,3.6297,0.5631,0.4047,3.8387,27258,N/A,9.5099,219.624,43.375,1.5156,89.62,8.0305,N/A,N/A,1267000,N/A,1.7225,N/A,1.4075,N/A,7.076,N/A,N/A,N/A,1159.4,N/A,N/A,2.076,N/A,1.5782,N/A,7.6681,
2001-08-31,0.9158,108.65,1.9504,0.5729,34.322,7.4465,15.6466,0.6285,253.75,3.6634,0.5667,0.4063,3.8712,27509,N/A,9.5345,219.5633,43.409,1.5165,90.15,8.0675,N/A,N/A,1255000,N/A,1.7305,N/A,1.4143,N/A,7.143,N/A,N/A,N/A,1171.31,N/A,N/A,2.0775,N/A,1.5939,N/A,7.6992,
2001-08-30,0.9095,108.95,1.9492,0.57264,34.242,7.4435,15.6466,0.6257,252.4,3.6382,0.5645,0.4052,3.8565,27258,N/A,9.4669,219.75,43.375,1.5171,89.9,8.0485,N/A,N/A,1253000,N/A,1.7139,N/A,1.4047,N/A,7.0939,N/A,N/A,N/A,1163.25,N/A,N/A,2.0701,N/A,1.5916,N/A,7.6094,
2001-08-29,0.9122,108.94,1.9496,0.5728,34.21,7.4441,15.6466,0.6269,252.93,3.6488,0.5659,0.4057,3.8589,27330,N/A,9.425,219.7966,43.384,1.5168,90.21,8.068,N/A,N/A,1267000,N/A,1.7202,N/A,1.4053,N/A,7.1149,N/A,N/A,N/A,1164.88,N/A,N/A,2.0685,N/A,1.5927,N/A,7.6165,
2001-08-28,0.9042,108.75,1.9494,0.5729,34.188,7.4432,15.6466,0.6281,254.08,3.6152,0.5632,0.405,3.8437,27027,N/A,9.366,219.6514,43.358,1.5166,90.03,8.068,N/A,N/A,1272000,N/A,1.7162,N/A,1.3958,N/A,7.0527,N/A,N/A,N/A,1153.76,N/A,N/A,2.0746,N/A,1.5834,N/A,7.588,
2001-08-27,0.909,109.18,1.9477,0.57274,34.182,7.4443,15.6466,0.6307,252.95,3.6344,0.5654,0.4059,3.8644,27149,N/A,9.3829,219.6478,43.29,1.5194,90.21,8.083,N/A,N/A,1300000,N/A,1.7231,N/A,1.4009,N/A,7.09,N/A,N/A,N/A,1159.88,N/A,N/A,2.0761,N/A,1.5894,N/A,7.6242,
2001-08-24,0.9108,109.56,1.9474,0.57297,34.217,7.4449,15.6466,0.6317,251.51,3.6423,0.5662,0.4063,3.8379,27172,N/A,9.3873,219.8396,43.251,1.5193,90.31,8.106,N/A,N/A,1343000,N/A,1.718,N/A,1.4048,N/A,7.1041,N/A,N/A,N/A,1162.18,N/A,N/A,2.0806,N/A,1.5953,N/A,7.632,
2001-08-23,0.9112,109.65,1.947,0.5733,34.303,7.4472,15.6466,0.6306,251.52,3.6432,0.5669,0.4061,3.8593,27170,N/A,9.424,219.5729,43.255,1.5194,89.84,8.112,N/A,N/A,1341333,N/A,1.7118,N/A,1.4072,N/A,7.1071,N/A,N/A,N/A,1165.42,N/A,N/A,2.0715,N/A,1.5993,N/A,7.62,
2001-08-22,0.9216,110.39,1.9466,0.57366,34.342,7.4485,15.6466,0.6326,256.47,3.685,0.57,0.4076,3.9383,27453,N/A,9.4707,219.5332,43.265,1.5199,90.31,8.1105,N/A,N/A,1344000,N/A,1.7114,N/A,1.4272,N/A,7.1883,N/A,N/A,N/A,1177.8,N/A,N/A,2.074,N/A,1.6149,N/A,7.7462,
2001-08-21,0.9128,109.4,1.9465,0.57389,34.078,7.4468,15.6466,0.6304,256.24,3.6504,0.5662,0.4064,3.8997,27205,N/A,9.431,219.5238,43.173,1.5166,89.7,8.1215,N/A,N/A,1311000,N/A,1.711,N/A,1.4107,N/A,7.1196,N/A,N/A,N/A,1167.47,N/A,N/A,2.0874,N/A,1.5973,N/A,7.584,
2001-08-20,0.9149,110.18,1.9462,0.57409,34.083,7.4459,15.6466,0.633,255.9,3.6587,0.5675,0.4069,3.9348,27241,N/A,9.4235,219.4599,43.168,1.5187,89.25,8.1135,N/A,N/A,1301000,N/A,1.7145,N/A,1.4145,N/A,7.136,N/A,N/A,N/A,1171.99,N/A,N/A,2.0864,N/A,1.608,N/A,7.605,
2001-08-17,0.9138,110.34,1.9461,0.57399,34.022,7.4453,15.6466,0.6327,255.73,3.6547,0.5674,0.4067,3.9205,27202,N/A,9.335,219.5267,43.17,1.5183,89.04,8.1325,N/A,N/A,1292000,N/A,1.712,N/A,1.4053,N/A,7.1275,N/A,N/A,N/A,1174.74,N/A,N/A,2.087,N/A,1.6037,N/A,7.542,
2001-08-16,0.9144,109.66,1.9465,0.57405,33.972,7.4437,15.6466,0.6328,254.25,3.6576,0.5676,0.4068,3.8966,27253,N/A,9.2581,219.6274,43.13,1.5193,89.64,8.1035,N/A,N/A,1339000,N/A,1.7358,N/A,1.3962,N/A,7.132,N/A,N/A,N/A,1167.69,N/A,N/A,2.0948,N/A,1.5949,N/A,7.5433,
2001-08-15,0.9114,109.62,1.9461,0.57485,33.9,7.4433,15.6466,0.6344,253,3.6461,0.5669,0.4067,3.8833,27187,N/A,9.2593,219.5,42.95,1.5184,89.63,8.1235,N/A,N/A,1359000,N/A,1.7291,N/A,1.3955,N/A,7.1126,N/A,N/A,N/A,1165.68,N/A,N/A,2.0975,N/A,1.5902,N/A,7.5296,
2001-08-14,0.8968,110.04,1.9461,0.57389,33.88,7.4431,15.6466,0.6312,246.6,3.5876,0.5626,0.4046,3.8168,26742,N/A,9.211,219.55,42.96,1.5155,89.21,8.068,N/A,N/A,1306000,N/A,1.738,N/A,1.3802,N/A,6.9948,N/A,N/A,N/A,1155.53,N/A,N/A,2.102,N/A,1.5788,N/A,7.4232,
2001-08-13,0.8991,109.33,1.9461,0.57488,33.897,7.4423,15.6466,0.6312,246.38,3.5971,0.5627,0.4048,3.7997,26781,N/A,9.2049,219.5352,42.871,1.5139,88.18,8.0625,N/A,N/A,1257000,N/A,1.7329,N/A,1.383,N/A,7.0123,N/A,N/A,N/A,1156.24,N/A,N/A,2.0982,N/A,1.5783,N/A,7.4284,
2001-08-10,0.8936,109.31,1.9464,0.57356,33.88,7.4422,15.6466,0.6269,246.92,3.5745,0.5609,0.4036,3.7623,26623,N/A,9.1795,219.605,43.005,1.5117,87.86,8.015,N/A,N/A,1241000,N/A,1.7332,N/A,1.3793,N/A,6.9695,N/A,N/A,N/A,1146.85,N/A,N/A,2.1009,N/A,1.5718,N/A,7.37,
2001-08-09,0.8853,109.16,1.947,0.57362,33.85,7.4422,15.6466,0.6234,246.5,3.541,0.5598,0.4021,3.7345,26380,N/A,9.1734,219.425,42.815,1.5057,86.95,7.985,N/A,N/A,1221000,N/A,1.7135,N/A,1.3584,N/A,6.9049,N/A,N/A,N/A,1137.61,N/A,N/A,2.0836,N/A,1.5721,N/A,7.3259,
2001-08-08,0.8763,107.94,1.9463,0.57362,33.805,7.4432,15.6466,0.6187,246.95,3.5052,0.555,0.4003,3.6966,26078,N/A,9.1509,219.3279,42.827,1.5059,86.45,7.958,N/A,N/A,1203200,N/A,1.701,N/A,1.3441,N/A,6.8346,N/A,N/A,N/A,1121.66,N/A,N/A,2.0822,N/A,1.5546,N/A,7.265,
2001-08-07,0.8768,108.74,1.9467,0.57372,33.913,7.4429,15.6466,0.6195,247.39,3.5074,0.5551,0.4004,3.7197,26098,N/A,9.1885,219.2182,42.909,1.506,86.54,7.969,N/A,N/A,1186000,N/A,1.702,N/A,1.3395,N/A,6.8383,N/A,N/A,N/A,1126.95,N/A,N/A,2.0976,N/A,1.5655,N/A,7.2775,
2001-08-06,0.8805,109.08,1.9472,0.57386,33.919,7.4471,15.6466,0.619,247.06,3.5226,0.5552,0.4008,3.7267,26159,N/A,9.1637,219.2446,42.911,1.5076,86.69,7.9775,N/A,N/A,1187000,N/A,1.7055,N/A,1.3465,N/A,6.8668,N/A,N/A,N/A,1132.7,N/A,N/A,2.106,N/A,1.5689,N/A,7.3062,
2001-08-03,0.8806,109.05,1.9475,0.57386,33.93,7.4476,15.6466,0.6164,248,3.5234,0.5547,0.4005,3.7297,26148,N/A,9.1721,219.2738,42.95,1.5076,86.55,7.9685,N/A,N/A,1181000,N/A,1.702,N/A,1.3516,N/A,6.868,N/A,N/A,N/A,1130.69,N/A,N/A,2.111,N/A,1.5661,N/A,7.2599,
2001-08-02,0.8788,109.02,1.9468,0.57392,34.002,7.4483,15.6466,0.6145,248.72,3.5152,0.5534,0.4001,3.755,26131,N/A,9.229,219.2893,43.041,1.5094,86.62,7.996,N/A,N/A,1178000,N/A,1.6951,N/A,1.3515,N/A,6.854,N/A,N/A,N/A,1128.38,N/A,N/A,2.1005,N/A,1.5665,N/A,7.2239,
2001-08-01,0.8817,109.85,1.9462,0.57392,34.003,7.4492,15.6466,0.6156,248.14,3.5268,0.5547,0.4005,3.7528,26152,N/A,9.3092,219.1926,43.261,1.5106,86.84,8.012,N/A,N/A,1175000,N/A,1.7188,N/A,1.3553,N/A,6.8769,N/A,N/A,N/A,1139.16,N/A,N/A,2.131,N/A,1.5898,N/A,7.274,
2001-07-31,0.8755,109.3,1.9461,0.57389,33.98,7.4475,15.6466,0.6143,247.75,3.5022,0.552,0.3996,3.7103,25927,N/A,9.2785,219.2314,43.302,1.5102,87.85,7.985,N/A,N/A,1163000,N/A,1.7282,N/A,1.3389,N/A,6.8286,N/A,N/A,N/A,1136.4,N/A,N/A,2.1304,N/A,1.5791,N/A,7.2334,
2001-07-30,0.8751,109.45,1.9467,0.57399,33.87,7.4453,15.6466,0.6136,247.08,3.502,0.5524,0.3995,3.694,25890,N/A,9.256,219.2708,43.193,1.5114,87.87,7.98,N/A,N/A,1163000,N/A,1.7314,N/A,1.3407,N/A,6.8254,N/A,N/A,N/A,1137.63,N/A,N/A,2.1269,N/A,1.5773,N/A,7.1812,
2001-07-27,0.8768,108.65,1.9467,0.57405,33.874,7.4454,15.6466,0.6141,247.27,3.5078,0.5523,0.3997,3.6867,25928,N/A,9.2825,219.1594,43.067,1.5081,87.86,7.984,N/A,N/A,1164000,N/A,1.7323,N/A,1.3426,N/A,6.8387,N/A,N/A,N/A,1135.46,N/A,N/A,2.1328,N/A,1.5769,N/A,7.1751,
2001-07-26,0.8764,108.58,1.946,0.57409,33.882,7.4455,15.6466,0.6146,246.35,3.5062,0.5524,0.3997,3.6807,25914,N/A,9.3009,218.9854,43.041,1.5107,88.35,8.0125,N/A,N/A,1162000,N/A,1.724,N/A,1.3465,N/A,6.8357,N/A,N/A,N/A,1134.94,N/A,N/A,2.1236,N/A,1.5821,N/A,7.1726,
2001-07-25,0.8793,108.9,1.9462,0.57395,33.863,7.4443,15.6466,0.6157,246.59,3.5181,0.5534,0.4003,3.6853,25940,N/A,9.3472,218.9625,42.811,1.5054,88.73,8.013,N/A,N/A,1155000,N/A,1.7363,N/A,1.3506,N/A,6.8583,N/A,N/A,N/A,1147.49,N/A,N/A,2.1379,N/A,1.5989,N/A,7.2215,
2001-07-24,0.8708,108.07,1.9462,0.57372,33.874,7.4447,15.6466,0.6139,247.27,3.4839,0.5499,0.3989,3.6677,25693,N/A,9.3118,218.7672,42.711,1.5064,88.43,8.002,N/A,N/A,1137000,N/A,1.7152,N/A,1.3401,N/A,6.7921,N/A,N/A,N/A,1140.75,N/A,N/A,2.1224,N/A,1.584,N/A,7.1329,
2001-07-23,0.8676,107.62,1.9465,0.57395,33.798,7.4471,15.6466,0.6097,246.68,3.4706,0.5481,0.3979,3.644,25566,N/A,9.2907,218.9239,42.68,1.5055,88.18,7.9865,N/A,N/A,1147000,N/A,1.7103,N/A,1.34,N/A,6.7671,N/A,N/A,N/A,1138.73,N/A,N/A,2.118,N/A,1.5831,N/A,7.1242,
2001-07-20,0.8776,108.36,1.9466,0.57409,33.878,7.4485,15.6466,0.6118,249.2,3.5113,0.5521,0.3994,3.699,25825,N/A,9.2631,218.911,42.739,1.5078,88.54,8.017,N/A,N/A,1150767,N/A,1.7111,N/A,1.3531,N/A,6.8451,N/A,N/A,N/A,1145.88,N/A,N/A,2.1239,N/A,1.6006,N/A,7.2418,
2001-07-19,0.8723,107.7,1.9466,0.57415,33.908,7.4463,15.6466,0.615,249.25,3.4896,0.5506,0.3992,3.6833,25690,N/A,9.2565,218.9614,42.718,1.507,88.4,8.011,N/A,N/A,1173650,N/A,1.6931,N/A,1.3432,N/A,6.8038,N/A,N/A,N/A,1137.7,N/A,N/A,2.1062,N/A,1.5924,N/A,7.2071,
2001-07-18,0.863,107.8,1.9461,0.57412,33.895,7.4466,15.6466,0.6127,248.63,3.4518,0.5477,0.3978,3.6195,25320,N/A,9.2314,218.8193,42.601,1.504,88.1,8.0075,N/A,N/A,1180000,N/A,1.6894,N/A,1.3242,N/A,6.7313,N/A,N/A,N/A,1127.94,N/A,N/A,2.1118,N/A,1.5802,N/A,7.0856,
2001-07-17,0.8516,106.65,1.9461,0.57425,33.795,7.4444,15.6466,0.6088,252.55,3.4052,0.5428,0.3958,3.592,25017,N/A,9.2152,218.8442,42.599,1.5121,87.64,7.9805,N/A,N/A,1277000,N/A,1.6811,N/A,1.3083,N/A,6.6424,N/A,N/A,N/A,1119,N/A,N/A,2.0996,N/A,1.5617,N/A,7.0263,
2001-07-16,0.8583,107.45,1.9461,0.57432,33.825,7.4443,15.6466,0.6126,254.35,3.4323,0.5458,0.3972,3.6063,25142,N/A,9.2107,218.8761,42.615,1.5135,87.93,7.9775,N/A,N/A,1175000,N/A,1.683,N/A,1.3209,N/A,6.6947,N/A,N/A,N/A,1124.37,N/A,N/A,2.1055,N/A,1.5764,N/A,7.0791,
2001-07-13,0.8539,106.12,1.9461,0.57425,33.785,7.442,15.6466,0.6091,254.85,3.4161,0.543,0.3961,3.62,25000,N/A,9.232,218.8118,42.571,1.5118,87.69,7.9565,N/A,N/A,1144033,N/A,1.6821,N/A,1.3093,N/A,6.66,N/A,N/A,N/A,1113.49,N/A,N/A,2.099,N/A,1.5678,N/A,7.0254,
2001-07-12,0.8538,106.16,1.9468,0.57412,33.883,7.4425,15.6466,0.6071,256.95,3.416,0.5428,0.3959,3.7167,25002,N/A,9.262,218.9185,42.68,1.5138,88.07,7.964,N/A,N/A,1132450,N/A,1.6927,N/A,1.3024,N/A,6.6594,N/A,N/A,N/A,1108.23,N/A,N/A,2.1126,N/A,1.5654,N/A,7.0754,
2001-07-11,0.8611,107.21,1.947,0.57376,33.973,7.4424,15.6466,0.6078,256.44,3.444,0.5459,0.3968,3.825,25177,N/A,9.3164,218.767,42.691,1.5194,87.71,7.9825,N/A,N/A,1180000,N/A,1.6842,N/A,1.3102,N/A,6.7165,N/A,N/A,N/A,1125.03,N/A,N/A,2.1105,N/A,1.5804,N/A,7.1507,
2001-07-10,0.8545,107.28,1.9465,0.57366,33.902,7.4438,15.6466,0.6052,252.15,3.4177,0.5438,0.3957,3.6913,25003,N/A,9.2882,218.6537,42.561,1.5238,87.45,7.9455,N/A,N/A,1120100,N/A,1.674,N/A,1.298,N/A,6.665,N/A,N/A,N/A,1108.71,N/A,N/A,2.098,N/A,1.5672,N/A,7.0133,
2001-07-09,0.8459,106.19,1.9468,0.57395,34.068,7.4434,15.6466,0.6014,254.05,3.3824,0.5396,0.3939,3.6702,24723,N/A,9.3005,218.8261,42.571,1.5196,87.05,7.918,N/A,N/A,1102000,N/A,1.6724,N/A,1.2841,N/A,6.5979,N/A,N/A,N/A,1095.86,N/A,N/A,2.0946,N/A,1.5475,N/A,6.9596,
2001-07-06,0.8384,105.65,1.9467,0.57397,33.961,7.4422,15.6466,0.5996,250.55,3.3543,0.5367,0.3922,3.535,24524,N/A,9.2575,218.5116,42.402,1.522,86.66,7.928,N/A,N/A,1113000,N/A,1.6578,N/A,1.2698,N/A,6.5394,N/A,N/A,N/A,1084.89,N/A,N/A,2.0861,N/A,1.5322,N/A,6.8655,
2001-07-05,0.8422,105.74,1.9465,0.57395,33.755,7.4427,15.6466,0.599,242.4,3.369,0.5382,0.3933,3.3923,24576,N/A,9.222,218.6776,41.951,1.5216,87.17,7.9115,N/A,N/A,1075000,N/A,1.6268,N/A,1.2729,N/A,6.569,N/A,N/A,N/A,1091.07,N/A,N/A,2.0821,N/A,1.537,N/A,6.866,
2001-07-04,0.8453,105.16,1.947,0.57402,33.762,7.4443,15.6466,0.6026,240.9,3.382,0.5494,0.3947,3.3773,24658,N/A,9.2032,218.3365,41.95,1.5194,88.19,7.924,N/A,N/A,1080000,N/A,1.6282,N/A,1.2776,N/A,6.5932,N/A,N/A,N/A,1095.09,N/A,N/A,2.0789,N/A,1.5414,N/A,6.8119,
2001-07-03,0.8497,105.43,1.9469,0.57412,33.767,7.4457,15.6466,0.6019,242.58,3.3989,0.5402,0.3946,3.3829,24790,N/A,9.2416,218.1227,42.133,1.5236,88.02,7.9505,N/A,N/A,1082000,N/A,1.6423,N/A,1.284,N/A,6.6275,N/A,N/A,N/A,1098.24,N/A,N/A,2.078,N/A,1.5486,N/A,6.8211,
2001-07-02,0.8455,105.16,1.9473,0.57418,33.8,7.4449,15.6466,0.598,242.85,3.3828,0.5382,0.3934,3.3973,24696,N/A,9.2326,218.3238,42.16,1.5209,87.76,7.9345,N/A,N/A,1063000,N/A,1.6612,N/A,1.28,N/A,6.5946,N/A,N/A,N/A,1099.15,N/A,N/A,2.0843,N/A,1.5408,N/A,6.8063,
2001-06-29,0.848,105.37,1.9474,0.57428,33.78,7.4444,15.6466,0.6031,243.63,3.3926,0.5391,0.3946,3.3696,24719,N/A,9.2125,218.4195,42.265,1.5228,88.92,7.8865,N/A,N/A,1067000,N/A,1.6735,N/A,1.2927,N/A,6.6143,N/A,N/A,N/A,1102.82,N/A,N/A,2.1045,N/A,1.5451,N/A,6.8332,
2001-06-28,0.8511,106.15,1.9478,0.57438,33.78,7.447,15.6466,0.6035,242.18,3.405,0.5407,0.395,3.3727,24817,N/A,9.1925,218.1372,42.18,1.5193,88.71,7.884,N/A,N/A,1081333,N/A,1.6635,N/A,1.2955,N/A,6.6382,N/A,N/A,N/A,1108.98,N/A,N/A,2.0665,N/A,1.5519,N/A,6.85,
2001-06-27,0.8622,107.05,1.948,0.57442,33.86,7.4479,15.6466,0.6091,243.57,3.4497,0.545,0.3972,3.41,25115,N/A,9.24,218.1883,42.33,1.5223,88.88,7.899,N/A,N/A,1078667,N/A,1.6587,N/A,1.3033,N/A,6.7248,N/A,N/A,N/A,1119.14,N/A,N/A,2.0632,N/A,1.5701,N/A,6.9136,
2001-06-26,0.8611,106.71,1.9476,0.57428,33.83,7.4522,15.6466,0.609,243.35,3.4453,0.5445,0.3971,3.4047,25055,N/A,9.2192,218.4257,42.381,1.5222,88.93,7.936,N/A,N/A,1093000,N/A,1.6621,N/A,1.3085,N/A,6.7165,N/A,N/A,N/A,1119,N/A,N/A,2.0645,N/A,1.5672,N/A,6.91,
2001-06-25,0.8607,106.71,1.9473,0.57438,33.885,7.4535,15.6466,0.6082,243.35,3.442,0.5465,0.3969,3.4059,25025,N/A,9.1495,217.993,42.681,1.5202,89.49,7.9285,N/A,N/A,1120000,N/A,1.663,N/A,1.3099,N/A,6.7131,N/A,N/A,N/A,1121.49,N/A,N/A,2.085,N/A,1.5654,N/A,6.9265,
2001-06-22,0.8528,105.98,1.9475,0.57458,33.94,7.4531,15.6466,0.6037,243.88,3.4104,0.5425,0.3952,3.3918,24745,N/A,9.151,218.1335,42.612,1.5168,89.81,7.86,N/A,N/A,1086000,N/A,1.651,N/A,1.3002,N/A,6.6516,N/A,N/A,N/A,1111.41,N/A,N/A,2.0635,N/A,1.5528,N/A,6.8554,
2001-06-21,0.8552,106.12,1.947,0.57471,34.032,7.4552,15.6466,0.6064,245.16,3.4199,0.544,0.3959,3.4107,24852,N/A,9.1475,218.0321,42.805,1.5204,91.05,7.894,N/A,N/A,1098000,N/A,1.654,N/A,1.3076,N/A,6.6701,N/A,N/A,N/A,1113.47,N/A,N/A,2.073,N/A,1.5581,N/A,6.913,
2001-06-20,0.8513,105,1.9465,0.57481,33.927,7.455,15.6466,0.611,246.7,3.4042,0.5414,0.3961,3.4037,24697,N/A,9.1139,218.0433,42.89,1.5248,91.6,7.8565,N/A,N/A,1069000,N/A,1.644,N/A,1.3072,N/A,6.6397,N/A,N/A,N/A,1103.28,N/A,N/A,2.062,N/A,1.5502,N/A,6.8894,
2001-06-19,0.8563,105.43,1.9467,0.57521,33.903,7.4551,15.6466,0.6132,246.27,3.4243,0.5427,0.3971,3.3977,24804,N/A,9.0719,218.0567,42.93,1.53,90.58,7.9,N/A,N/A,1048000,N/A,1.638,N/A,1.3124,N/A,6.6788,N/A,N/A,N/A,1116.62,N/A,N/A,2.067,N/A,1.5563,N/A,6.8984,
2001-06-18,0.8581,105.71,1.9469,0.57509,33.963,7.4554,15.6466,0.6124,245.74,3.4315,0.5436,0.3973,3.4023,24863,N/A,9.1,217.9914,42.93,1.5292,90.49,7.9225,N/A,N/A,1046000,N/A,1.6444,N/A,1.3122,N/A,6.6928,N/A,N/A,N/A,1115.96,N/A,N/A,2.0735,N/A,1.5588,N/A,6.9015,
2001-06-15,0.8662,104.74,1.9473,0.57504,34,7.4555,15.6466,0.615,246.15,3.4641,0.5458,0.3986,3.4117,25058,N/A,9.16,217.7753,42.892,1.5255,90.76,7.998,N/A,N/A,1030000,N/A,1.6426,N/A,1.3244,N/A,6.7556,N/A,N/A,N/A,1119.13,N/A,N/A,2.07,N/A,1.5691,N/A,6.9275,
2001-06-14,0.8492,103.52,1.947,0.57508,33.873,7.4555,15.6466,0.6114,247.1,3.3955,0.5395,0.3959,3.3633,24580,N/A,9.2511,217.8503,42.852,1.5254,89.65,7.9545,N/A,N/A,1018333,N/A,1.6212,N/A,1.2925,N/A,6.6227,N/A,N/A,N/A,1097.17,N/A,N/A,2.0468,N/A,1.5432,N/A,6.8892,
2001-06-13,0.8542,104.28,1.947,0.57518,33.99,7.4557,15.6466,0.6203,247.58,3.4157,0.5427,0.3978,3.3838,24685,N/A,9.2605,217.8758,43.031,1.528,89.57,7.995,N/A,N/A,1038000,N/A,1.6221,N/A,1.3014,N/A,6.6618,N/A,N/A,N/A,1104.48,N/A,N/A,2.0316,N/A,1.5518,N/A,6.9126,
2001-06-12,0.8474,103.16,1.9462,0.57534,33.905,7.4547,15.6466,0.6152,248.8,3.3892,0.5389,0.3962,3.3433,24468,N/A,9.32,217.7257,42.945,1.5222,88.79,7.9835,N/A,N/A,1008748,N/A,1.6137,N/A,1.2915,N/A,6.6086,N/A,N/A,N/A,1093.15,N/A,N/A,2.0236,N/A,1.5391,N/A,6.8563,
2001-06-11,0.8494,103.39,1.9467,0.57554,34.048,7.4544,15.6466,0.6136,250.15,3.3969,0.5402,0.3963,3.376,24555,N/A,9.311,217.7358,43.027,1.5228,88.69,7.9535,N/A,N/A,1003428,N/A,1.6157,N/A,1.2884,N/A,6.6244,N/A,N/A,N/A,1092.33,N/A,N/A,2.0236,N/A,1.5395,N/A,6.8555,
2001-06-08,0.8468,102.14,1.9464,0.57561,34.081,7.4546,15.6466,0.6128,250.58,3.3875,0.5381,0.3958,3.3728,24460,N/A,9.3229,217.5246,43.012,1.5219,88.53,7.951,N/A,N/A,987500,N/A,1.6187,N/A,1.2864,N/A,6.6043,N/A,N/A,N/A,1088.56,N/A,N/A,2.0266,N/A,1.533,N/A,6.8328,
2001-06-07,0.8466,101.7,1.9465,0.57577,34.075,7.4564,15.6466,0.6124,249.07,3.3864,0.5383,0.396,3.3765,24432,N/A,9.3182,217.6993,42.98,1.5236,88.22,7.9555,N/A,N/A,987000,N/A,1.6375,N/A,1.2878,N/A,6.6031,N/A,N/A,N/A,1090.25,N/A,N/A,2.051,N/A,1.532,N/A,6.8655,
2001-06-06,0.8543,103.13,1.947,0.57604,34.127,7.4577,15.6466,0.6087,250.35,3.4172,0.5419,0.3961,3.409,24617,N/A,9.2275,217.6677,42.92,1.5181,89.01,7.9675,N/A,N/A,1005900,N/A,1.6589,N/A,1.3047,N/A,6.6634,N/A,N/A,N/A,1098.2,N/A,N/A,2.0581,N/A,1.548,N/A,6.872,
2001-06-05,0.8465,101.44,1.9469,0.57604,33.955,7.456,15.6466,0.5998,251.61,3.3868,0.5375,0.3939,3.373,24375,N/A,9.2412,217.7237,42.889,1.5142,89.22,7.969,N/A,N/A,990000,N/A,1.6675,N/A,1.3005,N/A,6.6025,N/A,N/A,N/A,1089.02,N/A,N/A,2.059,N/A,1.533,N/A,6.8169,
2001-06-04,0.8513,101.9,1.9472,0.5764,34.018,7.456,15.6466,0.6004,253.54,3.4061,0.5399,0.3945,3.383,24505,N/A,9.24,217.6603,42.895,1.5218,87.9,7.98,N/A,N/A,970000,N/A,1.6695,N/A,1.3046,N/A,6.6392,N/A,N/A,N/A,1093.49,N/A,N/A,2.0645,N/A,1.5445,N/A,6.7968,
2001-06-01,0.8478,100.62,1.9469,0.5762,34.053,7.4564,15.6466,0.5978,253.55,3.3921,0.5379,0.3937,3.3781,24371,N/A,9.1725,217.7282,42.898,1.5209,87.84,7.982,N/A,N/A,974500,N/A,1.666,N/A,1.3009,N/A,6.6126,N/A,N/A,N/A,1088.58,N/A,N/A,2.06,N/A,1.5342,N/A,6.791,
2001-05-31,0.848,101,1.947,0.57677,34.195,7.4556,15.6466,0.5973,253.75,3.3927,0.5377,0.3937,3.393,24392,N/A,9.125,217.6353,42.939,1.5206,88.81,7.93,N/A,N/A,995000,N/A,1.6727,N/A,1.3146,N/A,6.6142,N/A,N/A,N/A,1086.29,N/A,N/A,2.0628,N/A,1.5346,N/A,6.7855,
2001-05-30,0.8558,102.77,1.9466,0.5766,34.136,7.4567,15.6466,0.6024,253.65,3.4241,0.5419,0.3954,3.4274,24552,N/A,9.08,217.9477,42.881,1.5252,89.36,7.908,N/A,N/A,982000,N/A,1.6673,N/A,1.3194,N/A,6.6751,N/A,N/A,N/A,1103.98,N/A,N/A,2.0467,N/A,1.5484,N/A,6.814,
2001-05-29,0.8552,102.88,1.9461,0.5769,34.219,7.4575,15.6466,0.6032,254,3.4217,0.5416,0.3955,3.4529,24540,N/A,9.035,217.5675,42.938,1.526,88.24,7.8865,N/A,N/A,956700,N/A,1.6608,N/A,1.3167,N/A,6.6704,N/A,N/A,N/A,1102.78,N/A,N/A,2.0285,N/A,1.5449,N/A,6.7732,
2001-05-28,0.8584,103.98,1.9461,0.577,34.318,7.4582,15.6466,0.6048,255.35,3.4345,0.5436,0.3961,3.4527,24640,N/A,9.0595,217.5324,42.863,1.5272,87.05,7.9115,N/A,N/A,957000,N/A,1.6505,N/A,1.3253,N/A,6.6954,N/A,N/A,N/A,1110.77,N/A,N/A,2.023,N/A,1.5554,N/A,6.7842,
2001-05-25,0.8591,103.54,1.9461,0.57697,34.288,7.4592,15.6466,0.6045,255.35,3.4373,0.5435,0.3961,3.4325,24618,N/A,9.0525,217.5566,42.815,1.5272,87.16,7.901,N/A,N/A,953000,N/A,1.6485,N/A,1.324,N/A,6.7008,N/A,N/A,N/A,1107.47,N/A,N/A,2.0303,N/A,1.5545,N/A,6.804,
2001-05-24,0.8604,103.15,1.9462,0.57707,34.271,7.4584,15.6466,0.6077,256.76,3.4425,0.5442,0.3967,3.4392,24659,N/A,9.0195,217.6081,42.94,1.5269,86.94,7.9325,N/A,N/A,960800,N/A,1.6713,N/A,1.3345,N/A,6.7109,N/A,N/A,N/A,1105.61,N/A,N/A,2.0527,N/A,1.5516,N/A,6.8415,
2001-05-23,0.8585,104.01,1.9461,0.5771,34.233,7.4593,15.6466,0.6037,257.21,3.4351,0.5432,0.3959,3.432,24537,N/A,9.0515,217.5566,43.11,1.5269,86.97,7.944,N/A,N/A,957000,N/A,1.6575,N/A,1.3269,N/A,6.6962,N/A,N/A,N/A,1104.46,N/A,N/A,2.0322,N/A,1.5498,N/A,6.795,
2001-05-22,0.8685,106.96,1.9461,0.57717,34.259,7.4592,15.6466,0.6069,258.43,3.4745,0.5486,0.3976,3.4675,24799,N/A,8.9725,217.4475,43.265,1.5317,87.49,7.9315,N/A,N/A,962250,N/A,1.6593,N/A,1.3361,N/A,6.7741,N/A,N/A,N/A,1129.05,N/A,N/A,2.0457,N/A,1.5733,N/A,6.8829,
2001-05-21,0.8754,107.79,1.9466,0.57733,34.327,7.4608,15.6466,0.609,258.52,3.5025,0.5518,0.3987,3.4945,25078,N/A,8.98,217.3968,43.229,1.5316,87.9,7.931,N/A,N/A,976000,N/A,1.6575,N/A,1.3432,N/A,6.8279,N/A,N/A,N/A,1139.77,N/A,N/A,2.0508,N/A,1.5856,N/A,6.8957,
2001-05-18,0.8777,108.35,1.9462,0.57753,34.354,7.4609,15.6466,0.6137,257.95,3.5117,0.5532,0.3997,3.4847,25020,N/A,9.012,217.6239,43.278,1.5341,88.35,7.9605,N/A,N/A,977200,N/A,1.6687,N/A,1.3486,N/A,6.8459,N/A,N/A,N/A,1144.52,N/A,N/A,2.0594,N/A,1.5886,N/A,6.9661,
2001-05-17,0.8815,108.58,1.9465,0.57783,34.323,7.4621,15.6466,0.6165,257.45,3.5269,0.5549,0.4007,3.5027,25127,N/A,9.0317,217.4837,43.213,1.533,88.02,8.003,N/A,N/A,983000,N/A,1.6688,N/A,1.354,N/A,6.8755,N/A,N/A,N/A,1147.71,N/A,N/A,2.0712,N/A,1.5946,N/A,7.0485,
2001-05-16,0.8834,109.26,1.9465,0.57813,34.35,7.4621,15.6466,0.6193,258.46,3.5351,0.5561,0.4013,3.5188,25185,N/A,9.0712,217.5858,43.24,1.5329,88.44,8.0335,N/A,N/A,997000,N/A,1.6922,N/A,1.3666,N/A,6.8904,N/A,N/A,N/A,1156.37,N/A,N/A,2.1062,N/A,1.6016,N/A,7.0543,
2001-05-15,0.8768,108.35,1.9468,0.57824,34.417,7.4614,15.6466,0.6185,258.25,3.5082,0.5534,0.4003,3.5198,24963,N/A,8.9995,217.4657,43.188,1.5319,87.41,8.019,N/A,N/A,998500,N/A,1.6962,N/A,1.3621,N/A,6.839,N/A,N/A,N/A,1142.91,N/A,N/A,2.1021,N/A,1.5949,N/A,6.995,
2001-05-14,0.8745,107.62,1.9463,0.5785,34.378,7.4613,15.6466,0.6172,257.38,3.4984,0.5526,0.3999,3.5173,24870,N/A,9.0025,217.4656,43.228,1.5327,85.99,7.99,N/A,N/A,999700,N/A,1.6907,N/A,1.358,N/A,6.821,N/A,N/A,N/A,1134.58,N/A,N/A,2.0898,N/A,1.5892,N/A,6.9894,
2001-05-11,0.8773,107.35,1.9467,0.5784,34.39,7.462,15.6466,0.6181,257.41,3.5089,0.5538,0.4004,3.4925,24920,N/A,8.9695,217.4582,43.243,1.5353,86.54,8.0185,N/A,N/A,1009000,N/A,1.6742,N/A,1.3529,N/A,6.8427,N/A,N/A,N/A,1137.86,N/A,N/A,2.0625,N/A,1.5897,N/A,6.9844,
2001-05-10,0.885,108.17,1.9475,0.5783,34.417,7.4635,15.6466,0.6223,258.57,3.5392,0.5576,0.4022,3.5213,25280,N/A,9.0725,217.3868,43.258,1.5404,86.44,8.071,N/A,N/A,1015800,N/A,1.6923,N/A,1.3627,N/A,6.9028,N/A,N/A,N/A,1155.81,N/A,N/A,2.087,N/A,1.6072,N/A,6.998,
2001-05-09,0.8827,107.5,1.9479,0.57817,34.423,7.4641,15.6466,0.6213,258.33,3.5292,0.5567,0.4015,3.4942,25011,N/A,9.116,217.4417,43.253,1.5401,86.21,8.04,N/A,N/A,1021600,N/A,1.6948,N/A,1.3602,N/A,6.8848,N/A,N/A,N/A,1149.1,N/A,N/A,2.087,N/A,1.608,N/A,7.0274,
2001-05-08,0.8866,108.21,1.9479,0.57824,34.485,7.4643,15.6466,0.6185,258.48,3.546,0.5582,0.4015,3.5002,25120,N/A,9.1069,217.2649,43.259,1.5419,88.69,8.054,N/A,N/A,1015000,N/A,1.7051,N/A,1.3677,N/A,6.9151,N/A,N/A,N/A,1155.24,N/A,N/A,2.1002,N/A,1.618,N/A,7.103,
2001-05-07,0.8919,108.2,1.9478,0.5782,34.54,7.4648,15.6466,0.62,260.28,3.5672,0.56,0.4023,3.521,25258,N/A,9.1089,216.5919,43.243,1.5432,90.53,8.079,N/A,N/A,1011383,N/A,1.72,N/A,1.3686,N/A,6.9563,N/A,N/A,N/A,1156.44,N/A,N/A,2.1158,N/A,1.6238,N/A,7.1686,
2001-05-04,0.8939,108.19,1.9479,0.57827,34.63,7.4651,15.6466,0.6226,262.24,3.5748,0.5607,0.4029,3.5347,25285,N/A,9.1353,216.4874,43.252,1.5434,91.91,8.0925,N/A,N/A,1020720,N/A,1.7157,N/A,1.3686,N/A,6.9718,N/A,N/A,N/A,1154.92,N/A,N/A,2.1145,N/A,1.6294,N/A,7.204,
2001-05-03,0.8903,108.24,1.9476,0.57847,34.635,7.4646,15.6466,0.6222,267.3,3.5616,0.5593,0.4024,3.5243,25182,N/A,9.118,216.5632,43.357,1.5419,91.09,8.099,N/A,N/A,1039000,N/A,1.7078,N/A,1.3656,N/A,6.9436,N/A,N/A,N/A,1152.94,N/A,N/A,2.1117,N/A,1.6208,N/A,7.1833,
2001-05-02,0.8907,108.81,1.948,0.5785,34.668,7.4645,15.6466,0.6225,267.24,3.5619,0.5598,0.4026,3.5283,25167,N/A,9.1478,216.5883,43.448,1.5416,89.17,8.103,N/A,N/A,1130000,N/A,1.7158,N/A,1.3641,N/A,6.9469,N/A,N/A,N/A,1163.7,N/A,N/A,2.1109,N/A,1.6171,N/A,7.1533,
2001-04-30,0.8876,109.67,1.9482,0.5786,34.526,7.4644,15.6466,0.6195,267.32,3.549,0.5591,0.4024,3.5254,25060,N/A,9.1135,216.5875,43.45,1.5366,85.8,8.0925,N/A,N/A,1017000,N/A,1.7476,N/A,1.37,N/A,6.9223,N/A,N/A,N/A,1171.19,N/A,N/A,2.1637,N/A,1.6157,N/A,7.1101,
2001-04-27,0.9023,112.01,1.9482,0.5785,34.645,7.4645,15.6466,0.6254,267.32,3.6083,0.5653,0.4044,3.5732,25443,N/A,9.1195,216.6871,43.575,1.5378,84.99,8.155,N/A,N/A,1050000,N/A,1.7631,N/A,1.3929,N/A,7.0374,N/A,N/A,N/A,1197.35,N/A,N/A,2.1828,N/A,1.6417,N/A,7.2165,
2001-04-26,0.9013,110.36,1.9472,0.5785,34.622,7.4639,15.6466,0.6246,267.22,3.6046,0.5639,0.4041,3.6025,25348,N/A,9.1572,216.7356,43.449,1.5334,84.6,8.1665,N/A,N/A,1116667,N/A,1.7747,N/A,1.3922,N/A,7.0295,N/A,N/A,N/A,1186.56,N/A,N/A,2.1903,N/A,1.637,N/A,7.2769,
2001-04-25,0.8947,109.55,1.9462,0.57834,34.634,7.4637,15.6466,0.6227,267.11,3.5779,0.5609,0.4035,3.5986,25146,N/A,9.166,216.4737,43.45,1.532,84.24,8.1625,N/A,N/A,1075833,N/A,1.775,N/A,1.3804,N/A,6.9781,N/A,N/A,N/A,1170.09,N/A,N/A,2.1863,N/A,1.6258,N/A,7.2464,
2001-04-24,0.8973,109.14,1.9465,0.5785,34.457,7.4632,15.6466,0.6236,267.17,3.5889,0.5614,0.4035,3.6233,25149,N/A,9.166,216.4589,43.428,1.5282,84.36,8.147,N/A,N/A,1121333,N/A,1.7823,N/A,1.3896,N/A,6.9981,N/A,N/A,N/A,1172.32,N/A,N/A,2.2044,N/A,1.6268,N/A,7.2798,
2001-04-23,0.9002,109.71,1.947,0.57864,34.388,7.4636,15.6466,0.6246,267.11,3.6008,0.5637,0.404,3.6402,25217,N/A,9.1345,216.3992,43.421,1.5311,84.29,8.1465,N/A,N/A,1104283,N/A,1.7794,N/A,1.3912,N/A,7.0207,N/A,N/A,N/A,1182.86,N/A,N/A,2.198,N/A,1.6291,N/A,7.35,
2001-04-20,0.8989,110.18,1.9465,0.57844,34.503,7.4635,15.6466,0.6235,267.06,3.5956,0.5637,0.4037,3.5972,25167,N/A,9.095,216.4479,43.405,1.5311,83.89,8.123,N/A,N/A,1104000,N/A,1.7437,N/A,1.3891,N/A,7.0108,N/A,N/A,N/A,1180.26,N/A,N/A,2.1885,N/A,1.632,N/A,7.3354,
2001-04-19,0.8827,107.49,1.9461,0.57844,34.413,7.4621,15.6466,0.6172,267.04,3.5308,0.5556,0.4008,3.548,24722,N/A,9.022,216.4954,43.28,1.529,82.98,8.0605,N/A,N/A,1069037,N/A,1.7422,N/A,1.3731,N/A,6.8845,N/A,N/A,N/A,1145.74,N/A,N/A,2.176,N/A,1.5924,N/A,7.2225,
2001-04-18,0.8778,107.82,1.946,0.57854,34.392,7.4619,15.6466,0.6156,266.99,3.5104,0.5543,0.4002,3.5377,24522,N/A,9.0455,216.4819,43.323,1.5285,82.6,8.059,N/A,N/A,1105567,N/A,1.7676,N/A,1.377,N/A,6.8466,N/A,N/A,N/A,1154.31,N/A,N/A,2.1805,N/A,1.5839,N/A,7.1457,
2001-04-17,0.8791,108.75,1.9467,0.57834,34.402,7.4624,15.6466,0.6131,266.98,3.5155,0.5562,0.3998,3.5502,24530,N/A,9.055,216.4722,43.37,1.5225,82.39,8.048,N/A,N/A,1068110,N/A,1.7404,N/A,1.3727,N/A,6.8566,N/A,N/A,N/A,1164.37,N/A,N/A,2.1725,N/A,1.5901,N/A,7.135,
2001-04-12,0.8849,109,1.9461,0.57867,34.45,7.4625,15.6466,0.6173,266.98,3.5387,0.5587,0.4011,3.5618,24600,N/A,9.001,216.3981,43.341,1.5184,82.36,8.0725,N/A,N/A,1124667,N/A,1.7425,N/A,1.379,N/A,6.9015,N/A,N/A,N/A,1164.57,N/A,N/A,2.1785,N/A,1.5928,N/A,7.1045,
2001-04-11,0.884,109.8,1.947,0.57857,34.72,7.4624,15.6466,0.6179,266.96,3.5351,0.5587,0.4011,3.5795,24545,N/A,9.0125,216.3326,43.409,1.5224,82.33,8.0665,N/A,N/A,1140000,N/A,1.7635,N/A,1.3765,N/A,6.8948,N/A,N/A,N/A,1171.3,N/A,N/A,2.1856,N/A,1.5978,N/A,7.0899,
2001-04-10,0.8945,111.34,1.9472,0.5788,34.782,7.4634,15.6466,0.6199,266.86,3.5771,0.5635,0.4027,3.5977,24815,N/A,9.069,216.1953,43.398,1.5275,82.85,8.1045,N/A,N/A,1150000,N/A,1.8063,N/A,1.3949,N/A,6.9767,N/A,N/A,N/A,1192.37,N/A,N/A,2.229,N/A,1.6215,N/A,7.2106,
2001-04-09,0.9018,112.8,1.9473,0.5789,34.573,7.4633,15.6466,0.6243,266.83,3.6063,0.567,0.4041,3.6075,25005,N/A,9.0969,216.1567,43.475,1.5293,83.2,8.141,N/A,N/A,1106333,N/A,1.8248,N/A,1.4095,N/A,7.0331,N/A,N/A,N/A,1207.51,N/A,N/A,2.2302,N/A,1.6381,N/A,7.2618,
2001-04-06,0.894,111.38,1.9489,0.57884,34.615,7.4633,15.6466,0.6265,266.83,3.5752,0.5639,0.4036,3.6005,24758,N/A,9.1405,216.1859,43.54,1.5276,83.01,8.1285,N/A,N/A,1056667,N/A,1.8189,N/A,1.4075,N/A,6.9717,N/A,N/A,N/A,1199.84,N/A,N/A,2.2175,N/A,1.6222,N/A,7.2434,
2001-04-05,0.902,112.04,1.9496,0.5787,34.688,7.4641,15.6466,0.6282,266.8,3.6089,0.567,0.4047,3.6243,24963,N/A,9.191,216.2156,43.57,1.5291,83.33,8.167,N/A,N/A,1103500,N/A,1.836,N/A,1.4204,N/A,7.0343,N/A,N/A,N/A,1217.25,N/A,N/A,2.2269,N/A,1.631,N/A,7.2509,
2001-04-04,0.9032,113.52,1.9495,0.57857,34.663,7.4658,15.6466,0.6289,266.74,3.6136,0.5684,0.4049,3.6532,24942,N/A,9.227,216.1913,43.569,1.5264,82.96,8.1815,N/A,N/A,1104667,N/A,1.8549,N/A,1.4208,N/A,7.0436,N/A,N/A,N/A,1235.58,N/A,N/A,2.2312,N/A,1.6402,N/A,7.2841,
2001-04-03,0.8845,111.36,1.9492,0.5786,34.601,7.4625,15.6466,0.6212,266.73,3.5388,0.5602,0.4018,3.6011,24398,N/A,9.169,216.2251,43.56,1.5272,81.54,8.0975,N/A,N/A,1096667,N/A,1.8304,N/A,1.3974,N/A,6.898,N/A,N/A,N/A,1189.65,N/A,N/A,2.2099,N/A,1.604,N/A,7.1777,
2001-04-02,0.8772,110.83,1.9472,0.57874,34.47,7.4616,15.6466,0.618,266.78,3.5097,0.5569,0.4003,3.5948,24203,N/A,9.147,216.2249,43.668,1.5264,80.84,8.058,N/A,N/A,965000,N/A,1.8165,N/A,1.3808,N/A,6.8407,N/A,N/A,N/A,1182.47,N/A,N/A,2.201,N/A,1.5917,N/A,7.0615,
2001-03-30,0.8832,110.74,1.9473,0.57887,34.552,7.4627,15.6466,0.6192,266.72,3.5332,0.5588,0.4012,3.6062,24330,N/A,9.157,216.2158,43.663,1.5271,80.84,8.057,N/A,N/A,899433,N/A,1.8158,N/A,1.3904,N/A,6.8882,N/A,N/A,N/A,1175.54,N/A,N/A,2.1962,N/A,1.5929,N/A,7.0656,
2001-03-29,0.884,108.96,1.946,0.57884,34.47,7.4627,15.6466,0.6148,266.73,3.5352,0.558,0.4006,3.6157,24302,N/A,9.1935,216.2483,43.63,1.5278,80.19,8.065,N/A,N/A,964667,N/A,1.7941,N/A,1.3884,N/A,6.8948,N/A,N/A,N/A,1168.65,N/A,N/A,2.1511,N/A,1.5912,N/A,7.0693,
2001-03-28,0.886,107.81,1.9462,0.57867,34.39,7.463,15.6466,0.6194,266.75,3.5431,0.5586,0.4017,3.6438,24375,N/A,9.1378,215.8396,43.614,1.5304,80.66,8.081,N/A,N/A,881333,N/A,1.7919,N/A,1.3935,N/A,6.9104,N/A,N/A,N/A,1152.69,N/A,N/A,2.1583,N/A,1.592,N/A,7.0903,
2001-03-27,0.8952,110.16,1.947,0.57867,34.283,7.4637,15.6466,0.624,266.57,3.5799,0.5634,0.4034,3.682,24591,N/A,9.121,216.105,43.515,1.5347,80.43,8.085,N/A,N/A,863667,N/A,1.7995,N/A,1.3962,N/A,6.9825,N/A,N/A,N/A,1173.26,N/A,N/A,2.1683,N/A,1.6073,N/A,7.146,
2001-03-26,0.8935,110.08,1.947,0.57844,34.3,7.4651,15.6466,0.6231,266.6,3.5731,0.5625,0.403,3.6772,24530,N/A,9.138,216.1516,43.583,1.5328,79.24,8.083,N/A,N/A,879627,N/A,1.8075,N/A,1.3952,N/A,6.9691,N/A,N/A,N/A,1171.07,N/A,N/A,2.1827,N/A,1.602,N/A,7.1042,
2001-03-23,0.8922,109.69,1.9471,0.57837,34.387,7.4656,15.6466,0.6258,266.58,3.5679,0.5621,0.4033,3.6862,24497,N/A,9.1833,216.0762,43.613,1.5319,79.02,8.0855,N/A,N/A,889567,N/A,1.8117,N/A,1.3973,N/A,6.9589,N/A,N/A,N/A,1167.89,N/A,N/A,2.1512,N/A,1.592,N/A,7.1002,
2001-03-22,0.8889,110.25,1.9465,0.57844,34.428,7.4658,15.6466,0.6257,266.58,3.5547,0.5612,0.403,3.6925,24400,N/A,9.2393,216.3283,43.598,1.5283,78.79,8.1165,N/A,N/A,878500,N/A,1.8126,N/A,1.3975,N/A,6.9323,N/A,N/A,N/A,1175.57,N/A,N/A,2.1549,N/A,1.59,N/A,7.1694,
2001-03-21,0.899,111.25,1.9481,0.57874,34.55,7.4639,15.6466,0.6293,266.49,3.5951,0.5656,0.4045,3.6966,24580,N/A,9.1875,216.2497,43.643,1.5338,79.09,8.1235,N/A,N/A,881300,N/A,1.8057,N/A,1.4138,N/A,7.0115,N/A,N/A,N/A,1171.4,N/A,N/A,2.159,N/A,1.6032,N/A,7.183,
2001-03-20,0.902,110.64,1.9484,0.57904,34.613,7.464,15.6466,0.6313,266.43,3.6083,0.5661,0.4051,3.7093,24647,N/A,9.144,216.2636,43.683,1.5318,79.2,8.1265,N/A,N/A,876833,N/A,1.8097,N/A,1.412,N/A,7.0349,N/A,N/A,N/A,1168.99,N/A,N/A,2.1657,N/A,1.6001,N/A,7.216,
2001-03-19,0.8996,109.83,1.9485,0.57921,34.563,7.4643,15.6466,0.6292,266.51,3.5993,0.5643,0.4047,3.7225,24562,N/A,9.1373,216.4137,43.738,1.5354,79.16,8.123,N/A,N/A,920617,N/A,1.796,N/A,1.4098,N/A,7.0162,N/A,N/A,N/A,1166.78,N/A,N/A,2.1378,N/A,1.5882,N/A,7.1633,
2001-03-16,0.8947,109.85,1.9485,0.57874,34.516,7.4649,15.6466,0.6251,266.51,3.5795,0.5621,0.4034,3.6982,24420,N/A,9.145,216.1492,43.713,1.5367,79.04,8.1695,N/A,N/A,906667,N/A,1.8112,N/A,1.4008,N/A,6.9779,N/A,N/A,N/A,1154.16,N/A,N/A,2.1782,N/A,1.5896,N/A,7.0617,
2001-03-15,0.9064,110.53,1.9492,0.5788,34.563,7.4646,15.6466,0.6285,266.54,3.6265,0.5674,0.4052,3.6987,24716,N/A,9.147,216.275,43.705,1.5387,79.4,8.1835,N/A,N/A,929845,N/A,1.8353,N/A,1.413,N/A,7.0697,N/A,N/A,N/A,1164.72,N/A,N/A,2.2044,N/A,1.6043,N/A,7.1447,
2001-03-14,0.9182,110.06,1.9494,0.57884,34.608,7.4666,15.6466,0.6304,266.49,3.6737,0.5709,0.4069,3.7466,25003,N/A,9.1797,216.1227,43.733,1.5361,79.64,8.213,N/A,N/A,906667,N/A,1.8386,N/A,1.4202,N/A,7.1615,N/A,N/A,N/A,1172.54,N/A,N/A,2.2048,N/A,1.6183,N/A,7.2131,
2001-03-13,0.9202,110.27,1.9492,0.57904,34.64,7.4652,15.6466,0.6341,266.37,3.6808,0.5716,0.4077,3.744,25030,N/A,9.176,216.2351,43.75,1.5374,79.77,8.2345,N/A,N/A,866667,N/A,1.8293,N/A,1.4287,N/A,7.1774,N/A,N/A,N/A,1173.26,N/A,N/A,2.2103,N/A,1.6193,N/A,7.1914,
2001-03-12,0.9272,111.44,1.9519,0.57904,34.63,7.4651,15.6466,0.6336,266.25,3.7097,0.5741,0.4085,3.6997,25250,N/A,9.1128,216.0792,43.679,1.5413,79.92,8.222,N/A,N/A,860000,N/A,1.8253,N/A,1.4358,N/A,7.2318,N/A,N/A,N/A,1185.89,N/A,N/A,2.2137,N/A,1.632,N/A,7.1742,
2001-03-09,0.9357,111.71,1.9522,0.57911,34.613,7.4642,15.6466,0.6374,266.23,3.7437,0.5771,0.4098,3.7182,25390,N/A,9.086,215.9898,43.708,1.5431,80.12,8.207,N/A,N/A,862333,N/A,1.8268,N/A,1.4463,N/A,7.2981,N/A,N/A,N/A,1187.4,N/A,N/A,2.2054,N/A,1.6434,N/A,7.2155,
2001-03-08,0.9312,111.38,1.9538,0.57914,34.72,7.4635,15.6466,0.6344,266.21,3.7257,0.5752,0.4089,3.7012,25300,N/A,9.0513,215.8215,43.77,1.5418,79.93,8.221,N/A,N/A,880000,N/A,1.8321,N/A,1.4451,N/A,7.2632,N/A,N/A,N/A,1186.12,N/A,N/A,2.2165,N/A,1.6365,N/A,7.2354,
2001-03-07,0.9307,111.38,1.9543,0.57914,34.888,7.4628,15.6466,0.6358,266.3,3.7237,0.5752,0.4091,3.6802,25273,N/A,9.054,215.9824,43.843,1.5372,80.02,8.2155,N/A,N/A,880000,N/A,1.8137,N/A,1.4395,N/A,7.2592,N/A,N/A,N/A,1185.25,N/A,N/A,2.1917,N/A,1.6352,N/A,7.3232,
2001-03-06,0.9279,109.89,1.9543,0.57924,34.787,7.4631,15.6466,0.6323,266.23,3.7122,0.5728,0.4083,3.6954,25189,N/A,9.0347,215.7347,43.834,1.5373,79.82,8.2315,N/A,N/A,820947,N/A,1.7903,N/A,1.4314,N/A,7.2376,N/A,N/A,N/A,1174.16,N/A,N/A,2.1645,N/A,1.6273,N/A,7.2817,
2001-03-05,0.9305,111.14,1.953,0.57924,34.915,7.4652,15.6466,0.633,266.33,3.7224,0.5744,0.4086,3.7137,25253,N/A,9.0663,215.7575,43.9,1.5376,79.83,8.226,N/A,N/A,850000,N/A,1.7812,N/A,1.4362,N/A,7.2579,N/A,N/A,N/A,1184.34,N/A,N/A,2.1537,N/A,1.6314,N/A,7.1877,
2001-03-02,0.9363,111.55,1.9532,0.57934,34.849,7.4656,15.6466,0.6356,266.46,3.746,0.5769,0.4097,3.7207,25390,N/A,9.041,215.6325,43.845,1.5379,80.03,8.2195,N/A,N/A,879033,N/A,1.7745,N/A,1.4488,N/A,7.303,N/A,N/A,N/A,1186.29,N/A,N/A,2.1453,N/A,1.6365,N/A,7.2633,
2001-03-01,0.9269,108.72,1.9505,0.57934,34.711,7.4629,15.6466,0.6392,266.44,3.7085,0.5731,0.4092,3.7293,25130,N/A,9.0477,215.485,43.785,1.5411,79.76,8.232,N/A,N/A,886405,N/A,1.7554,N/A,1.4273,N/A,7.2296,N/A,N/A,N/A,1168.82,N/A,N/A,2.1429,N/A,1.6179,N/A,7.1604,
2001-02-28,0.9248,108.45,1.9506,0.57924,34.642,7.4631,15.6466,0.6387,266.22,3.6999,0.5719,0.4089,3.7367,25018,N/A,9.0588,215.3369,43.793,1.5416,79.71,8.244,N/A,N/A,932000,N/A,1.7557,N/A,1.4151,N/A,7.2133,N/A,N/A,N/A,1159.51,N/A,N/A,2.1415,N/A,1.6121,N/A,7.0978,
2001-02-27,0.9163,106.41,1.9496,0.57917,34.608,7.464,15.6466,0.6349,266.32,3.6661,0.5673,0.4073,3.7505,24754,N/A,9.036,215.5218,43.723,1.5368,79.35,8.2285,N/A,N/A,935000,N/A,1.7428,N/A,1.4012,N/A,7.1469,N/A,N/A,N/A,1142.31,N/A,N/A,2.1125,N/A,1.5958,N/A,7.0943,
2001-02-26,0.9105,106.07,1.9496,0.57923,34.58,7.4648,15.6466,0.6283,266.2,3.6429,0.5644,0.4056,3.744,24613,N/A,9.023,215.5435,43.77,1.5337,79.08,8.223,N/A,N/A,963500,N/A,1.7338,N/A,1.3969,N/A,7.1018,N/A,N/A,N/A,1136.3,N/A,N/A,2.0955,N/A,1.5879,N/A,7.0746,
2001-02-23,0.9064,105.7,1.9487,0.57917,34.578,7.4635,15.6466,0.6265,266.12,3.6265,0.5632,0.405,3.7506,24455,N/A,9.0818,215.4756,43.765,1.5334,78.91,8.2455,N/A,N/A,1052750,N/A,1.736,N/A,1.3937,N/A,7.0696,N/A,N/A,N/A,1131.78,N/A,N/A,2.1095,N/A,1.5819,N/A,7.1219,
2001-02-22,0.9056,105.33,1.9482,0.57921,34.708,7.4645,15.6466,0.627,266.29,3.6233,0.5632,0.4048,3.7645,24429,N/A,9.0528,215.5925,43.805,1.5317,78.84,8.26,N/A,N/A,1050000,N/A,1.7341,N/A,1.3916,N/A,7.0635,N/A,N/A,N/A,1127.02,N/A,N/A,2.1196,N/A,1.58,N/A,7.0954,
2001-02-21,0.9146,106.69,1.9488,0.57911,34.733,7.464,15.6466,0.6335,265.75,3.6583,0.5676,0.4068,3.7736,24604,N/A,9.005,215.5385,43.671,1.5361,79.16,8.2425,N/A,N/A,624367,N/A,1.7362,N/A,1.4097,N/A,7.1336,N/A,N/A,N/A,1132,N/A,N/A,2.1327,N/A,1.5956,N/A,7.1155,
2001-02-20,0.907,104.86,1.9467,0.57921,34.55,7.463,15.6466,0.6314,265.73,3.6275,0.5644,0.4057,3.7305,24416,N/A,8.9645,215.6414,43.68,1.5351,78.87,8.2195,N/A,N/A,630067,N/A,1.7316,N/A,1.3928,N/A,7.0744,N/A,N/A,N/A,1118.56,N/A,N/A,2.1241,N/A,1.5779,N/A,7.0645,
2001-02-19,0.9213,106.71,1.9477,0.57924,34.647,7.4634,15.6466,0.6344,265.67,3.6847,0.5707,0.4078,3.77,24750,N/A,8.993,215.3865,43.75,1.5362,79.34,8.206,N/A,N/A,630533,N/A,1.7405,N/A,1.4202,N/A,7.186,N/A,N/A,N/A,1148.77,N/A,N/A,2.1355,N/A,1.6009,N/A,7.1222,
2001-02-16,0.9113,104.88,1.9472,0.57921,34.45,7.464,15.6466,0.6284,265.67,3.6465,0.5653,0.4059,3.7328,24472,N/A,8.9615,215.5735,43.752,1.537,78.76,8.195,N/A,N/A,626500,N/A,1.7263,N/A,1.3991,N/A,7.1078,N/A,N/A,N/A,1131.79,N/A,N/A,2.126,N/A,1.5832,N/A,7.195,
2001-02-15,0.909,105.51,1.9511,0.57941,34.487,7.4627,15.6466,0.6279,265.67,3.6351,0.5642,0.4056,3.7324,24372,N/A,9.018,215.6559,43.69,1.5315,78.79,8.2075,N/A,N/A,624233,N/A,1.7332,N/A,1.3901,N/A,7.0897,N/A,N/A,N/A,1133.75,N/A,N/A,2.1398,N/A,1.5847,N/A,7.1266,
2001-02-14,0.9178,106.61,1.9541,0.57944,34.483,7.4617,15.6466,0.6306,265.54,3.6701,0.5688,0.4068,3.7538,24559,N/A,9.0355,215.6163,43.665,1.5355,79.03,8.219,N/A,N/A,627433,N/A,1.7326,N/A,1.3969,N/A,7.1586,N/A,N/A,N/A,1148.63,N/A,N/A,2.1277,N/A,1.6019,N/A,7.2529,
2001-02-13,0.9275,108.59,1.9539,0.57961,34.577,7.4608,15.6466,0.6376,265.62,3.711,0.5742,0.409,3.7791,24817,N/A,8.993,215.5766,43.612,1.5372,79.4,8.2165,N/A,N/A,631613,N/A,1.7252,N/A,1.4145,N/A,7.2343,N/A,N/A,N/A,1163.69,N/A,N/A,2.1256,N/A,1.6181,N/A,7.29,
2001-02-12,0.9288,109.22,1.954,0.57954,34.623,7.4616,15.6466,0.6398,265.51,3.7141,0.5754,0.4094,3.7863,24805,N/A,8.949,215.6325,43.591,1.5369,79.38,8.202,N/A,N/A,632000,N/A,1.7285,N/A,1.4064,N/A,7.2442,N/A,N/A,N/A,1174.47,N/A,N/A,2.1276,N/A,1.6223,N/A,7.2888,
2001-02-09,0.9227,108.3,1.9537,0.57951,34.57,7.4611,15.6466,0.6382,265.48,3.6899,0.5728,0.4085,3.7877,24657,N/A,8.9115,215.5646,43.663,1.5348,79.16,8.1855,N/A,N/A,628133,N/A,1.717,N/A,1.3931,N/A,7.1964,N/A,N/A,N/A,1163.99,N/A,N/A,2.108,N/A,1.6123,N/A,7.2783,
2001-02-08,0.922,106.97,1.9536,0.57937,34.65,7.4613,15.6466,0.6355,265.45,3.6871,0.5714,0.4081,3.7696,24557,N/A,8.8795,215.5427,43.688,1.5312,79.3,8.1715,N/A,N/A,629017,N/A,1.698,N/A,1.3916,N/A,7.1914,N/A,N/A,N/A,1165.87,N/A,N/A,2.101,N/A,1.6097,N/A,7.3626,
2001-02-07,0.9325,108.36,1.9542,0.57937,34.672,7.4631,15.6466,0.6384,265.27,3.7309,0.5765,0.4097,3.787,24963,N/A,8.9125,215.5731,43.732,1.5392,79.56,8.1875,N/A,N/A,632917,N/A,1.703,N/A,1.4092,N/A,7.2734,N/A,N/A,N/A,1178.91,N/A,N/A,2.1062,N/A,1.6302,N/A,7.2945,
2001-02-06,0.9322,107.05,1.954,0.57954,34.665,7.4637,15.6466,0.6366,265.34,3.7298,0.5759,0.4094,3.7949,24750,N/A,8.9165,215.5621,43.673,1.5385,79.46,8.175,N/A,N/A,631650,N/A,1.7005,N/A,1.4084,N/A,7.2709,N/A,N/A,N/A,1172.71,N/A,N/A,2.1105,N/A,1.6247,N/A,7.2675,
2001-02-05,0.9425,108.78,1.9549,0.57951,34.838,7.4644,15.6466,0.6387,265.32,3.7709,0.5805,0.4108,3.7952,25023,N/A,8.9363,215.5753,43.71,1.5383,79.53,8.204,N/A,N/A,635100,N/A,1.7057,N/A,1.4107,N/A,7.3506,N/A,N/A,N/A,1189.91,N/A,N/A,2.1321,N/A,1.6417,N/A,7.3302,
2001-02-02,0.9407,108.43,1.9553,0.57951,34.862,7.4624,15.6466,0.6364,265.27,3.7637,0.5799,0.4103,3.7938,25008,N/A,8.914,215.5641,43.753,1.5377,79.65,8.205,N/A,N/A,634167,N/A,1.6959,N/A,1.4046,N/A,7.3362,N/A,N/A,N/A,1174.46,N/A,N/A,2.0895,N/A,1.6342,N/A,7.2763,
2001-02-01,0.9406,108.7,1.9552,0.57931,34.882,7.4638,15.6466,0.6371,265.3,3.7633,0.5798,0.4104,3.8097,25028,N/A,8.8968,215.4743,43.71,1.5327,80.2,8.213,N/A,N/A,633850,N/A,1.6962,N/A,1.4075,N/A,7.3356,N/A,N/A,N/A,1181.86,N/A,N/A,2.1037,N/A,1.6381,N/A,7.2873,
2001-01-31,0.9293,107.87,1.9557,0.57877,34.69,7.4611,15.6466,0.6367,265.18,3.7182,0.5753,0.409,3.797,24445,N/A,8.8395,215.1859,43.633,1.5302,79.83,8.205,N/A,N/A,628563,N/A,1.7034,N/A,1.3954,N/A,7.2477,N/A,N/A,N/A,1170.17,N/A,N/A,2.1113,N/A,1.6194,N/A,7.2044,
2001-01-30,0.9197,107.38,1.9557,0.57857,34.659,7.4608,15.6466,0.6298,265.15,3.6797,0.5707,0.407,3.7923,24366,N/A,8.8408,214.9908,43.688,1.5204,79.36,8.1865,N/A,N/A,625533,N/A,1.6882,N/A,1.3809,N/A,7.1731,N/A,N/A,N/A,1163.88,N/A,N/A,2.1096,N/A,1.6074,N/A,7.238,
2001-01-29,0.9193,107.15,1.9552,0.5785,34.76,7.4622,15.6466,0.6304,265.09,3.6781,0.5707,0.407,3.7988,24321,N/A,8.86,214.9164,43.666,1.5228,79.39,8.195,N/A,N/A,625017,N/A,1.6925,N/A,1.3825,N/A,7.1702,N/A,N/A,N/A,1162.91,N/A,N/A,2.111,N/A,1.6056,N/A,7.2429,
2001-01-26,0.9228,107.69,1.955,0.57837,34.798,7.4619,15.6466,0.6315,265.12,3.692,0.5718,0.4076,3.8131,24237,N/A,8.9068,214.8674,43.633,1.5278,79.48,8.21,N/A,N/A,626100,N/A,1.7043,N/A,1.3878,N/A,7.1974,N/A,N/A,N/A,1181.32,N/A,N/A,2.1211,N/A,1.6115,N/A,7.2993,
2001-01-25,0.9146,107.15,1.9552,0.57803,34.928,7.4627,15.6466,0.6304,265.07,3.6594,0.5684,0.4065,3.8027,24172,N/A,8.9,214.8543,43.602,1.5247,79.53,8.226,N/A,N/A,622533,N/A,1.6817,N/A,1.3861,N/A,7.1335,N/A,N/A,N/A,1165.2,N/A,N/A,2.1081,N/A,1.5934,N/A,7.207,
2001-01-24,0.9294,109.79,1.9556,0.57803,34.967,7.4634,15.6466,0.6341,265.05,3.7186,0.575,0.4087,3.8164,24517,N/A,8.91,214.826,43.617,1.5323,79.79,8.256,N/A,N/A,627433,N/A,1.6889,N/A,1.4059,N/A,7.2489,N/A,N/A,N/A,1183.13,N/A,N/A,2.0925,N/A,1.6184,N/A,7.3248,
2001-01-23,0.9407,110.22,1.9552,0.57803,35.168,7.4656,15.6466,0.6388,264.99,3.7638,0.5806,0.4106,3.8532,24773,N/A,8.959,214.6993,43.723,1.5316,80.48,8.2755,N/A,N/A,631717,N/A,1.6945,N/A,1.4157,N/A,7.3372,N/A,N/A,N/A,1198.92,N/A,N/A,2.1009,N/A,1.6382,N/A,7.3986,
2001-01-22,0.929,108.28,1.9543,0.57793,35.172,7.4664,15.6466,0.639,264.97,3.717,0.5757,0.4093,3.855,24468,N/A,8.9325,214.7986,43.67,1.534,79.74,8.211,N/A,N/A,627517,N/A,1.6816,N/A,1.4023,N/A,7.2456,N/A,N/A,N/A,1183.08,N/A,N/A,2.0827,N/A,1.612,N/A,7.3229,
2001-01-19,0.94,110.66,1.9547,0.57767,35.173,7.4666,15.6466,0.638,265.08,3.7607,0.5798,0.4105,3.8522,24715,N/A,8.887,214.5422,43.653,1.5268,79.99,8.227,N/A,N/A,630850,N/A,1.6817,N/A,1.4185,N/A,7.3315,N/A,N/A,N/A,1200.85,N/A,N/A,2.0964,N/A,1.6336,N/A,7.4307,
2001-01-18,0.9404,111.28,1.9525,0.57743,35.317,7.4671,15.6466,0.6385,265.05,3.7625,0.5806,0.4106,3.868,24744,N/A,8.927,214.5294,43.721,1.5283,80.11,8.227,N/A,N/A,632233,N/A,1.693,N/A,1.4196,N/A,7.3345,N/A,N/A,N/A,1207.47,N/A,N/A,2.1052,N/A,1.6354,N/A,7.448,
2001-01-17,0.9396,110.6,1.9541,0.5775,35.53,7.4666,15.6466,0.6366,265.1,3.7593,0.579,0.4101,3.8565,24635,N/A,8.932,214.4286,43.901,1.5374,79.95,8.223,N/A,N/A,630533,N/A,1.6875,N/A,1.4164,N/A,7.3286,N/A,N/A,N/A,1200.81,N/A,N/A,2.098,N/A,1.6281,N/A,7.3245,
2001-01-16,0.9412,111.27,1.9552,0.58371,35.427,7.4665,15.6466,0.6407,264.97,3.7659,0.5805,0.411,3.8546,24684,N/A,8.9295,214.6781,43.581,1.5385,80.02,8.208,N/A,N/A,631283,N/A,1.6928,N/A,1.4141,N/A,7.3411,N/A,N/A,N/A,1207.37,N/A,N/A,2.1108,N/A,1.6328,N/A,7.3578,
2001-01-15,0.9428,111.92,1.9558,0.5772,35.255,7.466,15.6466,0.6388,265.12,3.7719,0.5811,0.4109,3.873,24700,N/A,8.8695,214.6146,43.609,1.5427,79.99,8.211,N/A,N/A,631067,N/A,1.7048,N/A,1.417,N/A,7.3535,N/A,N/A,N/A,1212.25,N/A,N/A,2.1234,N/A,1.6369,N/A,7.4363,
2001-01-12,0.9545,112.35,1.9559,0.5772,35.36,7.4667,15.6466,0.6408,265.11,3.819,0.5851,0.4124,3.91,24973,N/A,8.857,214.6557,43.621,1.541,80.21,8.185,N/A,N/A,635900,N/A,1.7003,N/A,1.4244,N/A,7.4448,N/A,N/A,N/A,1223.19,N/A,N/A,2.1152,N/A,1.654,N/A,7.4642,
2001-01-11,0.9523,111.75,1.9556,0.577,35.35,7.4668,15.6466,0.635,265.04,3.8102,0.5847,0.4113,3.922,24900,N/A,8.8875,214.3259,43.57,1.5324,80.12,8.2,N/A,N/A,635100,N/A,1.705,N/A,1.4259,N/A,7.4277,N/A,N/A,N/A,1217.13,N/A,N/A,2.1154,N/A,1.653,N/A,7.5223,
2001-01-10,0.9412,109.33,1.9558,0.57677,35.118,7.4654,15.6466,0.6308,265.07,3.7657,0.5804,0.4095,3.9098,24550,N/A,8.9233,214.1316,43.57,1.5243,79.67,8.205,N/A,N/A,630400,N/A,1.6847,N/A,1.4082,N/A,7.3412,N/A,N/A,N/A,1192.31,N/A,N/A,2.0997,N/A,1.6325,N/A,7.4072,
2001-01-09,0.9401,108.78,1.9558,0.57667,35.09,7.4642,15.6466,0.6314,265.01,3.7595,0.5802,0.4095,3.8857,24527,N/A,8.95,213.835,43.605,1.5232,79.61,8.2495,N/A,N/A,629467,N/A,1.6767,N/A,1.4063,N/A,7.3326,N/A,N/A,N/A,1206.88,N/A,N/A,2.1139,N/A,1.6285,N/A,7.2218,
2001-01-08,0.9497,110.55,1.9557,0.57677,35.173,7.4651,15.6466,0.6328,264.96,3.7997,0.5851,0.4107,3.887,24733,N/A,8.9286,213.8375,43.855,1.5271,79.97,8.298,N/A,N/A,632633,N/A,1.6745,N/A,1.4212,N/A,7.4075,N/A,N/A,N/A,1202.46,N/A,N/A,2.1087,N/A,1.6416,N/A,7.184,
2001-01-05,0.9545,111.22,1.9558,0.57637,35.237,7.4633,15.6466,0.6349,264.87,3.819,0.5867,0.4116,3.89,24777,N/A,8.932,213.6771,43.861,1.529,80.12,8.291,N/A,N/A,634750,N/A,1.6734,N/A,1.4348,N/A,7.4446,N/A,N/A,N/A,1204.87,N/A,N/A,2.1139,N/A,1.6551,N/A,7.1671,
2001-01-04,0.9458,108.25,1.9556,0.57581,35.16,7.4624,15.6466,0.6326,264.77,3.7842,0.5821,0.4104,3.8974,24572,N/A,8.9153,213.4939,43.798,1.5217,79.8,8.271,N/A,N/A,630930,N/A,1.6755,N/A,1.4141,N/A,7.377,N/A,N/A,N/A,1190.57,N/A,N/A,2.126,N/A,1.6389,N/A,7.1005,
2001-01-03,0.953,108.88,1.9558,0.57498,35.375,7.4595,15.6466,0.6325,264.55,3.813,0.5843,0.411,3.903,24730,N/A,8.9467,213.5525,43.988,1.522,79.92,8.3145,N/A,N/A,632957,N/A,1.6915,N/A,1.4266,N/A,7.4333,N/A,N/A,N/A,1211.17,N/A,N/A,2.1272,N/A,1.6505,N/A,7.1313,
2001-01-02,0.9423,108.26,1.9557,0.57451,35.112,7.4611,15.6466,0.6315,264.58,3.7706,0.5814,0.4098,3.8625,24467,N/A,8.888,213.4667,43.859,1.5218,79.75,8.3065,N/A,N/A,630033,N/A,1.6845,N/A,1.4115,N/A,7.3497,N/A,N/A,N/A,1202.37,N/A,N/A,2.1365,N/A,1.6376,N/A,7.134,
2000-12-29,0.9305,106.92,1.9543,0.57369,35.047,7.4631,15.6466,0.6241,265,3.7229,0.5764,0.4075,3.8498,24142,N/A,8.8313,213.5401,43.933,1.5232,78.8,8.2335,N/A,N/A,624267,N/A,1.677,N/A,1.3965,N/A,7.2578,N/A,N/A,N/A,1177.08,N/A,N/A,2.112,N/A,1.6126,N/A,7.0392,
2000-12-28,0.9285,106.4,1.9491,0.57362,35.06,7.4647,15.6466,0.6238,265.1,3.7131,0.5755,0.4071,3.849,24023,N/A,8.8428,213.599,43.99,1.5276,78.68,8.2525,N/A,N/A,624000,N/A,1.675,N/A,1.4022,N/A,7.2414,N/A,N/A,N/A,1162.95,N/A,N/A,2.1035,N/A,1.6078,N/A,7.025,
2000-12-27,0.931,106.08,1.9489,0.57382,34.969,7.4657,15.6466,0.6254,265.59,3.7231,0.5762,0.4077,3.8403,24034,N/A,8.86,213.1542,43.949,1.5243,78.6,8.2485,N/A,N/A,625000,N/A,1.6741,N/A,1.4062,N/A,7.261,N/A,N/A,N/A,1171.66,N/A,N/A,2.1083,N/A,1.6076,N/A,7.0268,
2000-12-22,0.924,103.78,1.9537,0.57339,34.901,7.464,15.6466,0.6242,264.81,3.6952,0.5717,0.4067,3.8583,23806,N/A,8.8089,213.5664,43.683,1.522,78.16,8.1915,N/A,N/A,622500,N/A,1.6609,N/A,1.4053,N/A,7.2067,N/A,N/A,N/A,1143.27,N/A,N/A,2.1036,N/A,1.5954,N/A,7.0132,
2000-12-21,0.9146,102.37,1.955,0.57307,34.822,7.463,15.6466,0.618,264.45,3.6575,0.5671,0.4047,3.8568,23506,N/A,8.7275,213.3675,43.855,1.5244,78.03,8.177,N/A,N/A,614560,N/A,1.658,N/A,1.3924,N/A,7.1334,N/A,N/A,N/A,1122.49,N/A,N/A,2.083,N/A,1.5827,N/A,6.9807,
2000-12-20,0.9059,102.05,1.9557,0.57241,34.717,7.462,15.6466,0.6173,264.36,3.6224,0.5637,0.4036,3.8482,23229,N/A,8.7025,213.2296,43.883,1.5162,77.7,8.1365,N/A,N/A,613335,N/A,1.651,N/A,1.3807,N/A,7.0658,N/A,N/A,N/A,1102.48,N/A,N/A,2.0815,N/A,1.5697,N/A,6.9211,
2000-12-19,0.8903,99.96,1.9547,0.57241,34.707,7.459,15.6466,0.6072,264.49,3.5601,0.5565,0.4003,3.827,22805,N/A,8.698,212.8468,43.719,1.5064,77.22,8.1085,N/A,N/A,605900,N/A,1.647,N/A,1.3587,N/A,6.9441,N/A,N/A,N/A,1075.93,N/A,N/A,2.0792,N/A,1.546,N/A,6.862,
2000-12-18,0.8966,100.54,1.9542,0.57241,34.62,7.4589,15.6466,0.6074,264.57,3.5854,0.5587,0.401,3.8542,22515,N/A,8.641,213.3139,43.48,1.5055,77.34,8.08,N/A,N/A,601733,N/A,1.6509,N/A,1.3681,N/A,6.9933,N/A,N/A,N/A,1080.4,N/A,N/A,2.095,N/A,1.5574,N/A,6.859,
2000-12-15,0.8984,100.93,1.9535,0.57241,34.658,7.4557,15.6466,0.6088,264.58,3.5927,0.5599,0.4014,3.8848,22959,N/A,8.582,213.2534,43.326,1.5086,77.5,8.14,N/A,N/A,608343,N/A,1.6459,N/A,1.362,N/A,7.0074,N/A,N/A,N/A,1084.82,N/A,N/A,2.0956,N/A,1.5584,N/A,6.9345,
2000-12-14,0.8839,99.55,1.952,0.57241,34.818,7.4536,15.6466,0.603,264.72,3.5372,0.5539,0.3989,3.8614,22616,N/A,8.575,213.1167,43.223,1.5055,76.88,8.1115,N/A,N/A,603667,N/A,1.6306,N/A,1.3424,N/A,6.8943,N/A,N/A,N/A,1062.89,N/A,N/A,2.091,N/A,1.536,N/A,6.8193,
2000-12-13,0.8748,98.4,1.949,0.57241,34.72,7.4555,15.6466,0.604,264.9,3.4983,0.5499,0.3979,3.852,22364,N/A,8.5538,212.8472,43.362,1.5036,76.44,8.1085,N/A,N/A,601833,N/A,1.6192,N/A,1.3376,N/A,6.8233,N/A,N/A,N/A,1042.5,N/A,N/A,2.0774,N/A,1.5232,N/A,6.8096,
2000-12-12,0.8782,97.89,1.951,0.57241,34.747,7.4544,15.6466,0.6064,265.23,3.5119,0.5506,0.3988,3.8521,22404,N/A,8.5003,213.1835,43.157,1.504,76.42,8.072,N/A,N/A,600800,N/A,1.62,N/A,1.341,N/A,6.8475,N/A,N/A,N/A,1045.5,N/A,N/A,2.0705,N/A,1.5244,N/A,6.792,
2000-12-11,0.8804,97.53,1.9517,0.57241,34.84,7.455,15.6466,0.6049,265.31,3.5207,0.551,0.3988,3.8755,22433,N/A,8.5513,212.9963,43.294,1.5091,76.76,8.0905,N/A,N/A,600500,N/A,1.6249,N/A,1.3373,N/A,6.8639,N/A,N/A,N/A,1041.51,N/A,N/A,2.0794,N/A,1.5266,N/A,6.7703,
2000-12-08,0.8895,98.75,1.9518,0.57241,34.903,7.4535,15.6466,0.6128,265.25,3.5584,0.5556,0.4001,3.916,22635,N/A,8.621,212.575,43.352,1.5128,77.1,8.112,N/A,N/A,605533,N/A,1.6285,N/A,1.3582,N/A,6.9352,N/A,N/A,N/A,1058.51,N/A,N/A,2.0827,N/A,1.546,N/A,6.7738,
2000-12-07,0.8943,98.9,1.9522,0.57241,34.97,7.4562,15.6466,0.6192,265.22,3.5763,0.5578,0.4026,3.923,22763,N/A,8.6275,212.7655,43.598,1.5152,77.22,8.115,N/A,N/A,608597,N/A,1.6282,N/A,1.3647,N/A,6.9733,N/A,N/A,N/A,1071.37,N/A,N/A,2.0843,N/A,1.5501,N/A,6.7761,
2000-12-06,0.8828,97.76,1.9518,0.57241,34.863,7.4542,15.6466,0.6152,265.05,3.5325,0.5531,0.4008,3.8937,22442,N/A,8.566,212.4184,43.466,1.5116,76.72,8.0655,N/A,N/A,600467,N/A,1.6182,N/A,1.3621,N/A,6.8842,N/A,N/A,N/A,1058.92,N/A,N/A,2.0742,N/A,1.5387,N/A,6.7225,
2000-12-05,0.881,97.52,1.9505,0.57241,34.91,7.4531,15.6466,0.6101,265.18,3.5231,0.5516,0.3996,3.9077,22406,N/A,8.5805,212.6328,43.543,1.5095,76.42,8.1035,N/A,N/A,599983,N/A,1.6288,N/A,1.3573,N/A,6.8715,N/A,N/A,N/A,1059.4,N/A,N/A,2.0902,N/A,1.5367,N/A,6.7279,
2000-12-04,0.8908,98.6,1.95,0.57241,34.933,7.4545,15.6466,0.6137,265.17,3.5623,0.5559,0.4013,3.9613,22599,N/A,8.63,212.3755,43.431,1.5166,76.67,8.1075,N/A,N/A,600317,N/A,1.634,N/A,1.3814,N/A,6.948,N/A,N/A,N/A,1084.55,N/A,N/A,2.1035,N/A,1.5536,N/A,6.7873,
2000-12-01,0.8735,97.75,1.9494,0.57241,34.643,7.456,15.6466,0.6095,265,3.4951,0.5496,0.3986,3.9028,22151,N/A,8.6825,212.3641,43.233,1.5134,75.99,8.0815,N/A,N/A,600433,N/A,1.6302,N/A,1.3361,N/A,6.8132,N/A,N/A,N/A,1056.06,N/A,N/A,2.1053,N/A,1.5299,N/A,6.7041,
2000-11-30,0.8684,96.44,1.9479,0.57241,34.628,7.457,15.6466,0.6128,264.87,3.4727,0.5471,0.3985,3.8783,21997,N/A,8.715,212.3413,43.212,1.5095,75.84,8.0525,N/A,N/A,594267,N/A,1.6551,N/A,1.3375,N/A,6.7733,N/A,N/A,N/A,1055.54,N/A,N/A,2.1387,N/A,1.5244,N/A,6.7062,
2000-11-29,0.865,95.01,1.947,0.57241,34.582,7.4583,15.6466,0.6069,264.97,3.4609,0.5441,0.3972,3.8798,21859,N/A,8.683,212.2147,42.942,1.5134,75.66,8.028,N/A,N/A,590233,N/A,1.6488,N/A,1.3275,N/A,6.7468,N/A,N/A,N/A,1040.16,N/A,N/A,2.1341,N/A,1.5172,N/A,6.7038,
2000-11-28,0.8561,94.54,1.9471,0.57241,34.468,7.4587,15.6466,0.6019,264.8,3.4255,0.5404,0.3954,3.8485,21637,N/A,8.7012,211.9876,42.944,1.5148,75.33,8.019,N/A,N/A,589157,N/A,1.6226,N/A,1.3095,N/A,6.6774,N/A,N/A,N/A,1015.76,N/A,N/A,2.0924,N/A,1.5042,N/A,6.6329,
2000-11-27,0.8406,93.44,1.9466,0.57241,34.269,7.4575,15.6466,0.5966,264.52,3.3632,0.5335,0.3926,3.8165,21202,N/A,8.6914,211.9318,42.685,1.5152,74.17,8.015,N/A,N/A,581367,N/A,1.616,N/A,1.2934,N/A,6.5565,N/A,N/A,N/A,998.63,N/A,N/A,2.105,N/A,1.4769,N/A,6.5702,
2000-11-24,0.8436,93.78,1.9469,0.57241,34.283,7.4598,15.6466,0.5994,264.46,3.3755,0.5348,0.3934,3.8507,21305,N/A,8.6883,211.8494,42.641,1.5205,74.76,8.022,N/A,N/A,583603,N/A,1.6128,N/A,1.3037,N/A,6.5799,N/A,N/A,N/A,1003.04,N/A,N/A,2.1043,N/A,1.4845,N/A,6.5927,
2000-11-23,0.8427,92.9,1.9468,0.57241,34.33,7.4596,15.6466,0.6,264.42,3.3716,0.5333,0.3935,3.8677,21263,N/A,8.6545,211.7276,42.593,1.5191,75.97,8.009,N/A,N/A,582950,N/A,1.6221,N/A,1.3025,N/A,6.5728,N/A,N/A,N/A,1006.61,N/A,N/A,2.1139,N/A,1.4802,N/A,6.5966,
2000-11-22,0.8429,92.46,1.9468,0.57241,34.513,7.4627,15.6466,0.5959,264.2,3.3722,0.532,0.3928,3.8522,21239,N/A,8.67,211.7365,42.534,1.5204,75.71,8.0085,N/A,N/A,583127,N/A,1.6236,N/A,1.3062,N/A,6.5744,N/A,N/A,N/A,991.67,N/A,N/A,2.1152,N/A,1.4778,N/A,6.6,
2000-11-21,0.8474,93.28,1.9464,0.57241,34.658,7.4616,15.6466,0.5968,264.39,3.3902,0.5344,0.3935,3.8618,21323,N/A,8.698,211.6433,42.692,1.5216,75.98,8.0345,N/A,N/A,583813,N/A,1.6587,N/A,1.3194,N/A,6.6094,N/A,N/A,N/A,988.49,N/A,N/A,2.1541,N/A,1.488,N/A,6.6313,
2000-11-20,0.8488,92.7,1.9466,0.57241,34.687,7.4585,15.6466,0.5955,264.06,3.3942,0.5339,0.3936,3.8822,21333,N/A,8.6485,211.6429,42.936,1.5291,75.14,7.9865,N/A,N/A,583283,N/A,1.6535,N/A,1.3213,N/A,6.6205,N/A,N/A,N/A,980.36,N/A,N/A,2.144,N/A,1.4897,N/A,6.5825,
2000-11-17,0.8535,92.95,1.9461,0.57241,34.707,7.4594,15.6466,0.5999,264.07,3.4131,0.5362,0.3948,3.8998,21461,N/A,8.67,211.5828,42.848,1.5244,75.23,8.0035,N/A,N/A,585333,N/A,1.6402,N/A,1.3288,N/A,6.6569,N/A,N/A,N/A,975.55,N/A,N/A,2.1303,N/A,1.4949,N/A,6.5282,
2000-11-16,0.8569,93.29,1.946,0.57241,34.673,7.46,15.6466,0.6018,263.61,3.4267,0.5377,0.3955,3.9202,21523,N/A,8.65,211.5167,42.721,1.5272,75.29,8.0135,N/A,N/A,586767,N/A,1.6478,N/A,1.3297,N/A,6.6832,N/A,N/A,N/A,976.69,N/A,N/A,2.1508,N/A,1.5008,N/A,6.5704,
2000-11-15,0.8596,93.22,1.9463,0.57241,34.672,7.46,15.6466,0.6031,263.51,3.4381,0.5387,0.396,3.9118,21550,N/A,8.6443,211.4634,42.911,1.5228,75.07,8.0365,N/A,N/A,586690,N/A,1.6516,N/A,1.3316,N/A,6.7044,N/A,N/A,N/A,976.51,N/A,N/A,2.1579,N/A,1.5004,N/A,6.5958,
2000-11-14,0.8583,92.6,1.9463,0.57241,34.666,7.4594,15.6466,0.5995,263.95,3.4326,0.5371,0.3953,3.929,21519,N/A,8.6548,211.3847,42.631,1.5194,74.93,8.0225,N/A,N/A,586527,N/A,1.6497,N/A,1.3228,N/A,6.6939,N/A,N/A,N/A,976.32,N/A,N/A,2.16,N/A,1.497,N/A,6.5657,
2000-11-13,0.862,92.82,1.9462,0.57241,34.713,7.459,15.6466,0.6016,264.14,3.4485,0.5388,0.396,3.9573,21598,N/A,8.6168,211.5735,42.622,1.5215,75.05,7.989,N/A,N/A,587733,N/A,1.6576,N/A,1.3338,N/A,6.7226,N/A,N/A,N/A,981.09,N/A,N/A,2.1842,N/A,1.502,N/A,6.577,
2000-11-10,0.8673,93.42,1.9465,0.57241,34.717,7.4555,15.6466,0.6059,264.05,3.4701,0.5416,0.3972,3.956,21633,N/A,8.5978,211.3658,42.764,1.5233,75.04,8,N/A,N/A,588333,N/A,1.6492,N/A,1.3434,N/A,6.7641,N/A,N/A,N/A,984.82,N/A,N/A,2.1764,N/A,1.5095,N/A,6.5837,
2000-11-09,0.8531,91.55,1.9463,0.57241,34.656,7.4552,15.6466,0.6017,264.01,3.4143,0.5346,0.395,3.9094,21331,N/A,8.57,211.3478,42.694,1.5209,74.39,7.939,N/A,N/A,583896,N/A,1.6256,N/A,1.3158,N/A,6.6529,N/A,N/A,N/A,967.24,N/A,N/A,2.1462,N/A,1.4852,N/A,6.5795,
2000-11-08,0.8559,92.22,1.9463,0.57241,34.653,7.4548,15.6466,0.6006,263.93,3.4245,0.536,0.3951,3.9077,21395,N/A,8.5845,211.1478,42.988,1.5198,74.45,7.9635,N/A,N/A,584110,N/A,1.6195,N/A,1.3157,N/A,6.6747,N/A,N/A,N/A,970.59,N/A,N/A,2.1467,N/A,1.4865,N/A,6.5583,
2000-11-07,0.8587,92.13,1.9465,0.57241,34.683,7.4541,15.6466,0.601,263.88,3.437,0.5372,0.3955,3.9242,21457,N/A,8.595,210.6076,43.206,1.5214,74.16,7.9785,N/A,N/A,585807,N/A,1.63,N/A,1.3126,N/A,6.6966,N/A,N/A,N/A,976.77,N/A,N/A,2.162,N/A,1.4928,N/A,6.5496,
2000-11-06,0.8667,92.86,1.9477,0.57241,34.709,7.4508,15.6466,0.5995,263.99,3.4688,0.5397,0.3963,3.9125,21619,N/A,8.5668,210.5481,43.366,1.5252,74.06,7.977,N/A,N/A,588575,N/A,1.6425,N/A,1.3283,N/A,6.7585,N/A,N/A,N/A,982.4,N/A,N/A,2.163,N/A,1.5011,N/A,6.5163,
2000-11-03,0.873,93.63,1.9487,0.57241,34.68,7.4508,15.6466,0.6013,263.99,3.4934,0.5426,0.3974,3.9287,21782,N/A,8.5408,210.5481,43.366,1.53,74.25,7.977,N/A,N/A,591000,N/A,1.652,N/A,1.3354,N/A,6.8064,N/A,N/A,N/A,991.12,N/A,N/A,2.175,N/A,1.521,N/A,6.554,
2000-11-02,0.8646,93.63,1.9472,0.57241,34.657,7.4446,15.6466,0.5956,263.28,3.4604,0.5393,0.3954,3.957,21469,N/A,8.521,210.2968,43.543,1.5288,73.65,7.9395,N/A,N/A,586067,N/A,1.638,N/A,1.3261,N/A,6.7401,N/A,N/A,N/A,981.58,N/A,N/A,2.1605,N/A,1.5064,N/A,6.4743,
2000-11-01,0.8554,92.83,1.9464,0.57241,34.793,7.4434,15.6466,0.5912,262.9,3.4222,0.5347,0.3937,3.9482,21261,N/A,8.474,210.4025,43.625,1.5279,73.4,7.8765,N/A,N/A,582650,N/A,1.6341,N/A,1.3038,N/A,6.6699,N/A,N/A,N/A,972.42,N/A,N/A,2.1484,N/A,1.494,N/A,6.4255,
2000-10-31,0.8417,91.88,1.9464,0.57241,34.869,7.4432,15.6466,0.5809,263.24,3.368,0.5294,0.3904,3.927,20914,N/A,8.4843,210.3455,43.472,1.521,73.3,7.8735,N/A,N/A,576887,N/A,1.6377,N/A,1.2887,N/A,6.5646,N/A,N/A,N/A,958.7,N/A,N/A,2.1355,N/A,1.4787,N/A,6.3911,
2000-10-30,0.8482,92.21,1.9468,0.57241,34.858,7.4443,15.6466,0.5812,263.36,3.3939,0.5319,0.3912,3.9532,21057,N/A,8.4898,210.3458,43.399,1.5235,73.57,7.933,N/A,N/A,579933,N/A,1.6115,N/A,1.299,N/A,6.6156,N/A,N/A,N/A,965.25,N/A,N/A,2.0943,N/A,1.4871,N/A,6.4049,
2000-10-27,0.8324,90.53,1.9462,0.57241,34.83,7.4434,15.6466,0.5804,263.15,3.3308,0.5252,0.3892,3.923,20569,N/A,8.4735,210.3512,43.339,1.5124,73.4,7.9265,N/A,N/A,572300,N/A,1.601,N/A,1.2666,N/A,6.4926,N/A,N/A,N/A,946.02,N/A,N/A,2.0835,N/A,1.4607,N/A,6.365,
2000-10-26,0.8252,89.3,1.9461,0.57241,34.82,7.4431,15.6466,0.5807,262.85,3.3013,0.5191,0.3885,3.886,20502,N/A,8.4888,210.1468,43.49,1.5088,72.7,7.927,N/A,N/A,570380,N/A,1.5963,N/A,1.2491,N/A,6.4361,N/A,N/A,N/A,938.67,N/A,N/A,2.0682,N/A,1.4486,N/A,6.3488,
2000-10-25,0.8307,89.8,1.9457,0.57241,34.792,7.443,15.6466,0.5771,262.65,3.3233,0.52,0.3883,3.8987,20559,N/A,8.4602,210.2134,43.494,1.5015,72.36,7.946,N/A,N/A,571550,N/A,1.5978,N/A,1.2644,N/A,6.4786,N/A,N/A,N/A,945.34,N/A,N/A,2.0805,N/A,1.457,N/A,6.3751,
2000-10-24,0.8386,90.76,1.9461,0.57241,34.942,7.4447,15.6466,0.577,262.61,3.3558,0.5237,0.3889,3.9175,20652,N/A,8.4507,210.2834,43.396,1.5016,72.39,7.9465,N/A,N/A,573233,N/A,1.5862,N/A,1.2679,N/A,6.5404,N/A,N/A,N/A,953.07,N/A,N/A,2.0775,N/A,1.4701,N/A,6.3449,
2000-10-23,0.8377,91,1.9477,0.57241,34.798,7.4442,15.6466,0.576,262.64,3.3506,0.5234,0.3891,3.9425,20673,N/A,8.4904,210.1242,43.385,1.5014,72.08,7.9415,N/A,N/A,573650,N/A,1.5788,N/A,1.2679,N/A,6.5331,N/A,N/A,N/A,954.14,N/A,N/A,2.0851,N/A,1.4702,N/A,6.3739,
2000-10-20,0.8452,92.06,1.9464,0.57241,34.815,7.444,15.6466,0.5832,262.63,3.3819,0.5278,0.3912,3.9543,20861,N/A,8.535,210.1189,43.586,1.5058,72.59,8.004,N/A,N/A,577020,N/A,1.5958,N/A,1.2774,N/A,6.5904,N/A,N/A,N/A,954.44,N/A,N/A,2.0923,N/A,1.4831,N/A,6.4591,
2000-10-19,0.8411,90.93,1.946,0.57241,34.653,7.443,15.6466,0.5826,262.62,3.3648,0.5255,0.3906,3.9498,20722,N/A,8.505,210.3127,43.66,1.504,72.31,8.007,N/A,N/A,575000,N/A,1.6236,N/A,1.272,N/A,6.5584,N/A,N/A,N/A,957.17,N/A,N/A,2.1455,N/A,1.4736,N/A,6.451,
2000-10-18,0.8525,92.27,1.9462,0.57241,35.37,7.4444,15.6466,0.5873,263.02,3.41,0.5308,0.3927,3.991,20963,N/A,8.535,210.2692,43.702,1.5086,72.63,8.0465,N/A,N/A,578100,N/A,1.6345,N/A,1.294,N/A,6.6477,N/A,N/A,N/A,969.29,N/A,N/A,2.1545,N/A,1.4984,N/A,6.5167,
2000-10-17,0.8496,91.73,1.9463,0.57241,35.357,7.4445,15.6466,0.5908,262.73,3.3989,0.5292,0.3929,3.97,20843,N/A,8.5045,210.2329,43.59,1.5123,72.54,8.0375,N/A,N/A,576867,N/A,1.6357,N/A,1.2922,N/A,6.6251,N/A,N/A,N/A,962.6,N/A,N/A,2.1585,N/A,1.4908,N/A,6.4051,
2000-10-16,0.8511,92.09,1.947,0.57241,35.356,7.4461,15.6466,0.5884,263.25,3.4048,0.5302,0.3927,3.9966,20892,N/A,8.525,210.1872,43.683,1.5122,72.41,8.009,N/A,N/A,579600,N/A,1.6194,N/A,1.2851,N/A,6.6364,N/A,N/A,N/A,960.04,N/A,N/A,2.1463,N/A,1.4913,N/A,6.4109,
2000-10-13,0.8627,93,1.9487,0.57241,35.41,7.4461,15.6466,0.5868,262.95,3.4515,0.5341,0.3939,4.05,21141,N/A,8.5303,209.8451,43.782,1.5067,72.73,8.047,N/A,N/A,582233,N/A,1.6242,N/A,1.3093,N/A,6.7267,N/A,N/A,N/A,973.64,N/A,N/A,2.157,N/A,1.514,N/A,6.472,
2000-10-12,0.8648,93,1.9544,0.57241,35.408,7.4474,15.6466,0.5921,262.84,3.4599,0.5357,0.3949,4.029,21177,N/A,8.573,210.1316,43.792,1.5115,72.81,8.054,N/A,N/A,582500,N/A,1.6292,N/A,1.3021,N/A,6.7427,N/A,N/A,N/A,970.74,N/A,N/A,2.1699,N/A,1.5169,N/A,6.4076,
2000-10-11,0.872,94.17,1.954,0.57241,35.425,7.4483,15.6466,0.5968,262.84,3.4887,0.5394,0.3965,4.0246,21298,N/A,8.6185,209.7742,43.811,1.5109,73.11,8.073,N/A,N/A,585017,N/A,1.624,N/A,1.3106,N/A,6.8,N/A,N/A,N/A,977.95,N/A,N/A,2.143,N/A,1.5252,N/A,6.436,
2000-10-10,0.8721,94.2,1.9502,0.57241,35.54,7.4519,15.6466,0.5992,262.49,3.4895,0.5392,0.3968,3.984,21278,N/A,8.5925,209.6934,43.751,1.5191,72.97,8.0575,N/A,N/A,584867,N/A,1.6385,N/A,1.31,N/A,6.8002,N/A,N/A,N/A,977.1,N/A,N/A,2.1605,N/A,1.5266,N/A,6.4025,
2000-10-09,0.8695,94.75,1.9493,0.57241,35.612,7.4526,15.6466,0.6006,262.55,3.4787,0.5394,0.3968,3.9502,21185,N/A,8.5545,209.6973,43.889,1.5213,73.1,8.045,N/A,N/A,583967,N/A,1.6275,N/A,1.3069,N/A,6.78,N/A,N/A,N/A,971.67,N/A,N/A,2.1578,N/A,1.5216,N/A,6.3718,
2000-10-06,0.8703,94.82,1.9473,0.57241,35.635,7.452,15.6466,0.6014,262.55,3.4819,0.5397,0.397,3.9673,21205,N/A,8.5283,209.5957,43.854,1.5252,73.1,8.0355,N/A,N/A,583900,N/A,1.6308,N/A,1.2997,N/A,6.7845,N/A,N/A,N/A,971.25,N/A,N/A,2.1621,N/A,1.5215,N/A,6.3388,
2000-10-05,0.8786,95.95,1.9497,0.57241,35.668,7.453,15.6466,0.6027,262.87,3.5152,0.5439,0.3981,3.9965,21314,N/A,8.565,209.6313,43.863,1.5228,73.25,8.048,N/A,N/A,586667,N/A,1.6305,N/A,1.3146,N/A,6.8494,N/A,N/A,N/A,983.15,N/A,N/A,2.1745,N/A,1.5367,N/A,6.3403,
2000-10-04,0.873,95.31,1.9486,0.57241,35.663,7.4504,15.6466,0.6003,263.18,3.4928,0.5405,0.3972,3.9792,21215,N/A,8.5723,209.5734,43.872,1.5155,72.89,8.035,N/A,N/A,584967,N/A,1.6263,N/A,1.3098,N/A,6.8041,N/A,N/A,N/A,977.32,N/A,N/A,2.1685,N/A,1.5282,N/A,6.3267,
2000-10-03,0.8763,95.14,1.9508,0.57241,35.765,7.4534,15.6466,0.6006,263.27,3.5062,0.5414,0.3976,4.0013,21292,N/A,8.535,209.4739,43.892,1.517,73.05,8.0345,N/A,N/A,585533,N/A,1.6175,N/A,1.3212,N/A,6.8313,N/A,N/A,N/A,980.58,N/A,N/A,2.1765,N/A,1.5278,N/A,6.342,
2000-10-02,0.8802,95.49,1.9502,0.57241,35.603,7.455,15.6466,0.5991,263.84,3.5221,0.5425,0.3979,3.9813,21375,N/A,8.527,209.4564,43.884,1.5237,72.96,8.043,N/A,N/A,587333,N/A,1.6199,N/A,1.3235,N/A,6.8626,N/A,N/A,N/A,984.06,N/A,N/A,2.1704,N/A,1.5317,N/A,6.358,
2000-09-29,0.8765,94.94,1.9482,0.57241,35.55,7.457,15.6466,0.5967,263.75,3.505,0.5399,0.3973,3.9825,21187,N/A,8.5265,209.4576,43.743,1.524,72.92,8.0255,N/A,N/A,583548,N/A,1.618,N/A,1.3198,N/A,6.8302,N/A,N/A,N/A,976.87,N/A,N/A,2.151,N/A,1.5247,N/A,6.3745,
2000-09-28,0.8832,94.98,1.9489,0.57241,35.484,7.465,15.6466,0.6025,263.93,3.532,0.543,0.3987,4,21298,N/A,8.5245,209.4332,43.683,1.5257,73.23,8.0125,N/A,N/A,586365,N/A,1.6073,N/A,1.3241,N/A,6.8832,N/A,N/A,N/A,984.98,N/A,N/A,2.1205,N/A,1.5398,N/A,6.4111,
2000-09-27,0.8861,95.49,1.9479,0.57241,35.445,7.4654,15.6466,0.6045,263.47,3.5455,0.545,0.3994,4.0322,21290,N/A,8.509,209.2879,43.678,1.5254,73.12,8.044,N/A,N/A,587783,N/A,1.615,N/A,1.3206,N/A,6.9102,N/A,N/A,N/A,986.78,N/A,N/A,2.1406,N/A,1.5441,N/A,6.3756,
2000-09-26,0.8757,93.95,1.947,0.57241,35.449,7.4624,15.6466,0.6028,263.27,3.5019,0.5393,0.3978,4.0096,20999,N/A,8.4693,209.2726,43.618,1.5188,72.98,8.0215,N/A,N/A,582842,N/A,1.5992,N/A,1.3029,N/A,6.8269,N/A,N/A,N/A,978.97,N/A,N/A,2.1285,N/A,1.5249,N/A,6.3194,
2000-09-25,0.877,94.37,1.9471,0.57241,35.511,7.4597,15.6466,0.6028,263.01,3.5105,0.5406,0.3983,3.9856,20979,N/A,8.453,209.2504,43.64,1.5221,73.07,8.027,N/A,N/A,583384,N/A,1.6088,N/A,1.3054,N/A,6.8424,N/A,N/A,N/A,987.08,N/A,N/A,2.1299,N/A,1.5328,N/A,6.3362,
2000-09-22,0.889,95.75,1.9462,0.57241,35.632,7.4618,15.6466,0.6063,263.06,3.5553,0.5452,0.4004,4.0392,21223,N/A,8.428,209.0332,43.665,1.5318,73.59,8.0345,N/A,N/A,586136,N/A,1.595,N/A,1.3251,N/A,6.9247,N/A,N/A,N/A,1008.12,N/A,N/A,2.1383,N/A,1.5538,N/A,6.4224,
2000-09-21,0.8524,90.72,1.9462,0.57241,35.487,7.4625,15.6466,0.6004,262.8,3.4055,0.5276,0.3948,3.9228,20317,N/A,8.384,209.2098,43.41,1.51,71.97,7.992,N/A,N/A,571661,N/A,1.58,N/A,1.2671,N/A,6.6355,N/A,N/A,N/A,959.25,N/A,N/A,2.1152,N/A,1.4861,N/A,6.2716,
2000-09-20,0.8476,90.3,1.9462,0.57241,35.437,7.467,15.6466,0.5989,262.34,3.3883,0.5253,0.394,3.8962,20217,N/A,8.3725,209.1652,43.243,1.5123,71.97,7.9665,N/A,N/A,569788,N/A,1.5645,N/A,1.2549,N/A,6.6008,N/A,N/A,N/A,953.98,N/A,N/A,2.064,N/A,1.479,N/A,6.1691,
2000-09-19,0.8541,91.31,1.9461,0.57241,35.498,7.4674,15.6466,0.6084,262.4,3.4186,0.5299,0.396,3.9408,20257,N/A,8.378,209.1235,43.058,1.52,72.38,8.0055,N/A,N/A,572814,N/A,1.5736,N/A,1.2699,N/A,6.6632,N/A,N/A,N/A,962.59,N/A,N/A,2.0653,N/A,1.4913,N/A,6.2132,
2000-09-18,0.8526,91.1,1.9461,0.57241,35.668,7.468,15.6466,0.6096,262.19,3.4123,0.5291,0.3958,3.8968,20172,N/A,8.393,209.1695,42.97,1.5235,72.02,7.991,N/A,N/A,571930,N/A,1.5692,N/A,1.2658,N/A,6.6486,N/A,N/A,N/A,964.96,N/A,N/A,2.0612,N/A,1.49,N/A,6.1963,
2000-09-15,0.8615,92.64,1.9462,0.57241,35.535,7.4668,15.6466,0.6125,261.83,3.4498,0.5341,0.3979,3.8582,20363,N/A,8.3915,209.1878,42.84,1.5278,72.2,8.018,N/A,N/A,574957,N/A,1.566,N/A,1.2815,N/A,6.7229,N/A,N/A,N/A,965.65,N/A,N/A,2.0545,N/A,1.5039,N/A,6.163,
2000-09-14,0.8693,93.15,1.9462,0.57241,35.435,7.4657,15.6466,0.6133,261.85,3.4862,0.5374,0.3985,3.9015,20512,N/A,8.4145,209.3214,42.875,1.5265,72.41,8.0405,N/A,N/A,578370,N/A,1.5735,N/A,1.2956,N/A,6.7934,N/A,N/A,N/A,971.63,N/A,N/A,2.075,N/A,1.5156,N/A,6.1966,
2000-09-13,0.8654,92.83,1.9464,0.57241,35.566,7.4659,15.6466,0.6142,261.55,3.46,0.5343,0.3984,3.9,20330,N/A,8.417,209.2546,42.877,1.5286,72.22,8.0435,N/A,N/A,575355,N/A,1.5613,N/A,1.2801,N/A,6.7454,N/A,N/A,N/A,959.55,N/A,N/A,2.0524,N/A,1.509,N/A,6.1691,
2000-09-12,0.8614,91.55,1.9464,0.57241,35.362,7.4648,15.6466,0.6145,261.79,3.4468,0.5318,0.3977,3.8398,20180,N/A,8.388,209.2725,42.87,1.5218,71.95,7.98,N/A,N/A,574002,N/A,1.5428,N/A,1.2751,N/A,6.7162,N/A,N/A,N/A,955.35,N/A,N/A,2.007,N/A,1.5007,N/A,6.146,
2000-09-11,0.8609,91.35,1.9464,0.57241,35.27,7.4603,15.6466,0.6078,261.88,3.4386,0.53,0.397,3.8097,20111,N/A,8.378,209.1372,42.647,1.5298,71.77,8.024,N/A,N/A,572705,N/A,1.542,N/A,1.2716,N/A,6.702,N/A,N/A,N/A,953.08,N/A,N/A,2.0365,N/A,1.4936,N/A,6.1238,
2000-09-08,0.8735,92.25,1.9465,0.57241,35.328,7.4583,15.6466,0.6124,261.92,3.4948,0.5357,0.3992,3.8648,20387,N/A,8.3655,209.0584,42.65,1.549,72.25,8.0385,N/A,N/A,577560,N/A,1.5612,N/A,1.2884,N/A,6.8118,N/A,N/A,N/A,968.31,N/A,N/A,2.0751,N/A,1.5163,N/A,6.1929,
2000-09-07,0.8676,91.21,1.9466,0.57241,35.278,7.459,15.6466,0.6047,261.87,3.4704,0.5324,0.3972,3.8257,20204,N/A,8.35,208.9626,42.603,1.5468,71.83,8.0155,N/A,N/A,574738,N/A,1.565,N/A,1.2873,N/A,6.7641,N/A,N/A,N/A,963.19,N/A,N/A,2.0956,N/A,1.5014,N/A,6.1658,
2000-09-06,0.8818,93.27,1.9468,0.57241,35.312,7.4611,15.6466,0.6087,261.87,3.5298,0.5392,0.3995,3.8448,20486,N/A,8.411,208.9626,42.724,1.5482,72.14,8.0515,N/A,N/A,580307,N/A,1.5605,N/A,1.3032,N/A,6.8799,N/A,N/A,N/A,976.91,N/A,N/A,2.0685,N/A,1.5253,N/A,6.2316,
2000-09-05,0.8886,94.18,1.9469,0.57241,35.318,7.4599,15.6466,0.6124,261.67,3.5547,0.5422,0.4008,3.87,20624,N/A,8.3775,209.0238,42.798,1.549,72.21,8.074,N/A,N/A,582907,N/A,1.5539,N/A,1.3109,N/A,6.9278,N/A,N/A,N/A,982.01,N/A,N/A,2.0798,N/A,1.5345,N/A,6.2114,
2000-09-04,0.9,95.12,1.9474,0.57248,35.368,7.46,15.6466,0.6154,261.5,3.6019,0.547,0.4025,3.93,20790,N/A,8.395,208.9852,42.76,1.5532,72.54,8.0815,N/A,N/A,587521,N/A,1.5632,N/A,1.3255,N/A,7.0211,N/A,N/A,N/A,994.19,N/A,N/A,2.0947,N/A,1.5509,N/A,6.2609,
2000-09-01,0.8902,94.77,1.9463,0.57241,35.31,7.4579,15.6466,0.6135,261.34,3.5624,0.5431,0.4013,3.915,20519,N/A,8.3795,208.9769,42.618,1.55,72.06,8.0725,N/A,N/A,582337,N/A,1.5534,N/A,1.3102,N/A,6.9435,N/A,N/A,N/A,984.42,N/A,N/A,2.098,N/A,1.5334,N/A,6.2099,
2000-08-31,0.8906,94.77,1.9463,0.57241,35.37,7.4564,15.6466,0.6132,261.36,3.5665,0.5435,0.4013,3.906,20484,N/A,8.416,208.9892,42.632,1.5498,72.2,8.0745,N/A,N/A,582224,N/A,1.5547,N/A,1.3141,N/A,6.949,N/A,N/A,N/A,988.34,N/A,N/A,2.0801,N/A,1.5337,N/A,6.2123,
2000-08-30,0.8909,94.8,1.9461,0.57241,35.357,7.455,15.6466,0.6148,261.23,3.57,0.5435,0.4014,3.9225,20402,N/A,8.4355,208.9326,42.71,1.5483,72.24,8.0715,N/A,N/A,582524,N/A,1.5606,N/A,1.322,N/A,6.9594,N/A,N/A,N/A,989.11,N/A,N/A,2.0898,N/A,1.5375,N/A,6.2072,
2000-08-29,0.8965,95.44,1.9462,0.57248,35.34,7.4562,15.6466,0.6139,261.18,3.5883,0.5454,0.4018,3.9155,20498,N/A,8.4545,207.5587,42.613,1.5447,72.42,8.0715,N/A,N/A,583702,N/A,1.568,N/A,1.3288,N/A,6.9954,N/A,N/A,N/A,995.64,N/A,N/A,2.085,N/A,1.5437,N/A,6.2235,
2000-08-28,0.9007,95.88,1.9463,0.57248,35.323,7.4567,15.6466,0.612,261.19,3.6039,0.5466,0.4022,3.9423,20565,N/A,8.428,208.8517,42.604,1.5437,72.32,8.0745,N/A,N/A,585656,N/A,1.5733,N/A,1.3371,N/A,7.0261,N/A,N/A,N/A,1001.5,N/A,N/A,2.0644,N/A,1.5485,N/A,6.2516,
2000-08-25,0.9021,96.61,1.9463,0.57251,35.352,7.4585,15.6466,0.6122,261.13,3.6079,0.5487,0.4024,3.955,20518,N/A,8.38,208.8636,42.62,1.5453,72.3,8.0955,N/A,N/A,585045,N/A,1.5731,N/A,1.3361,N/A,7.0371,N/A,N/A,N/A,1005.1,N/A,N/A,2.0742,N/A,1.5532,N/A,6.2429,
2000-08-24,0.9012,96.64,1.9463,0.57248,35.365,7.458,15.6466,0.6087,261.1,3.6027,0.5478,0.402,3.9345,20487,N/A,8.364,208.8825,42.518,1.5489,72.43,8.1015,N/A,N/A,584378,N/A,1.5742,N/A,1.3375,N/A,7.027,N/A,N/A,N/A,1003.74,N/A,N/A,2.0729,N/A,1.5514,N/A,6.2749,
2000-08-23,0.8918,95.7,1.9461,0.57241,35.333,7.4569,15.6466,0.6027,261.05,3.5661,0.543,0.3992,3.8753,20202,N/A,8.356,208.7899,42.624,1.5525,71.96,8.0525,N/A,N/A,580934,N/A,1.5659,N/A,1.3237,N/A,6.9553,N/A,N/A,N/A,994.08,N/A,N/A,2.0715,N/A,1.5334,N/A,6.2475,
2000-08-22,0.8972,97.27,1.9461,0.57241,35.418,7.4579,15.6466,0.6038,260.98,3.5886,0.5464,0.4006,3.885,20289,N/A,8.383,208.7347,42.537,1.5608,72.07,8.0435,N/A,N/A,582698,N/A,1.5328,N/A,1.3264,N/A,6.9978,N/A,N/A,N/A,999.67,N/A,N/A,2.0092,N/A,1.5405,N/A,6.2602,
2000-08-21,0.9023,97.63,1.9462,0.57261,35.463,7.4572,15.6466,0.6051,260.95,3.6104,0.5486,0.4013,3.9075,20351,N/A,8.412,208.7875,42.425,1.5598,72.48,8.0435,N/A,N/A,584541,N/A,1.5315,N/A,1.3288,N/A,7.0405,N/A,N/A,N/A,1006.13,N/A,N/A,2.001,N/A,1.5501,N/A,6.2701,
2000-08-18,0.9127,99.42,1.9461,0.57307,35.41,7.4565,15.6466,0.6099,260.94,3.651,0.5538,0.4031,3.9407,20535,N/A,8.3955,208.7322,42.378,1.5622,72.88,8.061,N/A,N/A,587210,N/A,1.5412,N/A,1.3468,N/A,7.1203,N/A,N/A,N/A,1017.99,N/A,N/A,2.0253,N/A,1.5702,N/A,6.3185,
2000-08-17,0.914,99.12,1.9461,0.57307,35.43,7.4596,15.6466,0.6096,260.91,3.6494,0.5529,0.4035,3.9425,20528,N/A,8.428,208.6753,42.4,1.5629,72.79,8.09,N/A,N/A,587477,N/A,1.5451,N/A,1.3505,N/A,7.117,N/A,N/A,N/A,1017.04,N/A,N/A,2.0264,N/A,1.5667,N/A,6.3325,
2000-08-16,0.9072,98.45,1.9461,0.57284,35.383,7.4587,15.6466,0.6052,260.95,3.631,0.5505,0.4018,3.9403,20314,N/A,8.3915,208.7425,42.402,1.559,72.49,8.099,N/A,N/A,585115,N/A,1.5447,N/A,1.3441,N/A,7.0819,N/A,N/A,N/A,1012.5,N/A,N/A,2.0216,N/A,1.5587,N/A,6.3165,
2000-08-15,0.9118,99.78,1.9461,0.57266,35.36,7.4602,15.6466,0.6059,260.85,3.6507,0.5533,0.4025,3.9645,20372,N/A,8.3455,208.5309,42.54,1.5591,72.68,8.114,N/A,N/A,586409,N/A,1.5607,N/A,1.3564,N/A,7.1176,N/A,N/A,N/A,1018.55,N/A,N/A,2.0294,N/A,1.5697,N/A,6.3182,
2000-08-14,0.9011,98.58,1.9461,0.57261,35.27,7.46,15.6466,0.5984,260.85,3.6055,0.5479,0.4001,3.9307,20108,N/A,8.3065,208.5326,42.54,1.5541,72.24,8.07,N/A,N/A,581879,N/A,1.5575,N/A,1.3364,N/A,7.0297,N/A,N/A,N/A,1006.25,N/A,N/A,2.014,N/A,1.5463,N/A,6.2228,
2000-08-11,0.9132,99.31,1.9461,0.57307,35.298,7.4604,15.6466,0.6061,260.77,3.6532,0.5534,0.4027,3.9562,20344,N/A,8.363,208.5388,42.801,1.5531,72.79,8.1195,N/A,N/A,585612,N/A,1.5702,N/A,1.3545,N/A,7.1206,N/A,N/A,N/A,1018.62,N/A,N/A,2.0188,N/A,1.5647,N/A,6.3295,
2000-08-10,0.9031,97.93,1.9461,0.57261,35.293,7.4574,15.6466,0.6018,260.77,3.616,0.5484,0.4009,3.9407,20082,N/A,8.3295,208.5388,43,1.5449,72.2,8.087,N/A,N/A,582400,N/A,1.5585,N/A,1.3392,N/A,7.0489,N/A,N/A,N/A,1007.19,N/A,N/A,2.0027,N/A,1.5515,N/A,6.2919,
2000-08-09,0.8973,96.81,1.9461,0.57241,35.297,7.4568,15.6466,0.5978,260.68,3.5904,0.5447,0.3995,3.9174,19884,N/A,8.3125,208.5574,42.45,1.5443,72.13,8.067,N/A,N/A,579904,N/A,1.5503,N/A,1.3351,N/A,6.9985,N/A,N/A,N/A,1000.37,N/A,N/A,1.9855,N/A,1.5457,N/A,6.2722,
2000-08-08,0.9047,98.2,1.9461,0.57264,35.328,7.4591,15.6466,0.5996,260.64,3.619,0.5489,0.3953,3.9592,20014,N/A,8.3535,208.5326,42.412,1.544,72.71,8.1165,N/A,N/A,581865,N/A,1.5417,N/A,1.3452,N/A,7.0536,N/A,N/A,N/A,1009.34,N/A,N/A,1.991,N/A,1.5612,N/A,6.3071,
2000-08-07,0.9084,98.85,1.9462,0.5728,35.328,7.4581,15.6466,0.6032,260.63,3.6343,0.5511,0.4016,3.9937,20057,N/A,8.3725,208.5425,42.395,1.5474,72.57,8.0945,N/A,N/A,583070,N/A,1.5502,N/A,1.3575,N/A,7.0844,N/A,N/A,N/A,1015.08,N/A,N/A,1.9992,N/A,1.5686,N/A,6.3193,
2000-08-04,0.9031,98.02,1.9462,0.57284,35.327,7.457,15.6466,0.6008,260.6,3.6148,0.549,0.4009,3.9858,19912,N/A,8.411,208.4972,42.396,1.5464,72.79,8.1215,N/A,N/A,579970,N/A,1.5517,N/A,1.3424,N/A,7.0459,N/A,N/A,N/A,1007.8,N/A,N/A,1.9914,N/A,1.5549,N/A,6.3151,
2000-08-03,0.9028,97.85,1.9463,0.57284,35.342,7.458,15.6466,0.607,260.55,3.6172,0.5498,0.4017,3.979,19872,N/A,8.439,206.9572,42.395,1.5425,72.34,8.1585,N/A,N/A,580347,N/A,1.549,N/A,1.3372,N/A,7.0503,N/A,N/A,N/A,1007.88,N/A,N/A,1.9949,N/A,1.5608,N/A,6.3263,
2000-08-02,0.9142,99.8,1.9462,0.57313,35.39,7.4568,15.6466,0.6143,260.51,3.658,0.5553,0.4041,3.996,20080,N/A,8.4575,208.4765,42.425,1.5449,71.93,8.18,N/A,N/A,583991,N/A,1.5701,N/A,1.3544,N/A,7.1301,N/A,N/A,N/A,1020.03,N/A,N/A,2.0177,N/A,1.5796,N/A,6.4122,
2000-08-01,0.9264,101.56,1.9461,0.57359,35.421,7.4575,15.6466,0.6172,260.45,3.7068,0.5606,0.4059,4.0352,20315,N/A,8.474,208.3626,42.505,1.546,72.51,8.1985,N/A,N/A,588607,N/A,1.5965,N/A,1.3794,N/A,7.2251,N/A,N/A,N/A,1033.69,N/A,N/A,2.0356,N/A,1.605,N/A,6.4473,
2000-07-31,0.9243,101.04,1.9462,0.57353,35.424,7.4569,15.6466,0.6179,260.51,3.7032,0.5598,0.4056,4.011,20238,N/A,8.495,208.4178,42.434,1.5477,72.67,8.199,N/A,N/A,588419,N/A,1.5986,N/A,1.3702,N/A,7.2155,N/A,N/A,N/A,1033.61,N/A,N/A,2.0386,N/A,1.6034,N/A,6.439,
2000-07-28,0.9276,101.29,1.9461,0.57362,35.563,7.4556,15.6466,0.615,260.45,3.712,0.5602,0.4057,4.0138,20284,N/A,8.4585,208.3529,42.35,1.5486,72.69,8.1835,N/A,N/A,587980,N/A,1.5752,N/A,1.3663,N/A,7.2344,N/A,N/A,N/A,1036.07,N/A,N/A,2.0225,N/A,1.6078,N/A,6.4351,
2000-07-27,0.9389,102.26,1.9462,0.57418,35.59,7.4565,15.6466,0.6198,260.47,3.7568,0.5656,0.4076,4.0274,20497,N/A,8.4415,208.2732,42.538,1.5531,73.03,8.195,N/A,N/A,592096,N/A,1.5898,N/A,1.3773,N/A,7.3215,N/A,N/A,N/A,1046.46,N/A,N/A,2.0387,N/A,1.6281,N/A,6.5103,
2000-07-26,0.939,102.43,1.9461,0.57422,35.663,7.4545,15.6466,0.6189,260.31,3.759,0.5662,0.4075,4.0356,20442,N/A,8.394,207.2782,42.544,1.5519,73.68,8.1825,N/A,N/A,592372,N/A,1.5909,N/A,1.3772,N/A,7.3265,N/A,N/A,N/A,1047.88,N/A,N/A,2.0353,N/A,1.6366,N/A,6.5291,
2000-07-25,0.941,102.78,1.9462,0.57425,35.66,7.4548,15.6466,0.6201,260.3,3.7633,0.5668,0.408,4.0393,20453,N/A,8.388,207.9904,42.472,1.5538,73.67,8.168,N/A,N/A,592322,N/A,1.6072,N/A,1.3803,N/A,7.3368,N/A,N/A,N/A,1049.69,N/A,N/A,2.0375,N/A,1.6424,N/A,6.5443,
2000-07-24,0.9332,101.64,1.9464,0.57395,35.57,7.4559,15.6466,0.6151,260.31,3.7308,0.562,0.4065,4.0148,20258,N/A,8.422,207.8613,42.494,1.5555,73.49,8.1915,N/A,N/A,588915,N/A,1.5905,N/A,1.37,N/A,7.2722,N/A,N/A,N/A,1039.13,N/A,N/A,2.0195,N/A,1.6281,N/A,6.4489,
2000-07-21,0.9363,101.53,1.9465,0.57399,35.595,7.455,15.6466,0.6185,260.3,3.7413,0.5628,0.4072,4.0198,20295,N/A,8.388,207.8603,42.533,1.5511,73.6,8.1835,N/A,N/A,589293,N/A,1.5945,N/A,1.3783,N/A,7.2933,N/A,N/A,N/A,1040.91,N/A,N/A,2.0138,N/A,1.6342,N/A,6.4495,
2000-07-20,0.922,99.74,1.9468,0.57336,35.78,7.4543,15.6466,0.6165,260.23,3.6822,0.5564,0.4053,4.0103,19968,N/A,8.409,207.8352,42.505,1.5488,73.12,8.189,N/A,N/A,583629,N/A,1.5951,N/A,1.3625,N/A,7.1777,N/A,N/A,N/A,1023.24,N/A,N/A,2.0124,N/A,1.6077,N/A,6.4182,
2000-07-19,0.9216,99.6,1.9469,0.57346,35.632,7.4535,15.6466,0.6156,260.16,3.6826,0.5564,0.4051,4.0048,19919,N/A,8.399,207.5889,42.51,1.5473,73.39,8.1735,N/A,N/A,583156,N/A,1.592,N/A,1.3595,N/A,7.1799,N/A,N/A,N/A,1024.17,N/A,N/A,2.0239,N/A,1.6087,N/A,6.4321,
2000-07-18,0.9353,100.93,N/A,0.57395,35.667,7.4557,15.6466,0.6241,260.12,3.7417,0.5629,0.4078,4.0297,20202,N/A,8.387,207.6454,42.554,1.5502,74.14,8.1895,N/A,N/A,588276,N/A,1.6025,N/A,1.3849,N/A,7.2953,N/A,N/A,N/A,1041.94,N/A,N/A,2.041,N/A,1.6349,N/A,6.4676,
2000-07-17,0.9352,101.65,N/A,0.57412,35.525,7.4591,15.6466,0.627,260.09,3.7485,0.5646,0.4076,4.0502,20178,N/A,8.3585,208.0275,42.411,1.5465,74.47,8.166,N/A,N/A,587948,N/A,1.6003,N/A,1.3877,N/A,7.3058,N/A,N/A,N/A,1043.13,N/A,N/A,2.0311,N/A,1.6375,N/A,6.4389,
2000-07-14,0.9344,100.82,N/A,0.57402,35.455,7.4597,15.6466,0.6227,260.13,3.7405,0.5629,0.4073,4.058,20143,N/A,8.3485,207.5672,42.796,1.5476,75.05,8.1515,N/A,N/A,587685,N/A,1.599,N/A,1.3863,N/A,7.2936,N/A,N/A,N/A,1040.86,N/A,N/A,2.0333,N/A,1.6312,N/A,6.4147,
2000-07-13,0.9349,100.12,N/A,0.57402,35.617,7.4612,15.6466,0.6224,260.19,3.7398,0.5621,0.4074,4.0482,20142,N/A,8.3485,207.9937,42.825,1.5532,74.29,8.1475,N/A,N/A,586526,N/A,1.5832,N/A,1.3861,N/A,7.2903,N/A,N/A,N/A,1038.53,N/A,N/A,2.0225,N/A,1.6286,N/A,6.4204,
2000-07-12,0.9499,102.29,N/A,0.57641,35.468,7.462,15.6466,0.627,260.14,3.8,0.5693,0.4091,4.07,20437,N/A,8.392,207.8821,42.49,1.5523,73.38,8.1515,N/A,N/A,592287,N/A,1.608,N/A,1.4034,N/A,7.4095,N/A,N/A,N/A,1060.12,N/A,N/A,2.0603,N/A,1.656,N/A,6.4607,
2000-07-11,0.9527,101.77,N/A,0.57478,35.533,7.4637,15.6466,0.63,260.23,3.8092,0.5697,0.4107,4.0732,20482,N/A,8.421,207.9661,42.464,1.5516,73.21,8.1755,N/A,N/A,592853,N/A,1.6168,N/A,1.4066,N/A,7.4256,N/A,N/A,N/A,1063.52,N/A,N/A,2.074,N/A,1.6604,N/A,6.4755,
2000-07-10,0.9523,101.82,N/A,0.57465,35.607,7.4637,15.6466,0.628,260.16,3.8071,0.5693,0.4104,4.0908,20453,N/A,8.446,207.6524,42.433,1.5461,73.13,8.1655,N/A,N/A,592173,N/A,1.604,N/A,1.4098,N/A,7.4222,N/A,N/A,N/A,1064.57,N/A,N/A,2.0581,N/A,1.6551,N/A,6.4966,
2000-07-07,0.9483,101.86,N/A,0.57458,35.64,7.463,15.6466,0.6278,260.13,3.7947,0.569,0.4096,4.0967,20360,N/A,8.431,207.6182,42.434,1.5458,73.1,8.173,N/A,N/A,590793,N/A,1.613,N/A,1.407,N/A,7.3983,N/A,N/A,N/A,1061.64,N/A,N/A,2.0685,N/A,1.647,N/A,6.4864,
2000-07-06,0.9542,102.44,N/A,0.57491,35.688,7.4643,15.6466,0.631,260.17,3.8239,0.5724,0.4105,4.1187,20473,N/A,8.44,207.4616,42.405,1.5484,73.41,8.18,N/A,N/A,592641,N/A,1.6165,N/A,1.4197,N/A,7.4553,N/A,N/A,N/A,1068.13,N/A,N/A,2.0685,N/A,1.6583,N/A,6.4933,
2000-07-05,0.9537,101.73,N/A,0.57481,35.73,7.4625,15.6466,0.6313,260.07,3.8173,0.5711,0.4105,4.0928,20418,N/A,8.408,208.7338,42.418,1.5532,73.26,8.187,N/A,N/A,592413,N/A,1.6054,N/A,1.4179,N/A,7.4417,N/A,N/A,N/A,1066.07,N/A,N/A,2.0589,N/A,1.6585,N/A,6.4504,
2000-07-04,0.9487,100.78,N/A,0.57451,35.704,7.463,15.6466,0.6271,259.85,3.7967,0.5684,0.4097,4.089,20293,N/A,8.3835,207.6835,42.404,1.5528,73.01,8.18,N/A,N/A,590264,N/A,1.5871,N/A,1.4054,N/A,7.4004,N/A,N/A,N/A,1058.65,N/A,N/A,2.0431,N/A,1.6457,N/A,6.4464,
2000-07-03,0.9493,100.58,N/A,0.57461,35.65,7.4612,15.6466,0.6281,260.22,3.7977,0.5684,0.41,4.1147,20277,N/A,8.3885,207.3997,42.505,1.5551,72.93,8.169,N/A,N/A,590213,N/A,1.584,N/A,1.4049,N/A,7.4033,N/A,N/A,N/A,1057.72,N/A,N/A,2.0267,N/A,1.6444,N/A,6.4486,
2000-06-30,0.9556,100.57,N/A,0.57488,35.622,7.461,15.6466,0.6323,260.15,3.8185,0.5696,0.4114,4.1835,20416,N/A,8.421,207.3492,42.641,1.5576,73.1,8.185,N/A,N/A,590718,N/A,1.5894,N/A,1.4157,N/A,7.4456,N/A,N/A,N/A,1064.68,N/A,N/A,2.031,N/A,1.6513,N/A,6.4981,
2000-06-29,0.9504,99.56,N/A,0.57465,35.828,7.4604,15.6466,0.6257,260.08,3.8022,0.5668,0.4097,4.1733,20267,N/A,8.404,207.3525,42.96,1.5558,72.85,8.1785,N/A,N/A,589218,N/A,1.5729,N/A,1.4052,N/A,7.4113,N/A,N/A,N/A,1059.9,N/A,N/A,2.028,N/A,1.6496,N/A,6.4865,
2000-06-28,0.9415,99.56,N/A,0.57425,35.7,7.458,15.6466,0.6253,260.11,3.7638,0.5634,0.4088,4.144,20028,N/A,8.386,207.1275,43.026,1.5479,72.69,8.175,N/A,N/A,585468,N/A,1.5666,N/A,1.394,N/A,7.3381,N/A,N/A,N/A,1050.56,N/A,N/A,2.0062,N/A,1.6327,N/A,6.4041,
2000-06-27,0.9401,99.16,N/A,0.57422,35.757,7.4575,15.6466,0.6281,259.91,3.7607,0.5634,0.4089,4.145,19977,N/A,8.3715,207.2225,42.991,1.5486,72.69,8.2125,N/A,N/A,584681,N/A,1.565,N/A,1.3939,N/A,7.3283,N/A,N/A,N/A,1051.39,N/A,N/A,1.9968,N/A,1.6297,N/A,6.4162,
2000-06-26,0.9327,98.38,N/A,0.57386,35.84,7.4565,15.6466,0.6215,259.85,3.7332,0.5602,0.4072,4.158,19797,N/A,8.284,207.1108,42.555,1.5478,72.23,8.179,N/A,N/A,581905,N/A,1.5687,N/A,1.3873,N/A,7.2701,N/A,N/A,N/A,1043.25,N/A,N/A,1.9892,N/A,1.6178,N/A,6.4076,
2000-06-23,0.9413,98.12,N/A,0.57409,35.96,7.4574,15.6466,0.625,259.9,3.7664,0.5625,0.4087,4.173,19963,N/A,8.2765,207.0829,42.125,1.5521,73.5,8.2025,N/A,N/A,583990,N/A,1.5788,N/A,1.3876,N/A,7.3334,N/A,N/A,N/A,1053.61,N/A,N/A,2.0012,N/A,1.6309,N/A,6.4912,
2000-06-22,0.9405,99.1,N/A,0.57422,35.903,7.4574,15.6466,0.6244,259.99,3.7649,0.563,0.4084,4.169,19922,N/A,8.2705,207.0463,42.098,1.5451,72.53,8.2135,N/A,N/A,583766,N/A,1.5685,N/A,1.3876,N/A,7.3325,N/A,N/A,N/A,1052.69,N/A,N/A,1.9855,N/A,1.633,N/A,6.5224,
2000-06-21,0.947,99.76,N/A,0.57458,35.963,7.4566,15.6466,0.6307,259.85,3.7897,0.5659,0.4101,4.1817,20012,N/A,8.254,207.0692,42.116,1.5522,72.42,8.223,N/A,N/A,585505,N/A,1.5783,N/A,1.394,N/A,7.3808,N/A,N/A,N/A,1060.1,N/A,N/A,1.9958,N/A,1.6425,N/A,6.5461,
2000-06-20,0.9538,100.62,N/A,0.57484,36.008,7.4564,15.6466,0.6326,259.89,3.8176,0.5694,0.4109,4.1953,20133,N/A,8.249,207.0438,42.215,1.5577,72.61,8.2265,N/A,N/A,587547,N/A,1.5786,N/A,1.3998,N/A,7.436,N/A,N/A,N/A,1067.79,N/A,N/A,2.0053,N/A,1.654,N/A,6.5546,
2000-06-19,0.964,101.86,N/A,0.57515,36.01,7.4577,15.6466,0.6373,259.83,3.857,0.5745,0.4129,4.245,20328,N/A,8.3065,207.0742,42.444,1.5618,72.87,8.267,N/A,N/A,591097,N/A,1.6022,N/A,1.4143,N/A,7.5147,N/A,N/A,N/A,1081.9,N/A,N/A,2.0346,N/A,1.669,N/A,6.6058,
2000-06-16,0.9565,101.65,N/A,0.57494,36.045,7.4594,15.6466,0.6329,259.74,3.826,0.5712,0.4114,4.2355,20137,N/A,8.28,206.9448,42.313,1.5611,72.92,8.2485,N/A,N/A,587316,N/A,1.5724,N/A,1.4097,N/A,7.4567,N/A,N/A,N/A,1068.02,N/A,N/A,2.001,N/A,1.6518,N/A,6.5559,
2000-06-15,0.9524,100.92,N/A,0.57468,36.122,7.4607,15.6466,0.6316,259.69,3.8086,0.5695,0.4109,4.2013,20022,N/A,8.236,206.9664,42.111,1.5648,72.72,8.224,N/A,N/A,584895,N/A,1.5855,N/A,1.4011,N/A,7.4227,N/A,N/A,N/A,1061.64,N/A,N/A,2.031,N/A,1.6406,N/A,6.6192,
2000-06-14,0.9636,102.52,N/A,0.57511,36.045,7.462,15.6466,0.6402,259.74,3.8548,0.5756,0.4133,4.2405,20216,N/A,8.2185,206.9268,41.86,1.5651,72.85,8.2485,N/A,N/A,588876,N/A,1.5996,N/A,1.4168,N/A,7.5115,N/A,N/A,N/A,1073.98,N/A,N/A,2.0288,N/A,1.6591,N/A,6.7097,
2000-06-13,0.9583,102.05,N/A,0.57491,36.085,7.4635,15.6466,0.633,259.85,3.8308,0.5726,0.4118,4.2206,20071,N/A,8.2895,206.8895,41.853,1.5628,72.19,8.284,N/A,N/A,586757,N/A,1.6075,N/A,1.4102,N/A,7.4652,N/A,N/A,N/A,1067.25,N/A,N/A,2.0255,N/A,1.6481,N/A,6.7091,
2000-06-12,0.9527,101.55,N/A,0.57471,36.003,7.4652,15.6466,0.6303,259.5,3.8084,0.5703,0.4107,4.1917,19921,N/A,8.317,206.7203,42.013,1.5624,71.86,8.305,N/A,N/A,584390,N/A,1.6162,N/A,1.4058,N/A,7.4232,N/A,N/A,N/A,1060.41,N/A,N/A,2.0244,N/A,1.6411,N/A,6.708,
2000-06-09,0.949,101.42,N/A,0.57481,36.048,7.4645,15.6466,0.631,259.54,3.8046,0.5701,0.4097,4.201,19817,N/A,8.3515,206.6757,42.264,1.5661,71.9,8.3245,N/A,N/A,582709,N/A,1.6196,N/A,1.3982,N/A,7.4145,N/A,N/A,N/A,1060.76,N/A,N/A,2.0271,N/A,1.641,N/A,6.6925,
2000-06-08,0.9668,102.12,N/A,0.57494,36.26,7.4641,15.6466,0.6359,259.55,3.8705,0.5756,0.4142,4.2275,20235,N/A,8.357,206.4317,42.313,1.5664,72.3,8.3095,N/A,N/A,588484,N/A,1.6315,N/A,1.4271,N/A,7.543,N/A,N/A,N/A,1079.64,N/A,N/A,2.045,N/A,1.6658,N/A,6.7782,
2000-06-07,0.9554,101,N/A,0.57484,36.122,7.4627,15.6466,0.6276,259.5,3.8244,0.5712,0.4103,4.1527,19899,N/A,8.3325,206.1311,42.354,1.5676,71.99,8.2715,N/A,N/A,584214,N/A,1.622,N/A,1.4093,N/A,7.4536,N/A,N/A,N/A,1064.68,N/A,N/A,2.0233,N/A,1.6485,N/A,6.6706,
2000-06-06,0.9485,101.24,N/A,0.57442,36.002,7.4633,15.6466,0.6264,259.45,3.7894,0.5689,0.41,4.1415,19737,N/A,8.339,206.5496,42.555,1.574,71.52,8.279,N/A,N/A,580351,N/A,1.6287,N/A,1.4017,N/A,7.3836,N/A,N/A,N/A,1057.94,N/A,N/A,2.023,N/A,1.6333,N/A,6.5873,
2000-06-05,0.9433,101.51,N/A,0.57435,35.998,7.464,15.6466,0.623,259.2,3.7718,0.5661,0.4086,4.0757,19597,N/A,8.328,206.0914,42.754,1.5734,70.94,8.287,N/A,N/A,578962,N/A,1.6164,N/A,1.3905,N/A,7.3491,N/A,N/A,N/A,1053.97,N/A,N/A,2.0068,N/A,1.6233,N/A,6.5324,
2000-06-02,0.9355,101.62,N/A,0.57402,36.023,7.4636,15.6466,0.6251,259.4,3.7418,0.5654,0.4081,4.0808,19412,N/A,8.3615,206.0392,42.768,1.5729,70.64,8.312,N/A,N/A,575112,N/A,1.6295,N/A,1.3944,N/A,7.2912,N/A,N/A,N/A,1052.7,N/A,N/A,2.0375,N/A,1.6149,N/A,6.4942,
2000-06-01,0.933,101.41,N/A,0.57389,36.093,7.4638,15.6466,0.624,259.29,3.732,0.5641,0.4075,4.0707,19339,N/A,8.356,205.9322,42.838,1.574,70.49,8.321,N/A,N/A,573973,N/A,1.6306,N/A,1.3958,N/A,7.2728,N/A,N/A,N/A,1056.91,N/A,N/A,2.0358,N/A,1.6164,N/A,6.531,
2000-05-31,0.9303,99.9,N/A,0.57379,36.135,7.4631,15.6466,0.6225,259.23,3.7166,0.5616,0.4072,4.0875,19259,N/A,8.3845,205.5742,42.706,1.5716,70.42,8.305,N/A,N/A,572497,N/A,1.625,N/A,1.3982,N/A,7.2422,N/A,N/A,N/A,1049.84,N/A,N/A,2.0295,N/A,1.6135,N/A,6.4656,
2000-05-30,0.9359,99.8,N/A,0.57405,36.23,7.4616,15.6466,0.6226,259.58,3.7456,0.5638,0.4076,4.143,19354,N/A,8.412,205.3724,42.944,1.5718,70.73,8.3425,N/A,N/A,574448,N/A,1.621,N/A,1.4065,N/A,7.2988,N/A,N/A,N/A,1064.51,N/A,N/A,2.035,N/A,1.6242,N/A,6.6393,
2000-05-29,0.9262,99.32,N/A,0.57362,36.32,7.4597,15.6466,0.6223,259.98,3.7052,0.5601,0.4065,4.1725,19127,N/A,8.404,205.3533,42.95,1.5677,70.5,8.3075,N/A,N/A,570948,N/A,1.614,N/A,1.3915,N/A,7.2214,N/A,N/A,N/A,1054,N/A,N/A,2.021,N/A,1.6065,N/A,6.6001,
2000-05-26,0.9143,98.22,N/A,0.57307,36.21,7.4585,15.6466,0.6209,259.87,3.6537,0.5547,0.4051,4.1476,18851,N/A,8.354,205.2678,42.95,1.5642,70.1,8.286,N/A,N/A,564699,N/A,1.6002,N/A,1.3733,N/A,7.1145,N/A,N/A,N/A,1038.46,N/A,N/A,2.0134,N/A,1.5816,N/A,6.5601,
2000-05-25,0.8981,96.81,N/A,0.57254,36.243,7.457,15.6466,0.61,259.93,3.6035,0.5487,0.4009,4.0702,18506,N/A,8.3075,205.2835,42.975,1.5575,69.54,8.249,N/A,N/A,559597,N/A,1.581,N/A,1.36,N/A,7.0177,N/A,N/A,N/A,1017.94,N/A,N/A,1.9845,N/A,1.5601,N/A,6.4371,
2000-05-24,0.9098,97.58,N/A,0.5729,36.322,7.4574,15.6466,0.6165,259.65,3.6426,0.5528,0.4037,4.1023,18704,N/A,8.332,205.2551,43.024,1.5641,69.83,8.2745,N/A,N/A,563317,N/A,1.5908,N/A,1.3714,N/A,7.0964,N/A,N/A,N/A,1031.93,N/A,N/A,2.0097,N/A,1.5806,N/A,6.4375,
2000-05-23,0.9111,97.3,N/A,0.573,36.356,7.458,15.6466,0.6151,260,3.6423,0.5522,0.4039,4.1143,18728,N/A,8.3195,205.1433,43.04,1.5632,69.78,8.2665,N/A,N/A,563480,N/A,1.58,N/A,1.3616,N/A,7.0961,N/A,N/A,N/A,1032.91,N/A,N/A,1.9798,N/A,1.5792,N/A,6.446,
2000-05-22,0.9,96.57,N/A,0.57241,36.388,7.4585,15.6466,0.605,259.64,3.5963,0.5467,0.4014,4.044,18489,N/A,8.302,205.1361,42.893,1.5527,69.21,8.2155,N/A,N/A,558735,N/A,1.5766,N/A,1.345,N/A,7.0069,N/A,N/A,N/A,1016.89,N/A,N/A,1.977,N/A,1.5565,N/A,6.3945,
2000-05-19,0.8875,95.69,N/A,0.57241,36.489,7.458,15.6466,0.5988,259.44,3.5452,0.5414,0.3989,4.0196,18189,N/A,8.1585,205.1368,42.883,1.5512,68.78,8.1505,N/A,N/A,552729,N/A,1.557,N/A,1.3324,N/A,6.909,N/A,N/A,N/A,995.44,N/A,N/A,1.9596,N/A,1.5325,N/A,6.3679,
2000-05-18,0.8942,97.6,N/A,0.57241,36.73,7.4592,15.6466,0.6039,258.89,3.5748,0.5461,0.4004,4.0058,18286,N/A,8.187,204.9174,43.056,1.5534,69.02,8.1565,N/A,N/A,554857,N/A,1.578,N/A,1.3443,N/A,6.9658,N/A,N/A,N/A,999.91,N/A,N/A,2.002,N/A,1.5511,N/A,6.4159,
2000-05-17,0.8922,97.98,N/A,0.57241,36.667,7.4588,15.6466,0.5987,258.75,3.5681,0.5452,0.3991,4.0005,18200,N/A,8.18,204.9525,42.85,1.5488,68.94,8.154,N/A,N/A,554564,N/A,1.5723,N/A,1.3289,N/A,6.9527,N/A,N/A,N/A,995.12,N/A,N/A,1.9358,N/A,1.5471,N/A,6.3435,
2000-05-16,0.9065,98.89,N/A,0.5728,36.79,7.4595,15.6466,0.6045,258.8,3.6294,0.5515,0.4016,4.002,18463,N/A,8.251,204.9302,42.955,1.5525,69.33,8.175,N/A,N/A,559437,N/A,1.576,N/A,1.3475,N/A,7.0696,N/A,N/A,N/A,1011.51,N/A,N/A,1.923,N/A,1.5705,N/A,6.4067,
2000-05-15,0.9147,100.07,N/A,0.57313,36.862,7.4593,15.6466,0.6045,259.35,3.6593,0.5543,0.4026,4.0627,18605,N/A,8.27,204.9664,43,1.5554,69.55,8.199,N/A,N/A,562152,N/A,1.5936,N/A,1.3608,N/A,7.1276,N/A,N/A,N/A,1020.06,N/A,N/A,1.9281,N/A,1.5851,N/A,6.4349,
2000-05-12,0.9029,98.01,N/A,0.57267,36.898,7.4568,15.6466,0.596,258.71,3.6175,0.5487,0.3996,4.042,18342,N/A,8.2375,204.7648,42.989,1.5528,69.22,8.1715,N/A,N/A,556722,N/A,1.5636,N/A,1.3431,N/A,7.0468,N/A,N/A,N/A,1008.07,N/A,N/A,1.8927,N/A,1.5603,N/A,6.4106,
2000-05-11,0.9079,98.53,N/A,0.57284,37.062,7.4553,15.6466,0.6051,258.55,3.6382,0.5515,0.4015,4.0783,18409,N/A,8.23,204.8221,43.157,1.5559,69.61,8.224,N/A,N/A,558971,N/A,1.5765,N/A,1.3565,N/A,7.0861,N/A,N/A,N/A,1012.44,N/A,N/A,1.9164,N/A,1.5689,N/A,6.3553,
2000-05-10,0.9107,99.13,N/A,0.57293,37.202,7.454,15.6466,0.5976,258.4,3.6371,0.551,0.4014,4.0382,18428,N/A,8.2055,204.7229,43.061,1.5604,69.42,8.1935,N/A,N/A,557994,N/A,1.5612,N/A,1.3593,N/A,7.0843,N/A,N/A,N/A,1008.73,N/A,N/A,1.894,N/A,1.5711,N/A,6.5115,
2000-05-09,0.8978,98.25,N/A,0.5724,36.847,7.4529,15.6466,0.5847,258.35,3.5825,0.544,0.3981,4.0525,18140,N/A,8.1645,204.7247,42.675,1.5481,69.03,8.1495,N/A,N/A,552964,N/A,1.5545,N/A,1.3418,N/A,6.9785,N/A,N/A,N/A,993.77,N/A,N/A,1.8845,N/A,1.5467,N/A,6.3142,
2000-05-08,0.8952,97.17,N/A,0.57241,36.612,7.4527,15.6466,0.5851,258.4,3.577,0.5428,0.3979,4.0995,18059,N/A,8.1415,204.4575,42.426,1.5494,68.92,8.1375,N/A,N/A,552122,N/A,1.5228,N/A,1.333,N/A,6.963,N/A,N/A,N/A,991.92,N/A,N/A,1.8427,N/A,1.5416,N/A,6.2163,
2000-05-05,0.8984,97.21,N/A,0.57241,36.603,7.4525,15.6466,0.5838,258.33,3.5928,0.5441,0.3941,4.1733,17931,N/A,8.1465,204.5125,42.275,1.5467,68.58,8.125,N/A,N/A,552852,N/A,1.5156,N/A,1.3457,N/A,6.9939,N/A,N/A,N/A,997.51,N/A,N/A,1.8318,N/A,1.5463,N/A,6.194,
2000-05-04,0.8947,97.35,N/A,0.57241,36.483,7.4535,15.6466,0.5818,258.36,3.5794,0.5429,0.3967,4.0852,18017,N/A,8.117,204.3251,42.064,1.5472,68.37,8.1055,N/A,N/A,551472,N/A,1.5155,N/A,1.336,N/A,6.9688,N/A,N/A,N/A,994.13,N/A,N/A,1.8252,N/A,1.5407,N/A,6.1193,
2000-05-03,0.8913,97.46,N/A,0.57241,36.315,7.4532,15.6466,0.5711,258.26,3.5686,0.5406,0.3945,4.0028,17924,N/A,8.055,204.2583,41.664,1.5411,68.07,8.06,N/A,N/A,549852,N/A,1.5156,N/A,1.3252,N/A,6.9519,N/A,N/A,N/A,989.92,N/A,N/A,1.8212,N/A,1.5347,N/A,6.0858,
2000-05-02,0.9116,99.15,N/A,0.57425,36.307,7.4546,15.6466,0.5827,258.21,3.644,0.5485,0.3991,4.0637,18318,N/A,8.1435,204.5862,41.589,1.5599,69.02,8.1385,N/A,N/A,556196,N/A,1.5558,N/A,1.3465,N/A,7.0968,N/A,N/A,N/A,1010.94,N/A,N/A,1.8744,N/A,1.5646,N/A,6.1656,
2000-04-28,0.9085,97.48,N/A,0.5733,36.324,7.4551,15.6466,0.5794,258.45,3.6302,0.5452,0.3983,4.0607,18239,N/A,8.14,204.1857,41.574,1.571,68.57,8.1475,N/A,N/A,554105,N/A,1.5552,N/A,1.3457,N/A,7.0676,N/A,N/A,N/A,1006.94,N/A,N/A,1.8733,N/A,1.5482,N/A,6.222,
2000-04-27,0.9163,97.57,N/A,0.57339,36.245,7.4557,15.6466,0.5827,258.23,3.6682,0.549,0.3992,3.96,18368,N/A,8.188,204.0227,41.567,1.5742,68.98,8.175,N/A,N/A,557248,N/A,1.5575,N/A,1.3543,N/A,7.1413,N/A,N/A,N/A,1017.71,N/A,N/A,1.8827,N/A,1.5646,N/A,6.2388,
2000-04-26,0.9193,97.85,N/A,0.57333,36.24,7.4545,15.6466,0.5827,258.05,3.6795,0.5495,0.3997,3.9485,18371,N/A,8.1825,204.1176,41.534,1.5721,69.02,8.1535,N/A,N/A,558116,N/A,1.5608,N/A,1.3492,N/A,7.1613,N/A,N/A,N/A,1018.91,N/A,N/A,1.8871,N/A,1.5686,N/A,6.1915,
2000-04-25,0.9302,98.15,N/A,0.57392,36.25,7.4537,15.6466,0.5896,258.02,3.7226,0.5538,0.402,3.9987,18564,N/A,8.243,204.1045,41.545,1.5712,69.31,8.163,N/A,N/A,561555,N/A,1.5637,N/A,1.3724,N/A,7.2451,N/A,N/A,N/A,1030.95,N/A,N/A,1.8743,N/A,1.5847,N/A,6.2649,
2000-04-20,0.9376,98.37,N/A,0.57418,36.308,7.4541,15.6466,0.5934,258.08,3.7542,0.557,0.4033,4.0345,18621,N/A,8.2442,204.1264,41.523,1.5727,69.55,8.1655,N/A,N/A,562170,N/A,1.5795,N/A,1.3815,N/A,7.3072,N/A,N/A,N/A,1040.42,N/A,N/A,1.8907,N/A,1.592,N/A,6.2561,
2000-04-19,0.9461,98.79,N/A,0.57445,36.348,7.4525,15.6466,0.5983,258.51,3.7944,0.5614,0.4046,4.0605,18748,N/A,8.263,204.0314,41.547,1.5748,69.95,8.1733,N/A,N/A,565701,N/A,1.584,N/A,1.3994,N/A,7.3823,N/A,N/A,N/A,1051.99,N/A,N/A,1.899,N/A,1.6109,N/A,6.2726,
2000-04-18,0.9497,98.97,N/A,0.57458,36.421,7.45,15.6466,0.6003,259.15,3.8007,0.5623,0.4058,4.05,18801,N/A,8.297,204.1209,41.554,1.571,70.09,8.1775,N/A,N/A,566205,N/A,1.6006,N/A,1.4142,N/A,7.3974,N/A,N/A,N/A,1054.42,N/A,N/A,1.9203,N/A,1.6136,N/A,6.2823,
2000-04-17,0.9573,99.4,N/A,0.57501,36.505,7.45,15.6466,0.6026,258.95,3.8371,0.5658,0.4066,4.0918,18917,N/A,8.3295,204.1564,41.554,1.5686,70.35,8.2075,N/A,N/A,568060,N/A,1.6168,N/A,1.4184,N/A,7.4673,N/A,N/A,N/A,1068.04,N/A,N/A,1.9297,N/A,1.635,N/A,6.3503,
2000-04-14,0.954,100.86,N/A,0.57478,36.442,7.45,15.6466,0.6016,257.87,3.8181,0.5657,0.4065,3.9917,18835,N/A,8.2965,204.2836,41.54,1.5737,70.22,8.149,N/A,N/A,565766,N/A,1.5999,N/A,1.4063,N/A,7.4317,N/A,N/A,N/A,1060.27,N/A,N/A,1.9201,N/A,1.6293,N/A,6.278,
2000-04-13,0.9537,101.09,N/A,0.57484,36.472,7.4497,15.6466,0.5999,257.94,3.8181,0.5657,0.4063,3.9723,18803,N/A,8.2895,204.2289,41.518,1.5738,70.15,8.148,N/A,N/A,565928,N/A,1.5916,N/A,1.3931,N/A,7.4316,N/A,N/A,N/A,1055.88,N/A,N/A,1.9109,N/A,1.637,N/A,6.2801,
2000-04-12,0.9576,101.11,N/A,0.57491,36.455,7.4483,15.6466,0.6038,258.25,3.8299,0.5672,0.4073,3.9357,18836,N/A,8.2915,204.1174,41.521,1.5745,70.46,8.1585,N/A,N/A,566768,N/A,1.6078,N/A,1.4018,N/A,7.4543,N/A,N/A,N/A,1060.44,N/A,N/A,1.9231,N/A,1.6446,N/A,6.2747,
2000-04-11,0.9594,102.61,N/A,0.57511,36.39,7.4485,15.6466,0.6055,258.32,3.8403,0.5689,0.4076,3.985,18845,N/A,8.268,203.8525,41.536,1.5718,70.63,8.1765,N/A,N/A,566729,N/A,1.6099,N/A,1.4017,N/A,7.4738,N/A,N/A,N/A,1065.14,N/A,N/A,1.9236,N/A,1.6509,N/A,6.3215,
2000-04-10,0.959,101.92,N/A,0.57491,36.218,7.4485,15.6466,0.6064,258.25,3.8329,0.5669,0.4079,3.9748,18811,N/A,8.277,203.6286,41.539,1.5731,70.51,8.1465,N/A,N/A,565859,N/A,1.6025,N/A,1.3989,N/A,7.4606,N/A,N/A,N/A,1062.8,N/A,N/A,1.928,N/A,1.6467,N/A,6.2671,
2000-04-07,0.9564,100.71,N/A,0.57498,36.246,7.4486,15.6466,0.6047,259.14,3.8301,0.5663,0.407,3.9916,18736,N/A,8.2728,203.5895,41.561,1.5727,70.48,8.127,N/A,N/A,564452,N/A,1.6043,N/A,1.3917,N/A,7.4544,N/A,N/A,N/A,1059.87,N/A,N/A,1.9288,N/A,1.6398,N/A,6.2876,
2000-04-06,0.9625,101.04,N/A,0.57504,36.29,7.4485,15.6466,0.6075,258.93,3.8479,0.5689,0.4085,4.0363,18820,N/A,8.3015,203.5447,41.644,1.5725,70.58,8.133,N/A,N/A,566115,N/A,1.5962,N/A,1.3946,N/A,7.4887,N/A,N/A,N/A,1069.37,N/A,N/A,1.9208,N/A,1.6474,N/A,6.3352,
2000-04-05,0.9673,101.71,N/A,0.57521,36.283,7.4483,15.6466,0.6088,258.91,3.8665,0.5714,0.4091,4.0707,18887,N/A,8.329,203.3895,41.665,1.5732,70.75,8.157,N/A,N/A,567142,N/A,1.5954,N/A,1.4078,N/A,7.5251,N/A,N/A,N/A,1077.54,N/A,N/A,1.9321,N/A,1.6586,N/A,6.3808,
2000-04-04,0.9538,100.74,N/A,0.57468,36.183,7.4473,15.6466,0.5971,258.49,3.8188,0.5662,0.4056,4,18612,N/A,8.3005,203.4848,41.693,1.5817,70.28,8.1145,N/A,N/A,563107,N/A,1.5809,N/A,1.3842,N/A,7.4318,N/A,N/A,N/A,1062.64,N/A,N/A,1.9107,N/A,1.6399,N/A,6.2402,
2000-04-03,0.9564,100.27,N/A,0.57471,36.2,7.4462,15.6466,0.6,258.47,3.8196,0.5656,0.4069,3.9543,18650,N/A,8.295,203.3599,41.647,1.5886,70.28,8.109,N/A,N/A,563100,N/A,1.5741,N/A,1.3873,N/A,7.4337,N/A,N/A,N/A,1062.15,N/A,N/A,1.9189,N/A,1.6398,N/A,6.2812,
2000-03-31,0.9553,98.53,N/A,0.57478,36.223,7.446,15.6466,0.5985,258.38,3.8207,0.5651,0.4062,3.9632,18615,N/A,8.2825,203.3382,41.688,1.5907,70.35,8.0885,N/A,N/A,561798,N/A,1.5811,N/A,1.3879,N/A,7.4357,N/A,N/A,N/A,1056.06,N/A,N/A,1.9328,N/A,1.6354,N/A,6.2873,
2000-03-30,0.9555,100.35,N/A,0.57491,35.862,7.4462,15.6466,0.601,258.01,3.8201,0.5672,0.4066,3.9228,18591,N/A,8.25,203.3224,41.534,1.5909,70.43,8.0815,N/A,N/A,561279,N/A,1.5611,N/A,1.3922,N/A,7.4356,N/A,N/A,N/A,1057.3,N/A,N/A,1.9141,N/A,1.6418,N/A,6.2886,
2000-03-29,0.9568,100.77,N/A,0.57484,35.569,7.4464,15.6466,0.6032,257.97,3.8288,0.5684,0.4104,3.9095,18739,N/A,8.2455,203.3242,41.515,1.5896,70.69,8.0625,N/A,N/A,562103,N/A,1.5735,N/A,1.3935,N/A,7.4507,N/A,N/A,N/A,1061.5,N/A,N/A,1.9175,N/A,1.6415,N/A,6.2706,
2000-03-28,0.9647,102.59,N/A,0.57524,35.677,7.4466,15.6466,0.6088,257.64,3.8606,0.5709,0.4087,3.9078,18725,N/A,8.271,203.1294,41.525,1.5904,70.94,8.081,N/A,N/A,564220,N/A,1.5721,N/A,1.406,N/A,7.5112,N/A,N/A,N/A,1073.16,N/A,N/A,1.919,N/A,1.656,N/A,6.2537,
2000-03-27,0.9712,103.77,N/A,0.57551,35.678,7.4466,15.6466,0.6087,257,3.8867,0.5746,0.4092,3.9132,18824,N/A,8.34,203.0816,41.625,1.5908,71.15,8.127,N/A,N/A,565967,N/A,1.5818,N/A,1.4207,N/A,7.5626,N/A,N/A,N/A,1080.35,N/A,N/A,1.9547,N/A,1.6651,N/A,6.2822,
2000-03-24,0.9715,104.09,N/A,0.57537,35.678,7.4469,15.6466,0.6115,257.44,3.8887,0.5762,0.4097,3.914,18813,N/A,8.375,202.8925,41.636,1.5936,71.29,8.13,N/A,N/A,565189,N/A,1.6005,N/A,1.4238,N/A,7.5651,N/A,N/A,N/A,1077.51,N/A,N/A,1.9921,N/A,1.6683,N/A,6.2924,
2000-03-23,0.9656,103.88,N/A,0.57508,35.559,7.4469,15.6466,0.6104,257.21,3.8487,0.5715,0.4101,3.9125,18688,N/A,8.3725,202.9631,41.605,1.6045,71.15,8.106,N/A,N/A,561481,N/A,1.5968,N/A,1.4203,N/A,7.4892,N/A,N/A,N/A,1067.58,N/A,N/A,1.9811,N/A,1.646,N/A,6.2595,
2000-03-22,0.9603,102.88,N/A,0.57501,35.562,7.4469,15.6466,0.6125,256.85,3.8416,0.5715,0.4089,3.9003,18551,N/A,8.364,202.9277,41.69,1.6095,71.2,8.1475,N/A,N/A,560237,N/A,1.5817,N/A,1.4106,N/A,7.4738,N/A,N/A,N/A,1068.35,N/A,N/A,1.97,N/A,1.6475,N/A,6.1987,
2000-03-21,0.9701,103.46,N/A,0.57544,35.583,7.4469,15.6466,0.6176,257.07,3.8823,0.5766,0.4106,3.9247,18687,N/A,8.3925,202.812,41.67,1.6116,71.32,8.166,N/A,N/A,563138,N/A,1.5929,N/A,1.4259,N/A,7.5536,N/A,N/A,N/A,1082.8,N/A,N/A,1.9891,N/A,1.6681,N/A,6.2879,
2000-03-20,0.9715,103.71,N/A,0.57544,35.558,7.4467,15.6466,0.6201,256,3.8862,0.577,0.4111,3.9478,18699,N/A,8.4225,202.8925,41.614,1.6126,71.39,8.1705,N/A,N/A,563311,N/A,1.6038,N/A,1.4282,N/A,7.562,N/A,N/A,N/A,1085.95,N/A,N/A,2.0124,N/A,1.6707,N/A,6.3045,
2000-03-17,0.9672,102.31,N/A,0.57531,35.563,7.4457,15.6466,0.6146,256.94,3.8688,0.5742,0.4099,3.942,18638,N/A,8.417,202.7977,41.681,1.6126,71.14,8.154,N/A,N/A,559482,N/A,1.5881,N/A,1.4277,N/A,7.528,N/A,N/A,N/A,1080.38,N/A,N/A,1.9922,N/A,1.6579,N/A,6.2568,
2000-03-16,0.9663,101.73,N/A,0.57534,35.559,7.4465,15.6466,0.6155,256.99,3.8731,0.5736,0.4095,3.944,18580,N/A,8.4325,202.6292,41.596,1.6112,71.18,8.1585,N/A,N/A,560206,N/A,1.5753,N/A,1.417,N/A,7.5372,N/A,N/A,N/A,1081.58,N/A,N/A,1.974,N/A,1.6577,N/A,6.2471,
2000-03-15,0.9647,101.74,N/A,0.57521,35.58,7.4475,15.6466,0.614,257.4,3.8569,0.5722,0.4096,3.9485,18488,N/A,8.415,202.7176,41.537,1.6115,71.12,8.14,N/A,N/A,558094,N/A,1.5737,N/A,1.4142,N/A,7.5088,N/A,N/A,N/A,1078.59,N/A,N/A,1.9789,N/A,1.651,N/A,6.2426,
2000-03-14,0.962,100.93,N/A,0.57511,35.547,7.4501,15.6466,0.6123,257.41,3.8472,0.5711,0.409,3.9455,18398,N/A,8.398,202.6835,41.573,1.6114,71,8.121,N/A,N/A,557604,N/A,1.5631,N/A,1.4054,N/A,7.487,N/A,N/A,N/A,1075.58,N/A,N/A,1.9589,N/A,1.6437,N/A,6.1794,
2000-03-13,0.9716,102.23,N/A,0.5759,35.55,7.4504,15.6466,0.6146,257.24,3.8834,0.575,0.4105,3.9755,18548,N/A,8.421,202.5578,41.603,1.6108,71.27,8.1205,N/A,N/A,560604,N/A,1.5819,N/A,1.4166,N/A,7.5557,N/A,N/A,N/A,1087.47,N/A,N/A,1.9756,N/A,1.6574,N/A,6.262,
2000-03-10,0.9613,102.27,N/A,0.5752,35.536,7.4489,15.6466,0.6095,256.96,3.8436,0.5718,0.4086,3.9433,18347,N/A,8.4415,202.4983,41.616,1.6078,70.89,8.0995,N/A,N/A,555534,N/A,1.5658,N/A,1.3981,N/A,7.4788,N/A,N/A,N/A,1075.6,N/A,N/A,1.9422,N/A,1.6368,N/A,6.1283,
2000-03-09,0.9616,102.44,N/A,0.5751,35.57,7.4481,15.6466,0.6086,256.83,3.8475,0.5723,0.4082,3.9622,18352,N/A,8.448,202.4917,41.569,1.6061,71.05,8.1175,N/A,N/A,555868,N/A,1.5702,N/A,1.402,N/A,7.4843,N/A,N/A,N/A,1079.21,N/A,N/A,1.9593,N/A,1.6456,N/A,6.2071,
2000-03-08,0.9543,102.24,N/A,0.57484,35.51,7.4472,15.6466,0.6043,256.64,3.8175,0.5696,0.4069,3.9556,18199,N/A,8.431,202.4414,41.525,1.6061,70.98,8.085,N/A,N/A,552491,N/A,1.5721,N/A,1.3917,N/A,7.4258,N/A,N/A,N/A,1067.62,N/A,N/A,1.9618,N/A,1.6356,N/A,6.2036,
2000-03-07,0.9593,103,N/A,0.57497,35.558,7.4472,15.6466,0.6096,256.61,3.8386,0.5707,0.4083,3.9625,18278,N/A,8.4345,202.4669,41.581,1.6083,71.08,8.084,N/A,N/A,554169,N/A,1.5879,N/A,1.3939,N/A,7.4673,N/A,N/A,N/A,1073.19,N/A,N/A,1.9841,N/A,1.6515,N/A,6.2527,
2000-03-06,0.964,103.47,N/A,0.5752,35.537,7.4474,15.6466,0.6111,256.57,3.8606,0.5743,0.4087,3.9625,18331,N/A,8.4425,202.4238,41.637,1.6072,71.19,8.0765,N/A,N/A,555831,N/A,1.596,N/A,1.3976,N/A,7.5089,N/A,N/A,N/A,1079.92,N/A,N/A,1.9797,N/A,1.6649,N/A,6.2474,
2000-03-03,0.9659,104.17,N/A,0.57524,35.62,7.4484,15.6466,0.6117,256.55,3.8646,0.5751,0.4091,3.9845,18315,N/A,8.47,202.4165,41.793,1.6063,70.89,8.084,N/A,N/A,555147,N/A,1.5913,N/A,1.4051,N/A,7.517,N/A,N/A,N/A,1081.76,N/A,N/A,1.9787,N/A,1.6645,N/A,6.2523,
2000-03-02,0.9725,104.38,N/A,0.5754,35.703,7.4479,15.6466,0.614,256.55,3.8922,0.578,0.4102,4.0007,18425,N/A,8.4415,202.3371,41.825,1.6075,71.15,8.07,N/A,N/A,557129,N/A,1.5952,N/A,1.4123,N/A,7.5697,N/A,N/A,N/A,1089.13,N/A,N/A,1.9853,N/A,1.6702,N/A,6.1929,
2000-03-01,0.9667,104.65,N/A,0.57537,35.63,7.4474,15.6466,0.6123,256.49,3.8671,0.5767,0.4095,4.0148,18290,N/A,8.425,202.1974,41.879,1.6066,70.9,8.0825,N/A,N/A,553835,N/A,1.597,N/A,1.3968,N/A,7.5211,N/A,N/A,N/A,1090.1,N/A,N/A,1.9975,N/A,1.661,N/A,6.141,
2000-02-29,0.9714,106.81,N/A,0.57557,35.585,7.4475,15.6466,0.6134,256.81,3.8845,0.5794,0.41,4.0335,18350,N/A,8.432,202.1961,41.929,1.6067,71.2,8.0805,N/A,N/A,556017,N/A,1.5795,N/A,1.4097,N/A,7.559,N/A,N/A,N/A,1098.59,N/A,N/A,1.9986,N/A,1.674,N/A,6.1684,
2000-02-28,0.9639,105.22,N/A,0.57531,35.496,7.4469,15.6466,0.6072,256.78,3.8528,0.5748,0.4088,4.0359,18215,N/A,8.417,202.218,41.934,1.6064,70.9,8.0625,N/A,N/A,552445,N/A,1.571,N/A,1.3969,N/A,7.4942,N/A,N/A,N/A,1092.47,N/A,N/A,1.9889,N/A,1.6524,N/A,6.1087,
2000-02-25,0.9813,108.79,N/A,0.57607,35.525,7.4475,15.6466,0.6155,256.71,3.9267,0.5842,0.4114,4.0637,18517,N/A,8.5255,201.9604,42.062,1.6083,71.59,8.1275,N/A,N/A,557780,N/A,1.5834,N/A,1.4265,N/A,7.6394,N/A,N/A,N/A,1115.59,N/A,N/A,2.0076,N/A,1.6796,N/A,6.1822,
2000-02-24,0.9898,109.55,N/A,0.5763,35.648,7.447,15.6466,0.6188,256.45,3.9652,0.589,0.4127,4.0568,18671,N/A,8.557,201.9915,42.159,1.6101,71.8,8.1475,N/A,N/A,559789,N/A,1.6067,N/A,1.4479,N/A,7.7145,N/A,N/A,N/A,1133.5,N/A,N/A,2.0368,N/A,1.7005,N/A,6.2704,
2000-02-23,1.0068,111.88,N/A,0.5767,35.66,7.4472,15.6466,0.6252,257.3,4.0202,0.5955,0.416,4.1133,18931,N/A,8.5935,201.6625,42.16,1.6105,72.33,8.1955,N/A,N/A,564205,N/A,1.6225,N/A,1.4754,N/A,7.821,N/A,N/A,N/A,1141.12,N/A,N/A,2.0767,N/A,1.7218,N/A,6.3227,
2000-02-22,1.0022,111.11,N/A,0.5765,35.709,7.4476,15.6466,0.6226,257.81,4.0093,0.5935,0.4149,4.0885,18852,N/A,8.5855,201.6115,42.209,1.6072,72.26,8.1915,N/A,N/A,563235,N/A,1.5976,N/A,1.4586,N/A,7.7996,N/A,N/A,N/A,1137.06,N/A,N/A,2.0409,N/A,1.7109,N/A,6.3279,
2000-02-21,0.9857,109.73,N/A,0.57604,35.707,7.4474,15.6466,0.6161,256.73,3.9456,0.5875,0.412,4.041,18543,N/A,8.572,201.5609,42.3,1.6031,71.63,8.17,N/A,N/A,557844,N/A,1.5717,N/A,1.4317,N/A,7.6758,N/A,N/A,N/A,1117.1,N/A,N/A,2.0135,N/A,1.6843,N/A,6.2417,
2000-02-18,0.9857,109.27,N/A,0.57604,35.776,7.4466,15.6466,0.6144,256.01,3.9476,0.5865,0.4115,4.0405,18521,N/A,8.5375,201.3525,42.284,1.6032,71.44,8.1455,N/A,N/A,556767,N/A,1.5627,N/A,1.4288,N/A,7.6772,N/A,N/A,N/A,1113.93,N/A,N/A,2.002,N/A,1.6823,N/A,6.2247,
2000-02-17,0.9919,109.3,N/A,0.57624,35.739,7.4464,15.6466,0.6158,256.02,3.972,0.5888,0.4123,4.0768,18628,N/A,8.577,201.2195,42.29,1.6042,71.71,8.1565,N/A,N/A,557382,N/A,1.5646,N/A,1.4409,N/A,7.7237,N/A,N/A,N/A,1119.88,N/A,N/A,2.0152,N/A,1.6923,N/A,6.2514,
2000-02-16,0.9804,106.97,N/A,0.5758,35.694,7.4453,15.6466,0.6129,255.89,3.9207,0.5826,0.411,4.0577,18343,N/A,8.547,201.2479,42.31,1.6036,71.41,8.1125,N/A,N/A,552895,N/A,1.5531,N/A,1.4279,N/A,7.6265,N/A,N/A,N/A,1103.05,N/A,N/A,1.9994,N/A,1.6677,N/A,6.2309,
2000-02-15,0.9778,106.46,N/A,0.5758,35.642,7.4449,15.6466,0.6159,255.85,3.9114,0.5823,0.4112,4.0618,18281,N/A,8.494,201.1648,42.315,1.6061,71.27,8.0685,N/A,N/A,551947,N/A,1.5597,N/A,1.4259,N/A,7.6077,N/A,N/A,N/A,1101.81,N/A,N/A,2.0111,N/A,1.6564,N/A,6.231,
2000-02-14,0.9867,106.85,N/A,0.57617,35.645,7.4454,15.6466,0.6201,255.81,3.9458,0.5862,0.4129,4.0898,18440,N/A,8.485,200.6759,42.314,1.6066,72.15,8.0795,N/A,N/A,553977,N/A,1.5636,N/A,1.4308,N/A,7.6736,N/A,N/A,N/A,1110.03,N/A,N/A,2.0151,N/A,1.6717,N/A,6.2473,
2000-02-11,0.9801,107.42,N/A,0.57594,35.63,7.4448,15.6466,0.6136,255.78,3.9217,0.584,0.411,4.0707,18307,N/A,8.4425,201.1378,42.307,1.6056,72.24,8.0395,N/A,N/A,551423,N/A,1.5526,N/A,1.4173,N/A,7.6271,N/A,N/A,N/A,1092.93,N/A,N/A,1.9905,N/A,1.6627,N/A,6.2697,
2000-02-10,0.9868,107.11,N/A,0.57617,35.688,7.4448,15.6466,0.6126,255.75,3.9476,0.5863,0.4116,4.0983,18426,N/A,8.48,201.0417,42.298,1.606,72.55,8.0695,N/A,N/A,553311,N/A,1.5587,N/A,1.4317,N/A,7.6782,N/A,N/A,N/A,1105.66,N/A,N/A,2.001,N/A,1.6686,N/A,6.2553,
2000-02-09,0.9934,108.16,N/A,0.5762,35.632,7.4436,15.6466,0.6169,255.66,3.9679,0.5899,0.4134,4.1072,18482,N/A,8.4955,200.911,42.305,1.6092,72.79,8.0825,N/A,N/A,554732,N/A,1.562,N/A,1.4334,N/A,7.7171,N/A,N/A,N/A,1114.35,N/A,N/A,2.0044,N/A,1.6777,N/A,6.2537,
2000-02-08,0.9903,107.91,N/A,0.576,35.687,7.4433,15.6466,0.6182,255.61,3.961,0.5888,0.4127,4.096,18402,N/A,8.475,200.7925,42.266,1.6074,72.62,8.072,N/A,N/A,553719,N/A,1.5634,N/A,1.4354,N/A,7.7062,N/A,N/A,N/A,1118.22,N/A,N/A,2.0073,N/A,1.6786,N/A,6.247,
2000-02-07,0.9767,106.02,N/A,0.5751,35.707,7.4432,15.6466,0.6134,255.58,3.911,0.5849,0.4103,4.0948,18176,N/A,8.463,200.7972,42.316,1.6065,72.56,8.059,N/A,N/A,549317,N/A,1.5261,N/A,1.4045,N/A,7.606,N/A,N/A,N/A,1104.08,N/A,N/A,1.9741,N/A,1.6547,N/A,6.1596,
2000-02-04,0.9835,105.99,N/A,0.57597,35.747,7.4432,15.6466,0.6195,255.61,3.941,0.5881,0.4119,4.1038,18291,N/A,8.4715,200.8492,42.328,1.6077,72.54,8.083,N/A,N/A,550467,N/A,1.557,N/A,1.4182,N/A,7.6623,N/A,N/A,N/A,1112.39,N/A,N/A,1.9988,N/A,1.6639,N/A,6.1813,
2000-02-03,0.9748,105.78,N/A,0.57554,35.778,7.443,15.6466,0.6086,255.59,3.9003,0.5828,0.4098,4.0805,18087,N/A,8.4845,200.7612,42.292,1.6083,72.14,8.0475,N/A,N/A,546642,N/A,1.5382,N/A,1.4045,N/A,7.584,N/A,N/A,N/A,1101.41,N/A,N/A,1.9798,N/A,1.6517,N/A,6.1073,
2000-02-02,0.9717,105.51,N/A,0.57544,35.837,7.4428,15.6466,0.6051,255.45,3.8901,0.5812,0.4087,4.1318,17936,N/A,8.518,200.6475,42.305,1.6101,72.04,8.0175,N/A,N/A,544861,N/A,1.5273,N/A,1.4098,N/A,7.5634,N/A,N/A,N/A,1099.19,N/A,N/A,1.9879,N/A,1.6514,N/A,6.0785,
2000-02-01,0.971,104.62,N/A,0.57534,35.85,7.4432,15.6466,0.602,255.42,3.8845,0.5805,0.4083,4.0993,17924,N/A,8.586,200.3566,42.315,1.6078,71.65,8.073,N/A,N/A,544188,N/A,1.5277,N/A,1.4121,N/A,7.5531,N/A,N/A,N/A,1093.55,N/A,N/A,1.97,N/A,1.6488,N/A,6.1173,
2000-01-31,0.9791,104.62,N/A,0.57857,35.79,7.4424,15.6466,0.6047,255.36,3.9188,0.5829,0.4093,4.1153,18073,N/A,8.6,200.3422,42.273,1.6091,72.16,8.0825,N/A,N/A,547238,N/A,1.543,N/A,1.4195,N/A,7.6206,N/A,N/A,N/A,1100.25,N/A,N/A,1.9848,N/A,1.6641,N/A,6.162,
2000-01-28,0.9848,103.74,N/A,0.576,35.75,7.4425,15.6466,0.6051,255.33,3.9403,0.5833,0.4103,4.0991,18172,N/A,8.524,200.2794,42.337,1.6121,72.24,8.044,N/A,N/A,547219,N/A,1.5178,N/A,1.4178,N/A,7.6607,N/A,N/A,N/A,1102.87,N/A,N/A,1.992,N/A,1.6828,N/A,6.1845,
2000-01-27,0.9976,105.43,N/A,0.57654,35.762,7.4432,15.6466,0.6089,255.3,3.9869,0.5856,0.4124,4.1169,18411,N/A,8.5355,200.2876,42.35,1.6113,72.58,8.0815,N/A,N/A,551034,N/A,1.5289,N/A,1.4331,N/A,7.7513,N/A,N/A,N/A,1120.9,N/A,N/A,1.9599,N/A,1.6808,N/A,6.1497,
2000-01-26,1.0019,106.04,N/A,0.5766,35.785,7.4431,15.6466,0.6094,255.18,4.0108,0.5882,0.4124,4.1398,18445,N/A,8.5395,200.1145,42.316,1.6116,72.97,8.069,N/A,N/A,552398,N/A,1.5282,N/A,1.4405,N/A,7.798,N/A,N/A,N/A,1130.09,N/A,N/A,1.9708,N/A,1.6954,N/A,6.1617,
2000-01-25,1.0008,105.69,N/A,0.5766,35.86,7.4439,15.6466,0.6083,255.15,4.0065,0.5875,0.4121,4.1423,18397,N/A,8.5125,199.9799,42.372,1.6121,72.88,8.0415,N/A,N/A,551859,N/A,1.5275,N/A,1.4444,N/A,7.7894,N/A,N/A,N/A,1128.41,N/A,N/A,1.9612,N/A,1.6851,N/A,6.1686,
2000-01-24,1.0027,105.54,N/A,0.57703,35.875,7.4457,15.6466,0.6062,255.12,4.018,0.5885,0.4117,4.1097,18420,N/A,8.559,199.8875,42.368,1.6136,72.9,8.0455,N/A,N/A,552044,N/A,1.5295,N/A,1.446,N/A,7.8113,N/A,N/A,N/A,1128.86,N/A,N/A,1.9775,N/A,1.6889,N/A,6.1576,
2000-01-21,1.0097,105.53,N/A,0.57703,36.033,7.4455,15.6466,0.6113,255.12,4.0399,0.5908,0.414,4.1252,18525,N/A,8.5865,199.9466,42.324,1.6102,73,8.077,N/A,N/A,552769,N/A,1.5215,N/A,1.4607,N/A,7.8552,N/A,N/A,N/A,1138.33,N/A,N/A,1.9623,N/A,1.6913,N/A,6.1592,
2000-01-20,1.0089,106.44,N/A,0.57687,36.088,7.4451,15.6466,0.6127,255.08,4.038,0.5912,0.4137,4.123,18511,N/A,8.591,199.9398,42.304,1.6147,73.09,8.0865,N/A,N/A,551615,N/A,1.5182,N/A,1.4625,N/A,7.8493,N/A,N/A,N/A,1135.74,N/A,N/A,1.957,N/A,1.6893,N/A,6.1543,
2000-01-19,1.0105,106.99,N/A,0.5769,36.112,7.444,15.6466,0.6172,254.99,4.0431,0.5923,0.4146,4.1455,18512,N/A,8.5835,199.9226,42.334,1.612,73.33,8.0755,N/A,N/A,552251,N/A,1.5222,N/A,1.4647,N/A,7.8633,N/A,N/A,N/A,1144.85,N/A,N/A,1.9563,N/A,1.6946,N/A,6.1691,
2000-01-18,1.0093,106.42,N/A,0.57683,35.978,7.4439,15.6466,0.6174,254.94,4.0353,0.5909,0.4147,4.1217,18507,N/A,8.5705,199.9935,42.347,1.6131,73.12,8.1065,N/A,N/A,552082,N/A,1.5222,N/A,1.4626,N/A,7.8494,N/A,N/A,N/A,1136.59,N/A,N/A,1.9545,N/A,1.6875,N/A,6.1355,
2000-01-17,1.0094,105.81,N/A,0.57697,35.984,7.4428,15.6466,0.618,254.91,4.0446,0.5917,0.4142,4.1313,18502,N/A,8.564,199.993,42.331,1.6136,73.11,8.0965,N/A,N/A,552307,N/A,1.5212,N/A,1.4651,N/A,7.8637,N/A,N/A,N/A,1132.77,N/A,N/A,1.947,N/A,1.6918,N/A,6.1296,
2000-01-14,1.0225,108.05,N/A,0.57743,36.058,7.4449,15.6466,0.6221,255.01,4.0914,0.598,0.4165,4.1665,18776,N/A,8.623,199.9972,42.302,1.613,73.69,8.1365,N/A,N/A,553638,N/A,1.5332,N/A,1.4819,N/A,7.9547,N/A,N/A,N/A,1149.97,N/A,N/A,1.9595,N/A,1.713,N/A,6.2096,
2000-01-13,1.0276,108.89,N/A,0.5776,36.149,7.445,15.6466,0.6255,254.79,4.1139,0.6022,0.4173,4.1752,18860,N/A,8.6475,199.9443,42.273,1.6111,73.82,8.1795,N/A,N/A,555470,N/A,1.545,N/A,1.4897,N/A,7.9976,N/A,N/A,N/A,1167.01,N/A,N/A,1.9645,N/A,1.7139,N/A,6.2303,
2000-01-12,1.0308,109.1,N/A,0.57767,35.988,7.4453,15.6466,0.6253,254.78,4.1218,0.6031,0.418,4.1837,18874,N/A,8.6725,199.8436,42.295,1.6098,73.9,8.216,N/A,N/A,555874,N/A,1.5653,N/A,1.5017,N/A,8.0128,N/A,N/A,N/A,1178.5,N/A,N/A,1.9882,N/A,1.7185,N/A,6.2656,
2000-01-11,1.0256,108.85,N/A,0.5776,35.969,7.4444,15.6466,0.6251,254.72,4.1045,0.6015,0.4171,4.1768,18784,N/A,8.662,199.7215,42.284,1.6093,74.21,8.2075,N/A,N/A,553669,N/A,1.5664,N/A,1.4963,N/A,7.9784,N/A,N/A,N/A,1175.51,N/A,N/A,1.9866,N/A,1.7135,N/A,6.2305,
2000-01-10,1.0229,107.26,N/A,0.5774,35.988,7.4448,15.6466,0.6249,254.69,4.0879,0.5986,0.4173,4.1567,18729,N/A,8.657,199.6255,42.292,1.6089,74,8.19,N/A,N/A,552469,N/A,1.5587,N/A,1.4873,N/A,7.9471,N/A,N/A,N/A,1157.84,N/A,N/A,1.9783,N/A,1.6975,N/A,6.2223,
2000-01-07,1.0284,108.09,N/A,0.57757,36.027,7.4436,15.6466,0.6262,254.63,4.1173,0.6022,0.4175,4.1897,18822,N/A,8.645,199.615,42.404,1.6079,74.19,8.1945,N/A,N/A,554980,N/A,1.5738,N/A,1.501,N/A,8.003,N/A,N/A,N/A,1169.52,N/A,N/A,1.9942,N/A,1.7096,N/A,6.2393,
2000-01-06,1.0388,108.72,N/A,0.5781,36.243,7.4441,15.6466,0.6302,254.45,4.1595,0.606,0.4191,4.2593,19000,N/A,8.6445,199.5114,42.408,1.6068,74.75,8.203,N/A,N/A,555674,N/A,1.5828,N/A,1.5091,N/A,8.0843,N/A,N/A,N/A,1191.9,N/A,N/A,2.0064,N/A,1.7291,N/A,6.3304,
2000-01-05,1.0368,107.34,N/A,0.5778,36.337,7.4444,15.6466,0.6324,254.51,4.1477,0.6036,0.4195,4.2627,18979,N/A,8.6415,199.4725,42.459,1.606,74.3,8.206,N/A,N/A,555329,N/A,1.5773,N/A,1.5065,N/A,8.0629,N/A,N/A,N/A,1176.08,N/A,N/A,1.9956,N/A,1.7159,N/A,6.296,
2000-01-04,1.0305,105.88,N/A,0.5775,36.27,7.4429,15.6466,0.6296,254.52,4.1261,0.6006,0.4182,4.2423,18858,N/A,8.6215,198.7975,42.326,1.6053,73.92,8.15,N/A,N/A,552354,N/A,1.5677,N/A,1.4936,N/A,8.0201,N/A,N/A,N/A,1157.32,N/A,N/A,1.9745,N/A,1.7047,N/A,6.3087,
2000-01-03,1.009,102.75,N/A,0.5767,36.063,7.4404,15.6466,0.6246,254.53,4.0454,0.5916,0.4151,4.1835,18273,N/A,8.552,198.8925,42.317,1.6043,73.03,8.062,N/A,N/A,546131,N/A,1.5346,N/A,1.4577,N/A,7.8624,N/A,N/A,N/A,1140.02,N/A,N/A,1.9331,N/A,1.6769,N/A,6.2013,
1999-12-30,1.0046,102.73,N/A,0.57667,36.103,7.4433,15.6466,0.6217,254.7,4.0169,0.5881,0.4151,4.1587,18345,N/A,8.5625,198.9055,42.402,1.6051,72.83,8.0765,N/A,N/A,544641,N/A,1.5422,N/A,1.4608,N/A,7.8033,N/A,N/A,N/A,1137.28,N/A,N/A,1.9357,N/A,1.6718,N/A,6.187,
1999-12-29,1.0072,103.02,N/A,0.57683,36.107,7.4425,15.6466,0.6226,254.63,4.0337,0.5896,0.4151,4.1772,18457,N/A,8.564,198.7623,42.609,1.6059,72.94,8.071,N/A,N/A,545112,N/A,1.5532,N/A,1.4613,N/A,7.8348,N/A,N/A,N/A,1151.31,N/A,N/A,1.9321,N/A,1.6781,N/A,6.1993,
1999-12-28,1.0089,103.13,N/A,0.57697,36.137,7.4408,15.6466,0.6249,254.99,4.048,0.5906,0.4148,4.1737,18389,N/A,8.575,198.6471,42.756,1.6057,72.62,8.088,N/A,N/A,545283,N/A,1.5667,N/A,1.4678,N/A,7.8646,N/A,N/A,N/A,1156.18,N/A,N/A,1.9573,N/A,1.6859,N/A,6.2124,
1999-12-27,1.0134,103.75,N/A,0.577,36.13,7.4405,15.6466,0.6267,255.08,4.0527,0.5921,0.4166,4.1768,18449,N/A,8.57,198.6787,42.658,1.6046,72.98,8.107,N/A,N/A,545143,N/A,1.5749,N/A,1.4868,N/A,7.8713,N/A,N/A,N/A,1148.23,N/A,N/A,1.9641,N/A,1.6911,N/A,6.2347,
1999-12-24,1.0142,104.29,N/A,0.57814,36.145,7.4399,15.6466,0.6267,254.86,4.0564,0.5928,0.4167,4.1677,18359,N/A,8.5754,198.5097,42.535,1.6043,73.04,8.11,N/A,N/A,542780,N/A,1.5781,N/A,1.4919,N/A,7.8788,N/A,N/A,N/A,1147.78,N/A,N/A,1.9676,N/A,1.6939,N/A,6.243,
1999-12-23,1.0089,102.52,N/A,0.57683,36.18,7.4402,15.6466,0.6265,254.5,4.0387,0.5903,0.4158,4.1572,18155,N/A,8.55,198.5551,42.292,1.6011,72.67,8.0605,N/A,N/A,540726,N/A,1.5676,N/A,1.489,N/A,7.8418,N/A,N/A,N/A,1141.13,N/A,N/A,1.9573,N/A,1.6862,N/A,6.2012,
1999-12-22,1.0074,102.48,N/A,0.57683,36.197,7.4397,15.6466,0.6253,254.21,4.0299,0.5897,0.4156,4.152,18113,N/A,8.568,198.4425,42.374,1.599,72.82,8.0435,N/A,N/A,538852,N/A,1.5612,N/A,1.4877,N/A,7.826,N/A,N/A,N/A,1139.65,N/A,N/A,1.9527,N/A,1.6777,N/A,6.1905,
1999-12-21,1.0084,103.07,N/A,0.57687,36.112,7.4394,15.6466,0.6276,254.21,4.0399,0.5907,0.4157,4.1762,18061,N/A,8.599,198.5075,42.34,1.5994,72.99,8.081,N/A,N/A,538978,N/A,1.5685,N/A,1.4932,N/A,7.8476,N/A,N/A,N/A,1145.25,N/A,N/A,1.9565,N/A,1.6844,N/A,6.1933,
1999-12-20,1.0096,103.84,N/A,0.5767,36.025,7.4411,15.6466,0.628,254.25,4.0344,0.5902,0.4164,4.1976,18087,N/A,8.588,198.8725,42.403,1.6004,73.25,8.069,N/A,N/A,537688,N/A,1.5713,N/A,1.4944,N/A,7.839,N/A,N/A,N/A,1144.48,N/A,N/A,1.9968,N/A,1.685,N/A,6.1954,
1999-12-17,1.0128,104.68,N/A,0.57717,35.961,7.4412,15.6466,0.6287,254.51,4.0725,0.5953,0.4153,4.2352,18139,N/A,8.596,199.0941,42.318,1.6028,73.67,8.0905,N/A,N/A,537821,N/A,1.5723,N/A,1.4963,N/A,7.9128,N/A,N/A,N/A,1150.58,N/A,N/A,1.9949,N/A,1.705,N/A,6.2166,
1999-12-16,1.0146,104.47,N/A,0.57696,35.83,7.4418,15.6466,0.6286,254.6,4.0602,0.5933,0.4167,4.2443,18202,N/A,8.6125,199.2296,42.381,1.6016,73.53,8.1155,N/A,N/A,536956,N/A,1.5864,N/A,1.504,N/A,7.8881,N/A,N/A,N/A,1147.24,N/A,N/A,2.0207,N/A,1.6985,N/A,6.2357,
1999-12-15,1.0021,103.7,N/A,0.57667,35.843,7.4414,15.6466,0.6241,253.55,4.0087,0.5859,0.4149,4.2275,17943,N/A,8.6085,198.7117,42.298,1.6001,73.17,8.105,N/A,N/A,531574,N/A,1.5779,N/A,1.4867,N/A,7.7914,N/A,N/A,N/A,1136.66,N/A,N/A,2.031,N/A,1.6806,N/A,6.1449,
1999-12-14,1.0038,104.06,N/A,0.57703,35.877,7.4421,15.6466,0.6215,253.61,4.0153,0.5869,0.4147,4.2237,17986,N/A,8.587,198.2244,42.228,1.6017,73.2,8.091,N/A,N/A,531014,N/A,1.5795,N/A,1.4866,N/A,7.8023,N/A,N/A,N/A,1137.53,N/A,N/A,2.0234,N/A,1.6852,N/A,6.1558,
1999-12-13,1.0128,103.95,N/A,0.57703,35.901,7.4412,15.6466,0.6238,254.21,4.0506,0.5907,0.416,4.2105,18134,N/A,8.571,197.8891,42.264,1.602,73.44,8.095,N/A,N/A,533864,N/A,1.5924,N/A,1.4966,N/A,7.8709,N/A,N/A,N/A,1141.99,N/A,N/A,2.0552,N/A,1.6988,N/A,6.1983,
1999-12-10,1.0141,103.81,N/A,0.5768,35.893,7.4405,15.6466,0.6247,254.28,4.0589,0.5929,0.4161,4.1893,18152,N/A,8.5775,197.9491,42.407,1.5984,73.57,8.1065,N/A,N/A,530795,N/A,1.5972,N/A,1.4968,N/A,7.885,N/A,N/A,N/A,1148.91,N/A,N/A,2.0376,N/A,1.7018,N/A,6.2169,
1999-12-09,1.0175,104.4,N/A,0.57737,35.98,7.4392,15.6466,0.6261,254.55,4.0665,0.5945,0.4168,4.2252,18274,N/A,8.57,197.7525,42.496,1.5991,73.63,8.1065,N/A,N/A,530765,N/A,1.5901,N/A,1.5046,N/A,7.9027,N/A,N/A,N/A,1148.48,N/A,N/A,2.0026,N/A,1.7066,N/A,6.2566,
1999-12-08,1.0236,105.32,N/A,0.57743,36.115,7.4383,15.6466,0.6294,254.78,4.0969,0.5986,0.4175,4.2799,18456,N/A,8.573,197.6805,42.444,1.6014,73.77,8.115,N/A,N/A,532966,N/A,1.6061,N/A,1.5134,N/A,7.9602,N/A,N/A,N/A,1151.43,N/A,N/A,2.0122,N/A,1.7197,N/A,6.2979,
1999-12-07,1.0239,105.05,N/A,0.57733,36.17,7.4385,15.6466,0.6302,254.9,4.095,0.5989,0.4178,4.2867,18502,N/A,8.6175,197.5274,42.554,1.5999,73.94,8.1135,N/A,N/A,531011,N/A,1.6077,N/A,1.5087,N/A,7.9546,N/A,N/A,N/A,1166.22,N/A,N/A,2.0152,N/A,1.7175,N/A,6.2985,
1999-12-06,1.0182,104.62,N/A,0.57687,36.112,7.4384,15.6466,0.631,254.41,4.0691,0.5969,0.4179,4.2687,18297,N/A,8.6055,197.2765,42.792,1.5969,73.86,8.131,N/A,N/A,528642,N/A,1.6069,N/A,1.5078,N/A,7.9058,N/A,N/A,N/A,1169.65,N/A,N/A,2.0162,N/A,1.7099,N/A,6.2772,
1999-12-03,1.0015,102.57,N/A,0.57663,36.053,7.4387,15.6466,0.6255,253.15,4.0119,0.5912,0.4147,4.25,17897,N/A,8.608,197.2375,42.853,1.5967,73.38,8.105,N/A,N/A,521746,N/A,1.5872,N/A,1.4823,N/A,7.7942,N/A,N/A,N/A,1153.11,N/A,N/A,1.9865,N/A,1.6909,N/A,6.1742,
1999-12-02,1.0057,103.03,N/A,0.5768,36.07,7.4391,15.6466,0.6292,253.71,4.0297,0.5935,0.4157,4.2944,17972,N/A,8.6185,196.9571,43.042,1.5999,73.6,8.132,N/A,N/A,522090,N/A,1.5843,N/A,1.4877,N/A,7.8256,N/A,N/A,N/A,1157.72,N/A,N/A,1.9698,N/A,1.6971,N/A,6.1893,
1999-12-01,1.0091,103.35,N/A,0.57687,36.108,7.4395,15.6466,0.6304,254.35,4.0436,0.5946,0.4161,4.2803,18043,N/A,8.606,196.8949,43.062,1.6007,73.51,8.1365,N/A,N/A,521951,N/A,1.5839,N/A,1.4882,N/A,7.8525,N/A,N/A,N/A,1169.58,N/A,N/A,1.9744,N/A,1.6984,N/A,6.1999,
1999-11-30,1.0097,103,N/A,0.57693,36.077,7.4393,15.6466,0.6325,254.15,4.0435,0.5944,0.4165,4.3298,18038,N/A,8.556,196.7585,43.005,1.6021,73.55,8.1245,N/A,N/A,521695,N/A,1.5918,N/A,1.4868,N/A,7.8474,N/A,N/A,N/A,1171.31,N/A,N/A,1.9759,N/A,1.699,N/A,6.2369,
1999-11-29,1.0077,102.82,N/A,0.577,36.04,7.4374,15.6466,0.6297,253.83,4.0417,0.5941,0.4155,4.335,18018,N/A,8.58,196.885,43.098,1.6029,73.44,8.1125,N/A,N/A,521014,N/A,1.5808,N/A,1.4837,N/A,7.8521,N/A,N/A,N/A,1170.92,N/A,N/A,1.9664,N/A,1.6966,N/A,6.1994,
1999-11-26,1.0101,104.86,N/A,0.57703,36.109,7.4383,15.6466,0.6301,253.58,4.044,0.5964,0.4163,4.2973,18056,N/A,8.567,196.7613,43.11,1.6012,73.5,8.1055,N/A,N/A,520754,N/A,1.5855,N/A,1.4809,N/A,7.8555,N/A,N/A,N/A,1171.46,N/A,N/A,1.978,N/A,1.6903,N/A,6.1886,
1999-11-25,1.0194,106.25,N/A,0.57723,36.137,7.4379,15.6466,0.6312,254.25,4.0793,0.6004,0.4186,4.2955,18295,N/A,8.587,196.7697,43.024,1.5999,73.87,8.143,N/A,N/A,520669,N/A,1.6082,N/A,1.4971,N/A,7.9226,N/A,N/A,N/A,1180.64,N/A,N/A,1.9872,N/A,1.7047,N/A,6.2598,
1999-11-24,1.0215,106.62,N/A,0.57737,36.12,7.4377,15.6466,0.6331,254.28,4.0876,0.6011,0.418,4.2882,18221,N/A,8.593,196.5832,43.08,1.5997,74.03,8.1675,N/A,N/A,519734,N/A,1.6147,N/A,1.4981,N/A,7.94,N/A,N/A,N/A,1187.16,N/A,N/A,2.0012,N/A,1.7018,N/A,6.2654,
1999-11-23,1.0315,107.98,N/A,0.5777,36.215,7.4383,15.6466,0.6348,255.02,4.1266,0.6054,0.4194,4.3211,18482,N/A,8.5975,196.6351,42.998,1.6009,74.27,8.17,N/A,N/A,521626,N/A,1.6194,N/A,1.511,N/A,8.0164,N/A,N/A,N/A,1206.17,N/A,N/A,2.0125,N/A,1.7218,N/A,6.3252,
1999-11-22,1.0311,108.35,N/A,0.57763,36.21,7.4377,15.6466,0.6361,254.94,4.1231,0.6051,0.4196,4.3332,18457,N/A,8.613,196.714,43.098,1.6029,74.01,8.1735,N/A,N/A,520654,N/A,1.6152,N/A,1.5089,N/A,8.0106,N/A,N/A,N/A,1209.09,N/A,N/A,2.0205,N/A,1.7222,N/A,6.3304,
1999-11-19,1.0279,109.1,N/A,0.57763,36.333,7.4377,15.6466,0.6353,254.64,4.1232,0.606,0.4193,4.3448,18417,N/A,8.602,196.675,42.97,1.6032,74.07,8.1795,N/A,N/A,520368,N/A,1.608,N/A,1.5053,N/A,8.0091,N/A,N/A,N/A,1210.33,N/A,N/A,2.0216,N/A,1.7205,N/A,6.3296,
1999-11-18,1.038,109.63,N/A,0.57797,36.278,7.4386,15.6466,0.6397,255.35,4.1471,0.6082,0.4209,4.3655,18476,N/A,8.625,196.7325,42.899,1.602,74.2,8.1855,N/A,N/A,519053,N/A,1.623,N/A,1.522,N/A,8.0597,N/A,N/A,N/A,1217.02,N/A,N/A,2.0242,N/A,1.7319,N/A,6.378,
1999-11-17,1.0408,109.58,N/A,0.57807,36.39,7.4392,15.6466,0.64,255.49,4.164,0.6093,0.4209,4.4143,18214,N/A,8.669,196.9757,42.933,1.6015,74.41,8.2105,N/A,N/A,518987,N/A,1.62,N/A,1.5238,N/A,8.0924,N/A,N/A,N/A,1224.51,N/A,N/A,2.0161,N/A,1.7373,N/A,6.4061,
1999-11-16,1.0336,109.42,N/A,0.57773,36.34,7.4371,15.6466,0.6369,254.91,4.1349,0.6065,0.4198,4.404,18005,N/A,8.643,196.9825,42.852,1.6047,74.31,8.1925,N/A,N/A,516406,N/A,1.6076,N/A,1.515,N/A,8.0364,N/A,N/A,N/A,1218,N/A,N/A,1.9927,N/A,1.7274,N/A,6.3561,
1999-11-15,1.0301,107.99,N/A,0.57777,36.32,7.4369,15.6466,0.6371,254.69,4.1198,0.6041,0.4194,4.435,17872,N/A,8.6165,197.055,43.1,1.6057,74.23,8.1665,N/A,N/A,514266,N/A,1.5989,N/A,1.5076,N/A,8.0065,N/A,N/A,N/A,1216.61,N/A,N/A,1.9769,N/A,1.7157,N/A,6.3165,
1999-11-12,1.0308,108.22,N/A,0.57783,36.35,7.4358,15.6466,0.638,254.62,4.124,0.6043,0.4197,4.4643,17853,N/A,8.635,197.0275,43.246,1.6078,74.22,8.1905,N/A,N/A,511579,N/A,1.6021,N/A,1.5082,N/A,8.0117,N/A,N/A,N/A,1205.92,N/A,N/A,2.0004,N/A,1.7186,N/A,6.3157,
1999-11-11,1.0406,109.3,N/A,0.57797,36.423,7.4362,15.6466,0.6414,255.37,4.1657,0.6085,0.4213,4.4852,17936,N/A,8.6475,197.032,43.258,1.6085,74.62,8.1925,N/A,N/A,514813,N/A,1.6205,N/A,1.5275,N/A,8.0911,N/A,N/A,N/A,1221.27,N/A,N/A,2.0279,N/A,1.7436,N/A,6.3798,
1999-11-10,1.0402,109.33,N/A,0.57797,36.443,7.4347,15.6466,0.6416,255.2,4.1625,0.608,0.4212,4.4598,17869,N/A,8.6575,196.9424,43.435,1.6079,74.41,8.1825,N/A,N/A,512830,N/A,1.6249,N/A,1.5289,N/A,8.0845,N/A,N/A,N/A,1227.1,N/A,N/A,2.031,N/A,1.7405,N/A,6.366,
1999-11-09,1.0424,109.37,N/A,0.57957,36.432,7.4346,15.6466,0.6415,255.37,4.1726,0.6087,0.4215,4.4113,17898,N/A,8.6595,196.9067,43.501,1.6087,74.69,8.2015,N/A,N/A,512947,N/A,1.6372,N/A,1.532,N/A,8.1041,N/A,N/A,N/A,1235.78,N/A,N/A,2.0467,N/A,1.741,N/A,6.3706,
1999-11-08,1.0405,110.36,N/A,0.578,36.55,7.435,15.6466,0.6412,255.16,4.1648,0.6091,0.4212,4.3938,17824,N/A,8.6705,196.952,43.596,1.61,74.71,8.228,N/A,N/A,511373,N/A,1.6262,N/A,1.526,N/A,8.0886,N/A,N/A,N/A,1231.63,N/A,N/A,2.0372,N/A,1.7381,N/A,6.3739,
1999-11-05,1.0408,109.79,N/A,0.57793,36.606,7.4353,15.6466,0.6397,255.13,4.1636,0.607,0.4249,4.5123,17946,N/A,8.6725,196.8049,43.598,1.6137,74.62,8.2355,N/A,N/A,508724,N/A,1.6359,N/A,1.5176,N/A,8.0865,N/A,N/A,N/A,1234.15,N/A,N/A,2.0306,N/A,1.7354,N/A,6.4211,
1999-11-04,1.0504,110,N/A,0.57824,36.738,7.435,15.6466,0.6389,255.68,4.2026,0.6106,0.4221,4.5182,17967,N/A,8.7215,196.6778,43.584,1.6115,74.67,8.259,N/A,N/A,510260,N/A,1.6499,N/A,1.5378,N/A,8.165,N/A,N/A,N/A,1243.62,N/A,N/A,2.0572,N/A,1.7502,N/A,6.4426,
1999-11-03,1.0491,109.17,N/A,0.578,36.73,7.4338,15.6466,0.6361,255.66,4.1973,0.6103,0.4212,4.4451,17903,N/A,8.6625,196.7314,43.56,1.6077,74.9,8.256,N/A,N/A,509758,N/A,1.6284,N/A,1.541,N/A,8.152,N/A,N/A,N/A,1249.48,N/A,N/A,2.0464,N/A,1.751,N/A,6.4551,
1999-11-02,1.0507,110.12,N/A,0.578,36.668,7.4339,15.6466,0.6382,255.71,4.2085,0.6126,0.4214,4.4531,17841,N/A,8.6705,196.6933,43.666,1.6051,74.72,8.2635,N/A,N/A,509242,N/A,1.6393,N/A,1.5395,N/A,8.172,N/A,N/A,N/A,1254.86,N/A,N/A,2.0628,N/A,1.7514,N/A,6.4592,
1999-11-01,1.0572,110.23,N/A,0.57854,36.679,7.4338,15.6466,0.6413,256.19,4.2278,0.6144,0.4228,4.4278,17889,N/A,8.6795,196.623,43.685,1.6042,74.81,8.2545,N/A,N/A,509618,N/A,1.6554,N/A,1.5526,N/A,8.2083,N/A,N/A,N/A,1262.7,N/A,N/A,2.0775,N/A,1.7514,N/A,6.493,
1999-10-29,1.0453,109.59,N/A,0.57813,36.612,7.4337,15.6466,0.6393,255.32,4.1844,0.6113,0.4212,4.415,17643,N/A,8.66,196.623,43.793,1.603,74.46,8.246,N/A,N/A,502790,N/A,1.6361,N/A,1.5419,N/A,8.1262,N/A,N/A,N/A,1254.44,N/A,N/A,2.0589,N/A,1.7408,N/A,6.4262,
1999-10-28,1.0534,109.79,N/A,0.5785,36.636,7.4337,15.6466,0.6415,256.24,4.2137,0.6131,0.4224,4.449,17745,N/A,8.635,196.7703,43.722,1.6023,74.71,8.25,N/A,N/A,506371,N/A,1.6373,N/A,1.5508,N/A,8.1828,N/A,N/A,N/A,1263.2,N/A,N/A,2.0714,N/A,1.7561,N/A,6.456,
1999-10-27,1.0552,109.75,N/A,0.579,36.607,7.4334,15.6466,0.6392,256.13,4.2266,0.614,0.4221,4.4318,17744,N/A,8.638,196.8386,43.699,1.5995,75.01,8.2395,N/A,N/A,506737,N/A,1.6327,N/A,1.554,N/A,8.2077,N/A,N/A,N/A,1267.62,N/A,N/A,2.0725,N/A,1.762,N/A,6.4973,
1999-10-26,1.0633,111.33,N/A,0.57874,36.753,7.4338,15.6466,0.6413,257.77,4.2554,0.6158,0.4232,4.4113,17868,N/A,8.6815,196.7479,43.726,1.5989,75.33,8.2645,N/A,N/A,508369,N/A,1.6281,N/A,1.5626,N/A,8.2658,N/A,N/A,N/A,1279.99,N/A,N/A,2.0581,N/A,1.7724,N/A,6.5372,
1999-10-25,1.0683,112.66,N/A,0.5789,36.62,7.4346,15.6466,0.6433,257.62,4.2744,0.6156,0.424,4.4046,17942,N/A,8.6925,196.9425,43.682,1.598,75.51,8.2725,N/A,N/A,508754,N/A,1.6419,N/A,1.5809,N/A,8.3019,N/A,N/A,N/A,1287.25,N/A,N/A,2.0772,N/A,1.7733,N/A,6.5524,
1999-10-22,1.0758,113.65,N/A,0.57927,36.763,7.4349,15.6466,0.6426,257.72,4.3057,0.6179,0.4246,4.4242,18065,N/A,8.7405,196.7682,43.73,1.5972,75.74,8.283,N/A,N/A,510205,N/A,1.6522,N/A,1.5907,N/A,8.3593,N/A,N/A,N/A,1296.79,N/A,N/A,2.0902,N/A,1.7907,N/A,6.5973,
1999-10-21,1.0797,114.52,N/A,0.57921,36.753,7.434,15.6466,0.6446,257.77,4.3194,0.6201,0.4255,4.4491,18107,N/A,8.805,196.7479,43.761,1.5922,75.94,8.329,N/A,N/A,508232,N/A,1.6631,N/A,1.6072,N/A,8.3739,N/A,N/A,N/A,1300.8,N/A,N/A,2.0952,N/A,1.8019,N/A,6.6315,
1999-10-20,1.0777,114.44,N/A,0.57924,36.78,7.4333,15.6466,0.646,257.7,4.3125,0.6197,0.4253,4.4335,18065,N/A,8.7945,196.8896,43.744,1.5912,75.9,8.3145,N/A,N/A,507384,N/A,1.6623,N/A,1.6032,N/A,8.3738,N/A,N/A,N/A,1297.73,N/A,N/A,2.0947,N/A,1.8065,N/A,6.6063,
1999-10-19,1.0818,114.3,N/A,0.5794,36.893,7.4336,15.6466,0.6474,258.58,4.3293,0.6201,0.4259,4.4578,18120,N/A,8.83,196.1099,43.782,1.5891,76.02,8.3565,N/A,N/A,507650,N/A,1.6726,N/A,1.6155,N/A,8.4089,N/A,N/A,N/A,1303.57,N/A,N/A,2.1247,N/A,1.8096,N/A,6.6441,
1999-10-18,1.0868,114.23,N/A,0.5793,36.96,7.4339,15.6466,0.6509,258.59,4.3489,0.6219,0.4268,4.4418,18172,N/A,8.8645,196.8894,43.932,1.5882,76.22,8.368,N/A,N/A,509084,N/A,1.6877,N/A,1.618,N/A,8.4416,N/A,N/A,N/A,1307.72,N/A,N/A,2.139,N/A,1.8193,N/A,6.6775,
1999-10-15,1.0869,115.15,N/A,0.57968,37.027,7.4335,15.6466,0.6519,258.54,4.3502,0.6226,0.4272,4.4203,18164,N/A,8.779,196.9203,43.906,1.5872,76.36,8.3425,N/A,N/A,506349,N/A,1.6769,N/A,1.6094,N/A,8.4405,N/A,N/A,N/A,1309.9,N/A,N/A,2.1277,N/A,1.8182,N/A,6.66,
1999-10-14,1.0758,114.95,N/A,0.57924,36.973,7.433,15.6466,0.6499,257.84,4.3052,0.6211,0.4265,4.387,18007,N/A,8.745,196.8546,43.892,1.5908,76.16,8.307,N/A,N/A,503425,N/A,1.6528,N/A,1.5946,N/A,8.3599,N/A,N/A,N/A,1299.99,N/A,N/A,2.1154,N/A,1.8074,N/A,6.5823,
1999-10-13,1.0778,116.24,N/A,0.57917,37.01,7.4324,15.6466,0.6518,258.17,4.3125,0.6227,0.4261,4.3837,17983,N/A,8.7225,196.8319,44.05,1.5907,76.43,8.319,N/A,N/A,503245,N/A,1.6395,N/A,1.5916,N/A,8.375,N/A,N/A,N/A,1298.93,N/A,N/A,2.0819,N/A,1.8186,N/A,6.5854,
1999-10-12,1.0668,113.45,N/A,0.57887,36.657,7.4323,15.6466,0.6459,256.67,4.2559,0.618,0.4233,4.3512,17713,N/A,8.687,196.9411,43.458,1.5945,75.63,8.3005,N/A,N/A,498452,N/A,1.6281,N/A,1.573,N/A,8.2644,N/A,N/A,N/A,1280.7,N/A,N/A,2.0623,N/A,1.7828,N/A,6.4605,
1999-10-11,1.0631,113.42,N/A,0.57877,36.653,7.4323,15.6466,0.6424,257.01,4.2519,0.6176,0.4235,4.341,17713,N/A,8.671,196.6504,43.462,1.5949,75.62,8.2905,N/A,N/A,498157,N/A,1.6256,N/A,1.5656,N/A,8.2559,N/A,N/A,N/A,1279.49,N/A,N/A,2.0625,N/A,1.7811,N/A,6.4583,
1999-10-08,1.0657,114.55,N/A,0.57884,36.65,7.4332,15.6466,0.6451,257.39,4.2631,0.6194,0.4214,4.3632,17752,N/A,8.696,196.1946,43.458,1.5956,75.77,8.3175,N/A,N/A,498578,N/A,1.6212,N/A,1.5656,N/A,8.2774,N/A,N/A,N/A,1282.33,N/A,N/A,2.0669,N/A,1.7931,N/A,6.4496,
1999-10-07,1.0729,115.48,N/A,0.57897,36.387,7.433,15.6466,0.649,258.19,4.2905,0.6224,0.4243,4.372,17840,N/A,8.727,196.6975,43.371,1.5924,76.13,8.2745,N/A,N/A,497967,N/A,1.6238,N/A,1.5759,N/A,8.3324,N/A,N/A,N/A,1288.97,N/A,N/A,2.0535,N/A,1.7994,N/A,6.4712,
1999-10-06,1.0737,115.58,N/A,0.5792,36.333,7.433,15.6466,0.6488,258.08,4.2949,0.6239,0.4254,4.3728,17811,N/A,8.718,197.5752,43.352,1.5907,76.15,8.265,N/A,N/A,497419,N/A,1.6249,N/A,1.5774,N/A,8.3413,N/A,N/A,N/A,1292.38,N/A,N/A,2.0569,N/A,1.8041,N/A,6.4674,
1999-10-05,1.0686,113.98,N/A,0.57897,36.657,7.4325,15.6466,0.6456,257.78,4.2759,0.6206,0.4221,4.3592,17706,N/A,8.6855,196.7652,43.422,1.5932,76.2,8.2325,N/A,N/A,495557,N/A,1.6053,N/A,1.5678,N/A,8.302,N/A,N/A,N/A,1289.39,N/A,N/A,2.0405,N/A,1.7917,N/A,6.386,
1999-10-04,1.0719,113.6,N/A,0.57908,35.723,7.4337,15.6466,0.6469,258.23,4.2898,0.6201,0.4254,4.3847,17704,N/A,8.757,197.3451,43.362,1.5915,76.42,8.238,N/A,N/A,495139,N/A,1.6259,N/A,1.5809,N/A,8.3318,N/A,N/A,N/A,1303.87,N/A,N/A,2.0572,N/A,1.8162,N/A,6.4395,
1999-10-01,1.0728,113.25,N/A,0.57908,35.57,7.4335,15.6466,0.6499,258.95,4.2898,0.6201,0.4254,4.3758,17704,N/A,8.7425,195.9775,43.362,1.5985,76.42,8.247,N/A,N/A,495139,N/A,1.6307,N/A,1.57,N/A,8.3318,N/A,N/A,N/A,1303.87,N/A,N/A,2.0688,N/A,1.8162,N/A,6.4395,
1999-09-30,1.0665,112.67,N/A,0.5789,35.775,7.4332,15.6466,0.6475,257.69,4.2652,0.6177,0.4245,4.3687,17560,N/A,8.7235,196.0125,43.256,1.5967,76.37,8.281,N/A,N/A,491797,N/A,1.6395,N/A,1.5652,N/A,8.2833,N/A,N/A,N/A,1297.46,N/A,N/A,2.0649,N/A,1.8132,N/A,6.4097,
1999-09-29,1.0563,112.85,N/A,0.57843,35.608,7.433,15.6466,0.643,256.89,4.2238,0.6155,0.4194,4.3422,17379,N/A,8.6755,195.8939,43.304,1.6003,76.06,8.211,N/A,N/A,488546,N/A,1.6093,N/A,1.5444,N/A,8.2045,N/A,N/A,N/A,1285.93,N/A,N/A,2.0483,N/A,1.8051,N/A,6.3272,
1999-09-28,1.0483,111.31,N/A,0.57817,35.713,7.4325,15.6466,0.6362,256.13,4.1935,0.6129,0.4212,4.3187,17246,N/A,8.627,195.995,43.312,1.6023,75.75,8.173,N/A,N/A,485764,N/A,1.6074,N/A,1.5335,N/A,8.1454,N/A,N/A,N/A,1276.67,N/A,N/A,2.0427,N/A,1.7991,N/A,6.2595,
1999-09-27,1.0414,109.67,N/A,0.5781,35.873,7.431,15.6466,0.6327,254.97,4.1654,0.6095,0.4151,4.2682,17102,N/A,8.6155,196.0175,43.188,1.6019,75.59,8.1945,N/A,N/A,483381,N/A,1.5917,N/A,1.5297,N/A,8.0904,N/A,N/A,N/A,1260.86,N/A,N/A,2.0106,N/A,1.7747,N/A,6.252,
1999-09-24,1.0476,109.4,N/A,0.5782,35.95,7.431,15.6466,0.6374,255.99,4.1874,0.6112,0.4215,4.2837,17171,N/A,8.6215,196.215,43.238,1.6002,75.67,8.1915,N/A,N/A,485091,N/A,1.6101,N/A,1.5431,N/A,8.1338,N/A,N/A,N/A,1269.61,N/A,N/A,2.0253,N/A,1.79,N/A,6.3275,
1999-09-23,1.043,108.45,N/A,0.5781,35.995,7.4314,15.6466,0.639,255.59,4.1724,0.6091,0.4213,4.2817,17099,N/A,8.5935,196.0575,43.503,1.6039,75.61,8.181,N/A,N/A,481324,N/A,1.6124,N/A,1.534,N/A,8.1035,N/A,N/A,N/A,1260.37,N/A,N/A,1.9966,N/A,1.7894,N/A,6.332,
1999-09-22,1.0509,109.48,N/A,0.5783,36.299,7.4315,15.6466,0.6423,255.29,4.2028,0.6119,0.4224,4.2998,17211,N/A,8.628,196.495,43.57,1.6024,75.91,8.222,N/A,N/A,482773,N/A,1.6131,N/A,1.5449,N/A,8.1632,N/A,N/A,N/A,1269.02,N/A,N/A,1.9975,N/A,1.7936,N/A,6.3722,
1999-09-21,1.0388,108.72,N/A,0.57803,36.318,7.432,15.6466,0.6383,254.51,4.1557,0.6077,0.4205,4.26,17010,N/A,8.577,196.4325,43.649,1.6048,75.51,8.1795,N/A,N/A,478874,N/A,1.6083,N/A,1.5326,N/A,8.0684,N/A,N/A,N/A,1249.1,N/A,N/A,1.9783,N/A,1.7649,N/A,6.309,
1999-09-20,1.0406,112.08,N/A,0.57803,36.356,7.4321,15.6466,0.641,255.01,4.1626,0.611,0.4212,4.2593,17042,N/A,8.5785,196.3091,43.776,1.6049,75.82,8.183,N/A,N/A,478679,N/A,1.6168,N/A,1.5363,N/A,8.0802,N/A,N/A,N/A,1249.12,N/A,N/A,1.9929,N/A,1.7675,N/A,6.3336,
1999-09-17,1.0397,110.66,N/A,0.57793,36.412,7.4323,15.6466,0.6423,255.33,4.1584,0.6091,0.4211,4.2812,17023,N/A,8.622,196.4625,43.789,1.6047,76.06,8.2135,N/A,N/A,477866,N/A,1.6013,N/A,1.528,N/A,8.0706,N/A,N/A,N/A,1250.34,N/A,N/A,1.9757,N/A,1.7601,N/A,6.3442,
1999-09-16,1.0372,108.08,N/A,0.57793,36.33,7.4324,15.6466,0.6416,254.78,4.1502,0.6076,0.4209,4.2995,16976,N/A,8.638,196.3075,43.948,1.6032,75.93,8.2155,N/A,N/A,475610,N/A,1.6028,N/A,1.5324,N/A,8.0533,N/A,N/A,N/A,1243.21,N/A,N/A,1.979,N/A,1.7561,N/A,6.3684,
1999-09-15,1.0369,107.94,N/A,0.57783,36.387,7.4322,15.6466,0.6462,254.57,4.1505,0.6081,0.4211,4.3058,16949,N/A,8.6245,196.6147,43.952,1.6032,75.96,8.229,N/A,N/A,474150,N/A,1.5985,N/A,1.5325,N/A,8.0536,N/A,N/A,N/A,1236.07,N/A,N/A,1.9808,N/A,1.7501,N/A,6.312,
1999-09-14,1.0362,110.25,N/A,0.57773,36.3,7.4337,15.6466,0.6468,253.67,4.1446,0.6101,0.4216,4.294,16939,N/A,8.596,196.4284,43.974,1.6046,75.96,8.181,N/A,N/A,473935,N/A,1.5826,N/A,1.5235,N/A,8.0461,N/A,N/A,N/A,1236.44,N/A,N/A,1.9538,N/A,1.7498,N/A,6.2991,
1999-09-13,1.0342,109.85,N/A,0.5777,36.553,7.4336,15.6466,0.6407,254.03,4.1374,0.6085,0.4204,4.2147,16902,N/A,8.5815,196.4462,43.911,1.6056,75.72,8.1715,N/A,N/A,472926,N/A,1.5771,N/A,1.524,N/A,8.0317,N/A,N/A,N/A,1231.4,N/A,N/A,1.938,N/A,1.7422,N/A,6.2791,
1999-09-10,1.052,115,N/A,0.5784,36.513,7.4345,15.6466,0.6463,254.51,4.2082,0.6184,0.4258,4.219,17302,N/A,8.6075,196.4021,43.903,1.6025,76.39,8.224,N/A,N/A,474627,N/A,1.6144,N/A,1.5578,N/A,8.1698,N/A,N/A,N/A,1254.57,N/A,N/A,1.9745,N/A,1.7796,N/A,6.4452,
1999-09-09,1.0592,115.36,N/A,0.5786,36.61,7.4362,15.6466,0.6513,254.93,4.2364,0.6217,0.426,4.2935,17332,N/A,8.6125,196.4297,43.971,1.6002,76.73,8.222,N/A,N/A,476606,N/A,1.6282,N/A,1.5731,N/A,8.225,N/A,N/A,N/A,1260.86,N/A,N/A,2.0066,N/A,1.7885,N/A,6.4591,
1999-09-08,1.0613,117.49,N/A,0.57854,36.717,7.4366,15.6466,0.6536,255.04,4.2469,0.6241,0.4254,4.35,17335,N/A,8.617,196.5195,44.117,1.5993,76.91,8.2245,N/A,N/A,476400,N/A,1.635,N/A,1.5813,N/A,8.241,N/A,N/A,N/A,1267.9,N/A,N/A,2.0104,N/A,1.7982,N/A,6.4616,
1999-09-07,1.0565,117.44,N/A,0.57844,36.527,7.4363,15.6466,0.6576,255.12,4.2279,0.6238,0.425,4.3407,17204,N/A,8.63,196.4973,43.876,1.5989,76.9,8.2725,N/A,N/A,474707,N/A,1.6392,N/A,1.5729,N/A,8.206,N/A,N/A,N/A,1261.17,N/A,N/A,2.0137,N/A,1.7893,N/A,6.3797,
1999-09-06,1.0594,116.3,N/A,0.57876,36.539,7.4378,15.6466,0.6607,256.25,4.2377,0.6238,0.4294,4.3017,17423,N/A,8.656,196.4759,43.85,1.5978,76.92,8.285,N/A,N/A,474711,N/A,1.6446,N/A,1.5788,N/A,8.2251,N/A,N/A,N/A,1263.04,N/A,N/A,2.0498,N/A,1.7889,N/A,6.4466,
1999-09-03,1.0682,117.32,N/A,0.57894,36.697,7.4396,15.6466,0.6634,255.85,4.2726,0.6273,0.4237,4.3053,17398,N/A,8.7165,196.5236,43.916,1.5969,77.26,8.3395,N/A,N/A,476620,N/A,1.6556,N/A,1.5988,N/A,8.2932,N/A,N/A,N/A,1272.17,N/A,N/A,2.0612,N/A,1.8025,N/A,6.4359,
1999-09-02,1.0662,116.16,N/A,0.57884,36.732,7.4348,15.6466,0.6631,255.66,4.265,0.6257,0.4257,4.296,17262,N/A,8.699,196.5629,44.004,1.5991,77.22,8.321,N/A,N/A,474124,N/A,1.6558,N/A,1.5878,N/A,8.2793,N/A,N/A,N/A,1268.84,N/A,N/A,2.0484,N/A,1.7961,N/A,6.4304,
1999-09-01,1.0613,116,N/A,0.57874,36.683,7.4345,15.6466,0.6593,254.26,4.2462,0.6238,0.4218,4.2143,17222,N/A,8.701,196.5838,43.998,1.6004,76.98,8.2775,N/A,N/A,471851,N/A,1.6649,N/A,1.5852,N/A,8.2404,N/A,N/A,N/A,1257.2,N/A,N/A,2.0636,N/A,1.7863,N/A,6.4347,
1999-08-31,1.0573,115.53,N/A,0.5784,36.573,7.4344,15.6466,0.6585,253.89,4.2286,0.6221,0.425,4.2084,17138,N/A,8.691,196.5852,43.976,1.5997,76.91,8.2795,N/A,N/A,471094,N/A,1.6564,N/A,1.5753,N/A,8.2109,N/A,N/A,N/A,1247.5,N/A,N/A,2.0439,N/A,1.7787,N/A,6.4302,
1999-08-30,1.0454,116.1,N/A,0.57813,36.599,7.4335,15.6466,0.6582,252.99,4.1828,0.6198,0.4241,4.177,16956,N/A,8.7155,196.5226,44.194,1.6019,76.82,8.2995,N/A,N/A,467683,N/A,1.6501,N/A,1.5547,N/A,8.1165,N/A,N/A,N/A,1237.85,N/A,N/A,2.0358,N/A,1.764,N/A,6.3696,
1999-08-27,1.045,116.68,N/A,0.57813,36.593,7.4335,15.6466,0.6588,252.94,4.182,0.6202,0.4242,4.1652,16924,N/A,8.693,196.6619,44.195,1.6014,76.86,8.2945,N/A,N/A,467453,N/A,1.6488,N/A,1.5619,N/A,8.1147,N/A,N/A,N/A,1235.83,N/A,N/A,2.0341,N/A,1.7636,N/A,6.3679,
1999-08-26,1.0452,116.38,N/A,0.57913,36.517,7.4335,15.6466,0.6574,252.91,4.1801,0.6197,0.4173,4.1638,16870,N/A,8.713,196.4276,44.244,1.602,76.92,8.3245,N/A,N/A,465213,N/A,1.6539,N/A,1.5698,N/A,8.112,N/A,N/A,N/A,1243.6,N/A,N/A,2.0299,N/A,1.767,N/A,6.3652,
1999-08-25,1.0433,115.7,N/A,0.5781,36.36,7.4333,15.6466,0.6572,252.64,4.1746,0.6187,0.4173,4.15,16849,N/A,8.683,196.5943,44.432,1.601,76.54,8.2435,N/A,N/A,464585,N/A,1.6512,N/A,1.5576,N/A,8.0998,N/A,N/A,N/A,1243.03,N/A,N/A,2.0246,N/A,1.7642,N/A,6.3693,
1999-08-24,1.0512,117.42,N/A,0.57834,36.269,7.4333,15.6466,0.6576,253.16,4.2076,0.6227,0.4196,4.1811,16964,N/A,8.7215,196.6341,44.475,1.6009,76.75,8.2375,N/A,N/A,466042,N/A,1.6463,N/A,1.5735,N/A,8.1647,N/A,N/A,N/A,1260.23,N/A,N/A,1.9951,N/A,1.7766,N/A,6.4085,
1999-08-23,1.0606,118.03,N/A,0.57877,36.441,7.4353,15.6466,0.658,253.81,4.2438,0.6254,0.4254,4.2068,17088,N/A,8.761,196.7975,44.599,1.5973,76.95,8.2515,N/A,N/A,467157,N/A,1.6639,N/A,1.5873,N/A,8.2354,N/A,N/A,N/A,1270.01,N/A,N/A,1.9934,N/A,1.7823,N/A,6.4521,
1999-08-20,1.0667,119.16,N/A,0.5789,36.388,7.4367,15.6466,0.659,254.2,4.2081,0.6224,0.4243,4.2298,16927,N/A,8.777,196.8055,44.58,1.5975,76.65,8.247,N/A,N/A,463770,N/A,1.6763,N/A,1.5971,N/A,8.1659,N/A,N/A,N/A,1261.05,N/A,N/A,2.0096,N/A,1.7622,N/A,6.4469,
1999-08-19,1.0517,117.02,N/A,0.5784,36.33,7.4362,15.6466,0.6556,253.13,4.2081,0.6224,0.4243,4.1686,16927,N/A,8.7485,196.8725,44.58,1.5997,76.65,8.2045,N/A,N/A,463770,N/A,1.655,N/A,1.5649,N/A,8.1659,N/A,N/A,N/A,1261.05,N/A,N/A,1.9828,N/A,1.7622,N/A,6.4469,
1999-08-18,1.0517,118.9,N/A,0.5784,36.224,7.4364,15.6466,0.6556,253.14,4.2077,0.6239,0.4246,4.1617,16922,N/A,8.742,197.3454,44.512,1.6016,76.92,8.2075,N/A,N/A,463183,N/A,1.6351,N/A,1.5604,N/A,8.1685,N/A,N/A,N/A,1265.21,N/A,N/A,1.9977,N/A,1.7634,N/A,6.4373,
1999-08-17,1.0527,120.34,N/A,0.57837,36.148,7.4363,15.6466,0.6584,252.96,4.2104,0.6248,0.4198,4.1675,16929,N/A,8.737,197.0359,44.59,1.6012,77.07,8.199,N/A,N/A,463144,N/A,1.6242,N/A,1.5575,N/A,8.1718,N/A,N/A,N/A,1268.91,N/A,N/A,2.0044,N/A,1.7702,N/A,6.4255,
1999-08-16,1.0553,121.28,N/A,0.57854,36.232,7.4355,15.6466,0.6585,253.13,4.2212,0.6256,0.4251,4.1752,16981,N/A,8.7675,197.1183,44.744,1.602,77.02,8.2205,N/A,N/A,462948,N/A,1.6184,N/A,1.5607,N/A,8.1919,N/A,N/A,N/A,1269.29,N/A,N/A,1.9881,N/A,1.7626,N/A,6.4538,
1999-08-13,1.0667,122.41,N/A,0.57887,36.345,7.4361,15.6466,0.6619,253.99,4.2696,0.6315,0.4254,4.1931,17117,N/A,8.7925,197.2632,44.826,1.6015,77.57,8.2595,N/A,N/A,465471,N/A,1.6383,N/A,1.5826,N/A,8.2845,N/A,N/A,N/A,1287.91,N/A,N/A,2.012,N/A,1.7861,N/A,6.4998,
1999-08-12,1.0638,123.25,N/A,0.5788,36.412,7.4355,15.6466,0.6614,253.68,4.2565,0.6311,0.4263,4.174,17085,N/A,8.7735,197.3525,44.754,1.6023,77.57,8.2265,N/A,N/A,463132,N/A,1.639,N/A,1.5816,N/A,8.2591,N/A,N/A,N/A,1282.06,N/A,N/A,2.0093,N/A,1.7832,N/A,6.5211,
1999-08-11,1.0668,122.92,N/A,0.57894,36.428,7.4392,15.6466,0.6623,253.68,4.2682,0.6315,0.4233,4.2042,17138,N/A,8.797,197.3691,44.759,1.6023,77.51,8.2385,N/A,N/A,463456,N/A,1.6453,N/A,1.5926,N/A,8.2797,N/A,N/A,N/A,1281.82,N/A,N/A,2.0185,N/A,1.7833,N/A,6.5587,
1999-08-10,1.0737,123.25,N/A,0.57917,36.372,7.4427,15.6466,0.6655,254.19,4.2988,0.6346,0.4264,4.238,17182,N/A,8.811,197.3235,44.758,1.6003,78,8.2745,N/A,N/A,464506,N/A,1.6476,N/A,1.6129,N/A,8.3392,N/A,N/A,N/A,1288.08,N/A,N/A,2.0294,N/A,1.7878,N/A,6.621,
1999-08-09,1.0705,123.37,N/A,0.57894,36.432,7.4426,15.6466,0.6665,253.97,4.2834,0.6338,0.4245,4.2334,17159,N/A,8.782,197.1719,44.748,1.5993,77.98,8.2635,N/A,N/A,463312,N/A,1.6449,N/A,1.6056,N/A,8.3096,N/A,N/A,N/A,1282.94,N/A,N/A,2.0303,N/A,1.7839,N/A,6.6019,
1999-08-06,1.074,123.13,N/A,0.57911,36.408,7.4439,15.6466,0.665,254.15,4.2982,0.6344,0.4277,4.2417,17222,N/A,8.796,196.5359,44.67,1.6019,78.05,8.3125,N/A,N/A,463791,N/A,1.6459,N/A,1.6108,N/A,8.3384,N/A,N/A,N/A,1289.52,N/A,N/A,2.0304,N/A,1.7898,N/A,6.6357,
1999-08-05,1.0791,123.37,N/A,0.57927,36.36,7.443,15.6466,0.667,254.47,4.3174,0.6361,0.4285,4.2757,17365,N/A,8.777,197.3229,44.662,1.5986,78.17,8.3095,N/A,N/A,463377,N/A,1.6449,N/A,1.6102,N/A,8.3762,N/A,N/A,N/A,1296.48,N/A,N/A,2.025,N/A,1.8085,N/A,6.6494,
1999-08-04,1.0761,123.39,N/A,0.57921,36.393,7.4415,15.6466,0.6627,253.88,4.3053,0.6346,0.4254,4.2265,17288,N/A,8.7555,197.2253,44.693,1.6002,77.94,8.303,N/A,N/A,462121,N/A,1.633,N/A,1.6114,N/A,8.3533,N/A,N/A,N/A,1291.8,N/A,N/A,2.005,N/A,1.8053,N/A,6.636,
1999-08-03,1.0645,122.69,N/A,0.57884,36.653,7.4428,15.6466,0.6588,253.27,4.2604,0.6311,0.4267,4.2217,17125,N/A,8.749,197.3589,44.685,1.5994,77.58,8.25,N/A,N/A,459094,N/A,1.6293,N/A,1.5944,N/A,8.2655,N/A,N/A,N/A,1275.64,N/A,N/A,2.0145,N/A,1.7926,N/A,6.6208,
1999-08-02,1.0665,121.88,N/A,0.57887,36.613,7.4425,15.6466,0.6591,253.32,4.2657,0.6299,0.4263,4.161,17119,N/A,8.7575,197.3975,44.852,1.5963,77.63,8.278,N/A,N/A,458871,N/A,1.6441,N/A,1.6093,N/A,8.2757,N/A,N/A,N/A,1279.38,N/A,N/A,2.0252,N/A,1.7906,N/A,6.615,
1999-07-30,1.0694,123.19,N/A,0.57901,36.664,7.4426,15.6466,0.6598,253.56,4.2793,0.6322,0.4266,4.1279,17167,N/A,8.7735,197.4824,44.717,1.5976,77.8,8.3345,N/A,N/A,459260,N/A,1.6405,N/A,1.6099,N/A,8.3019,N/A,N/A,N/A,1287.21,N/A,N/A,2.0168,N/A,1.8023,N/A,6.5779,
1999-07-29,1.068,123.18,N/A,0.57894,36.65,7.4438,15.6466,0.6665,253.34,4.2726,0.6325,0.4244,4.096,16986,N/A,8.788,197.4293,44.772,1.5979,78.12,8.3537,N/A,N/A,457371,N/A,1.6455,N/A,1.6114,N/A,8.288,N/A,N/A,N/A,1285.81,N/A,N/A,2.0242,N/A,1.8041,N/A,6.5447,
1999-07-28,1.0603,123.15,N/A,0.5783,36.805,7.4442,15.6466,0.6683,252.71,4.2442,0.6309,0.4279,4.0627,17014,N/A,8.814,197.2114,44.646,1.5986,77.78,8.3475,N/A,N/A,454441,N/A,1.6465,N/A,1.6042,N/A,8.232,N/A,N/A,N/A,1270.39,N/A,N/A,2.0279,N/A,1.7808,N/A,6.5303,
1999-07-27,1.0627,124.27,N/A,0.57874,36.695,7.4443,15.6466,0.668,252.82,4.2523,0.6325,0.4271,4.0547,16950,N/A,8.8055,197.0811,44.722,1.6,77.9,8.3275,N/A,N/A,455314,N/A,1.648,N/A,1.6038,N/A,8.2482,N/A,N/A,N/A,1279.08,N/A,N/A,2.0292,N/A,1.7939,N/A,6.5186,
1999-07-26,1.0698,123.8,N/A,0.5789,36.643,7.4425,15.6466,0.6731,253.61,4.2836,0.6352,0.4248,4.0698,17026,N/A,8.82,196.9844,44.749,1.6066,78.19,8.341,N/A,N/A,456536,N/A,1.6483,N/A,1.6203,N/A,8.3066,N/A,N/A,N/A,1293.7,N/A,N/A,2.0244,N/A,1.8011,N/A,6.5632,
1999-07-23,1.0496,121.96,N/A,0.5783,36.582,7.4418,15.6466,0.6634,251.79,4.1999,0.6274,0.4252,4.03,16746,N/A,8.775,197.0821,44.726,1.6053,77.49,8.239,N/A,N/A,451067,N/A,1.6175,N/A,1.582,N/A,8.1467,N/A,N/A,N/A,1268.4,N/A,N/A,1.978,N/A,1.7822,N/A,6.4199,
1999-07-22,1.0499,124.06,N/A,0.5783,36.753,7.4428,15.6466,0.6642,251.82,4.2006,0.6289,0.4181,4.0398,16692,N/A,8.7795,197.0015,45.02,1.6068,77.77,8.271,N/A,N/A,449820,N/A,1.6199,N/A,1.5776,N/A,8.1501,N/A,N/A,N/A,1268.93,N/A,N/A,1.9818,N/A,1.7861,N/A,6.385,
1999-07-21,1.0462,124.2,N/A,0.57817,36.733,7.4404,15.6466,0.6653,251.35,4.1867,0.6284,0.4186,4.0247,16687,N/A,8.764,197.1417,45.092,1.6059,77.67,8.263,N/A,N/A,448529,N/A,1.6235,N/A,1.5656,N/A,8.1195,N/A,N/A,N/A,1257.72,N/A,N/A,2.0023,N/A,1.7757,N/A,6.4027,
1999-07-20,1.041,123.09,N/A,0.57787,36.52,7.4389,15.6466,0.6618,250.92,4.1645,0.6256,0.4243,4.0035,16659,N/A,8.7175,197.0928,45.054,1.6038,77.28,8.15,N/A,N/A,446633,N/A,1.5963,N/A,1.5507,N/A,8.0739,N/A,N/A,N/A,1241.15,N/A,N/A,1.9891,N/A,1.7673,N/A,6.401,
1999-07-19,1.0146,121.6,N/A,0.57703,36.653,7.4381,15.6466,0.6511,249.01,4.0595,0.6161,0.4202,3.9545,16188,N/A,8.7135,197.0364,44.975,1.6067,76.47,8.0985,N/A,N/A,439847,N/A,1.5438,N/A,1.5123,N/A,7.8727,N/A,N/A,N/A,1204.78,N/A,N/A,1.94,N/A,1.7279,N/A,6.2459,
1999-07-16,1.0202,123.15,N/A,0.57723,36.723,7.4371,15.6466,0.6509,249.42,4.0834,0.6188,0.42,3.9717,16224,N/A,8.737,197.0507,45.009,1.6059,76.7,8.127,N/A,N/A,441042,N/A,1.5459,N/A,1.5136,N/A,7.9194,N/A,N/A,N/A,1207.94,N/A,N/A,1.947,N/A,1.7409,N/A,6.2627,
1999-07-15,1.0201,123.04,N/A,0.5773,36.753,7.4372,15.6466,0.6513,249.34,4.081,0.6182,0.42,3.9812,16245,N/A,8.7775,197.0859,44.951,1.6055,76.75,8.1685,N/A,N/A,439259,N/A,1.5435,N/A,1.5109,N/A,7.9153,N/A,N/A,N/A,1206.72,N/A,N/A,1.9514,N/A,1.7331,N/A,6.2762,
1999-07-14,1.0168,122.97,N/A,0.57717,36.683,7.4366,15.6466,0.6523,248.96,4.0738,0.6186,0.4173,3.9895,16057,N/A,8.75,197.0631,45.215,1.6043,76.8,8.142,N/A,N/A,437903,N/A,1.541,N/A,1.5116,N/A,7.9013,N/A,N/A,N/A,1196.9,N/A,N/A,1.946,N/A,1.7318,N/A,6.2465,
1999-07-13,1.0183,123.83,N/A,0.57707,36.482,7.4369,15.6466,0.6538,249.08,4.0738,0.6186,0.4173,3.999,16057,N/A,8.7315,196.9473,45.215,1.6031,76.8,8.1155,N/A,N/A,437903,N/A,1.5391,N/A,1.5097,N/A,7.9013,N/A,N/A,N/A,1196.9,N/A,N/A,1.946,N/A,1.7318,N/A,6.2465,
1999-07-12,1.0124,123.82,N/A,0.57703,36.273,7.4368,15.6466,0.6527,248.68,4.051,0.616,0.4233,3.9695,16181,N/A,8.717,196.2982,45.147,1.6072,76.68,8.1075,N/A,N/A,435983,N/A,1.5296,N/A,1.4967,N/A,7.8592,N/A,N/A,N/A,1198.3,N/A,N/A,1.9306,N/A,1.7206,N/A,6.2387,
1999-07-09,1.0204,124.66,N/A,0.5772,36.329,7.4366,15.6466,0.6577,249.18,4.0807,0.6193,0.4214,3.9852,16149,N/A,8.7075,196.4213,45.233,1.6065,76.87,8.1145,N/A,N/A,435786,N/A,1.5289,N/A,1.5003,N/A,7.9154,N/A,N/A,N/A,1210.8,N/A,N/A,1.9327,N/A,1.7334,N/A,6.2014,
1999-07-08,1.0182,124.72,N/A,0.57723,36.238,7.4358,15.6466,0.6544,248.35,4.0709,0.6183,0.4209,3.971,16154,N/A,8.6905,196.4521,45.384,1.6029,76.72,8.095,N/A,N/A,434979,N/A,1.5342,N/A,1.4967,N/A,7.8998,N/A,N/A,N/A,1201.87,N/A,N/A,1.9465,N/A,1.7286,N/A,6.1703,
1999-07-07,1.0222,124.77,N/A,0.5776,36.2,7.4355,15.6466,0.6563,249.06,4.088,0.6191,0.4216,3.9933,16211,N/A,8.695,196.6596,45.135,1.6034,76.66,8.0865,N/A,N/A,435555,N/A,1.5417,N/A,1.5018,N/A,7.9323,N/A,N/A,N/A,1198.08,N/A,N/A,1.9496,N/A,1.7334,N/A,6.1706,
1999-07-06,1.0221,124.87,N/A,0.5773,36.147,7.4352,15.6466,0.6514,248.97,4.0898,0.618,0.4212,4.0062,16243,N/A,8.7015,196.513,45.134,1.604,76.61,8.0645,N/A,N/A,435419,N/A,1.5274,N/A,1.4984,N/A,7.9323,N/A,N/A,N/A,1193.77,N/A,N/A,1.9244,N/A,1.7372,N/A,6.1494,
1999-07-05,1.0232,125.18,N/A,0.57737,36.188,7.4353,15.6466,0.6491,249.08,4.0934,0.6181,0.4206,4.0085,16200,N/A,8.7015,196.4825,45.169,1.6055,76.58,8.07,N/A,N/A,435258,N/A,1.537,N/A,1.4985,N/A,7.9408,N/A,N/A,N/A,1190.73,N/A,N/A,1.9327,N/A,1.737,N/A,6.1583,
1999-07-02,1.0241,123.93,N/A,0.57737,36.184,7.4353,15.6466,0.6498,249.12,4.0985,0.618,0.4216,4.0152,16274,N/A,8.7005,196.5249,45.184,1.606,76.62,8.081,N/A,N/A,433905,N/A,1.5347,N/A,1.5066,N/A,7.9507,N/A,N/A,N/A,1193.07,N/A,N/A,1.9242,N/A,1.7409,N/A,6.1892,
1999-07-01,1.0264,124.12,N/A,0.5778,36.171,7.4356,15.6466,0.6502,249.3,4.1057,0.6177,0.4212,4.0243,16238,N/A,8.7215,196.4807,45.109,1.6043,76.64,8.0855,N/A,N/A,433811,N/A,1.5336,N/A,1.5035,N/A,7.9614,N/A,N/A,N/A,1195.07,N/A,N/A,1.9164,N/A,1.7429,N/A,6.162,
1999-06-30,1.0328,124.82,N/A,0.5777,36.418,7.4341,15.6466,0.6563,249.64,4.1325,0.6212,0.4251,4.058,16388,N/A,8.747,196.1987,45.327,1.6034,77.03,8.1045,N/A,N/A,434931,N/A,1.5598,N/A,1.5262,N/A,8.0116,N/A,N/A,N/A,1195.47,N/A,N/A,1.9404,N/A,1.7558,N/A,6.2621,
1999-06-29,1.0364,125.3,N/A,0.5778,36.682,7.4343,15.6466,0.6544,249.87,4.1457,0.6223,0.4227,4.0723,16483,N/A,8.7485,196.0028,45.361,1.6012,76.87,8.121,N/A,N/A,435934,N/A,1.5775,N/A,1.5258,N/A,8.038,N/A,N/A,N/A,1199.03,N/A,N/A,1.9503,N/A,1.7658,N/A,6.2754,
1999-06-28,1.0388,125.96,N/A,0.5779,36.836,7.4327,15.6466,0.6564,249.99,4.1554,0.6233,0.4233,4.0865,16452,N/A,8.7545,195.1704,45.458,1.5995,77.14,8.1315,N/A,N/A,436183,N/A,1.5781,N/A,1.5242,N/A,8.059,N/A,N/A,N/A,1201.2,N/A,N/A,1.9428,N/A,1.7706,N/A,6.2967,
1999-06-25,1.0443,126.8,N/A,0.5792,36.97,7.4322,15.6466,0.6578,250.55,4.1781,0.6253,0.4238,4.0888,16437,N/A,8.7572,198.5302,45.454,1.5995,77.26,8.153,N/A,N/A,437144,N/A,1.5746,N/A,1.5353,N/A,8.1026,N/A,N/A,N/A,1206.17,N/A,N/A,1.9471,N/A,1.7775,N/A,6.3093,
1999-06-24,1.0321,126.05,N/A,0.57777,36.96,7.432,15.6466,0.6533,249.48,4.1319,0.6216,0.4204,4.0458,16186,N/A,8.7315,195.8343,45.3,1.5977,76.72,8.11,N/A,N/A,432335,N/A,1.5672,N/A,1.5165,N/A,8.0133,N/A,N/A,N/A,1195.35,N/A,N/A,1.9246,N/A,1.757,N/A,6.2271,
1999-06-23,1.028,125.55,N/A,0.57763,36.845,7.4319,15.6466,0.6511,248.57,4.12,0.6197,0.4218,4.0343,16208,N/A,8.7165,195.8314,45.293,1.597,76.7,8.106,N/A,N/A,431751,N/A,1.5689,N/A,1.5104,N/A,7.9907,N/A,N/A,N/A,1197.38,N/A,N/A,1.9328,N/A,1.7526,N/A,6.1853,
1999-06-22,1.0313,125.6,N/A,0.57777,36.833,7.4324,15.6466,0.6498,249.13,4.1252,0.6197,0.4215,4.0378,16205,N/A,8.6655,196.4035,45.4,1.5952,76.94,8.0895,N/A,N/A,431884,N/A,1.5847,N/A,1.5176,N/A,8.0028,N/A,N/A,N/A,1195.57,N/A,N/A,1.9519,N/A,1.7532,N/A,6.1784,
1999-06-21,1.0339,126.3,N/A,0.57773,36.853,7.4318,15.6466,0.6506,249.32,4.1374,0.6209,0.4238,4.0357,16410,N/A,8.7295,195.1589,45.477,1.5967,77.27,8.104,N/A,N/A,432131,N/A,1.5804,N/A,1.5119,N/A,8.0239,N/A,N/A,N/A,1205.71,N/A,N/A,1.9515,N/A,1.7677,N/A,6.2263,
1999-06-18,1.0388,124.52,N/A,0.5777,36.897,7.4312,15.6466,0.6506,249.55,4.1522,0.6205,0.4225,4.0673,16439,N/A,8.7485,195.987,45.441,1.5969,76.75,8.137,N/A,N/A,430864,N/A,1.5907,N/A,1.5215,N/A,8.0564,N/A,N/A,N/A,1208.06,N/A,N/A,1.9515,N/A,1.7709,N/A,6.1964,
1999-06-17,1.034,123.97,N/A,0.57777,37.013,7.4314,15.6466,0.6481,249.22,4.1349,0.6194,0.4216,4.0528,16363,N/A,8.7945,195.9441,45.4,1.5976,76.53,8.151,N/A,N/A,430201,N/A,1.569,N/A,1.5046,N/A,8.02,N/A,N/A,N/A,1206.26,N/A,N/A,1.9309,N/A,1.7598,N/A,6.2867,
1999-06-16,1.0345,124.4,N/A,0.5778,37.053,7.4302,15.6466,0.651,249.07,4.1354,0.6193,0.424,4.0627,16305,N/A,8.81,196.0248,45.147,1.5944,76.68,8.1685,N/A,N/A,429669,N/A,1.5754,N/A,1.5138,N/A,8.0221,N/A,N/A,N/A,1204.21,N/A,N/A,1.9501,N/A,1.7637,N/A,6.3409,
1999-06-15,1.0392,125.27,N/A,0.57797,37.053,7.4302,15.6466,0.6501,249.8,4.1564,0.6211,0.4229,4.0917,16372,N/A,8.863,196.0553,45.446,1.5941,77.45,8.189,N/A,N/A,430530,N/A,1.5735,N/A,1.5207,N/A,8.0626,N/A,N/A,N/A,1211.31,N/A,N/A,1.9427,N/A,1.7778,N/A,6.337,
1999-06-14,1.0437,125.42,N/A,0.57817,37.055,7.4302,15.6466,0.6473,249.87,4.1736,0.6221,0.4224,4.1132,16428,N/A,8.853,195.1662,45.652,1.5952,77.46,8.1805,N/A,N/A,431049,N/A,1.5765,N/A,1.5234,N/A,8.0951,N/A,N/A,N/A,1221.01,N/A,N/A,1.9457,N/A,1.788,N/A,6.3509,
1999-06-11,1.0474,124.09,N/A,0.57824,37.167,7.4304,15.6466,0.6506,249.83,4.1877,0.6219,0.4233,4.1195,16520,N/A,8.8785,195.0845,45.696,1.597,77.38,8.1965,N/A,N/A,430854,N/A,1.5796,N/A,1.5273,N/A,8.1243,N/A,N/A,N/A,1222.62,N/A,N/A,1.9419,N/A,1.7926,N/A,6.4077,
1999-06-10,1.0474,124.5,N/A,0.57813,37.293,7.4303,15.6466,0.6538,249.8,4.1912,0.6228,0.4236,4.1155,16538,N/A,8.902,194.9183,45.804,1.5947,77.55,8.2,N/A,N/A,430063,N/A,1.5834,N/A,1.5395,N/A,8.1256,N/A,N/A,N/A,1222.5,N/A,N/A,1.9572,N/A,1.7956,N/A,6.4263,
1999-06-09,1.0466,124.48,N/A,0.57817,37.287,7.4303,15.6466,0.6523,249.59,4.1875,0.6229,0.4234,4.142,16493,N/A,8.9285,195.1195,45.596,1.5914,77.54,8.212,N/A,N/A,429484,N/A,1.5777,N/A,1.5413,N/A,8.1194,N/A,N/A,N/A,1220.22,N/A,N/A,1.9568,N/A,1.7922,N/A,6.4012,
1999-06-08,1.0385,125.99,N/A,0.57787,37.338,7.4302,15.6466,0.6489,248.94,4.1559,0.6202,0.4224,4.135,16386,N/A,8.9035,195.0723,45.557,1.5909,77.31,8.1925,N/A,N/A,427046,N/A,1.5732,N/A,1.5242,N/A,8.0561,N/A,N/A,N/A,1223.47,N/A,N/A,1.9549,N/A,1.7786,N/A,6.3209,
1999-06-07,1.0316,124.7,N/A,0.5776,37.453,7.4305,15.6466,0.6414,248.55,4.1293,0.616,0.4204,4.1268,16275,N/A,8.8965,194.4338,45.786,1.5858,77.19,8.195,N/A,N/A,425319,N/A,1.5621,N/A,1.5148,N/A,8.005,N/A,N/A,N/A,1221.31,N/A,N/A,1.9209,N/A,1.7793,N/A,6.3295,
1999-06-04,1.0315,125.45,N/A,0.57767,37.486,7.4302,15.6466,0.6412,248.41,4.128,0.616,0.4202,4.1335,16250,N/A,8.9115,194.5196,45.696,1.5877,77.16,8.2275,N/A,N/A,424659,N/A,1.5837,N/A,1.5233,N/A,8.0018,N/A,N/A,N/A,1221.16,N/A,N/A,1.9444,N/A,1.7811,N/A,6.3747,
1999-06-03,1.0382,125.8,N/A,0.5778,37.534,7.4311,15.6466,0.6458,248.78,4.1542,0.619,0.4217,4.145,16321,N/A,8.934,194.4426,45.553,1.5928,77.44,8.241,N/A,N/A,425123,N/A,1.6082,N/A,1.5344,N/A,8.0522,N/A,N/A,N/A,1229.95,N/A,N/A,1.98,N/A,1.7922,N/A,6.4472,
1999-06-02,1.0382,125.71,N/A,0.57777,37.477,7.4317,15.6466,0.6443,248.62,4.1534,0.6182,0.4216,4.1445,16250,N/A,8.983,194.4039,45.405,1.5912,77.46,8.2415,N/A,N/A,424418,N/A,1.6075,N/A,1.54,N/A,8.048,N/A,N/A,N/A,1231.11,N/A,N/A,1.9689,N/A,1.7907,N/A,6.4332,
1999-06-01,1.0434,126.35,N/A,0.57803,37.563,7.4313,15.6466,0.6505,249.2,4.175,0.6201,0.4167,4.1575,16301,N/A,8.9675,194.3397,45.178,1.5928,77.79,8.2355,N/A,N/A,425272,N/A,1.6187,N/A,1.5405,N/A,8.0924,N/A,N/A,N/A,1238.67,N/A,N/A,1.9661,N/A,1.798,N/A,6.4821,
1999-05-31,1.0456,127.18,N/A,0.5785,37.553,7.4318,15.6466,0.6524,249.64,4.184,0.6215,0.4233,4.1518,16327,N/A,8.968,193.8187,45.5,1.5943,77.89,8.2375,N/A,N/A,425048,N/A,1.6074,N/A,1.5411,N/A,8.1078,N/A,N/A,N/A,1240.33,N/A,N/A,1.9531,N/A,1.8056,N/A,6.4984,
1999-05-28,1.0479,126.7,N/A,0.57824,37.585,7.432,15.6466,0.6546,250.12,4.1927,0.6221,0.4178,4.1753,16364,N/A,8.995,194.0626,45.707,1.5941,77.98,8.2445,N/A,N/A,423800,N/A,1.6046,N/A,1.5463,N/A,8.1248,N/A,N/A,N/A,1242.42,N/A,N/A,1.9557,N/A,1.8076,N/A,6.5545,
1999-05-27,1.0473,128.05,N/A,0.57803,37.8,7.4322,15.6466,0.6551,249.93,4.1912,0.624,0.4238,4.1667,16322,N/A,8.978,194.8187,46.468,1.5939,78.1,8.2505,N/A,N/A,423843,N/A,1.6057,N/A,1.5374,N/A,8.1219,N/A,N/A,N/A,1244.78,N/A,N/A,1.9543,N/A,1.8136,N/A,6.5535,
1999-05-26,1.0535,128.77,N/A,0.5785,37.867,7.4334,15.6466,0.658,250.43,4.2156,0.627,0.4249,4.1753,16366,N/A,8.987,192.9391,46.448,1.5949,78.09,8.238,N/A,N/A,424740,N/A,1.6205,N/A,1.5446,N/A,8.1688,N/A,N/A,N/A,1254.72,N/A,N/A,1.9717,N/A,1.8247,N/A,6.6004,
1999-05-25,1.0627,130.41,N/A,0.57874,37.916,7.4349,15.6466,0.6634,250.97,4.2524,0.6318,0.4265,4.1903,16480,N/A,8.9895,193.7776,46.654,1.5964,78.37,8.2565,N/A,N/A,426353,N/A,1.6134,N/A,1.5481,N/A,8.2392,N/A,N/A,N/A,1260.83,N/A,N/A,1.9494,N/A,1.8314,N/A,6.6299,
1999-05-24,1.0585,130.86,N/A,0.5786,37.807,7.4355,15.6466,0.6617,250.28,4.236,0.6291,0.4259,4.1636,16417,N/A,8.9754,193.9225,46.805,1.6023,78.21,8.2435,N/A,N/A,425109,N/A,1.6103,N/A,1.5458,N/A,8.2083,N/A,N/A,N/A,1258.88,N/A,N/A,1.9454,N/A,1.8223,N/A,6.5812,
1999-05-21,1.0572,131.25,N/A,0.57867,37.827,7.4351,15.6466,0.6583,250.09,4.23,0.6281,0.4253,4.1667,16410,N/A,8.962,193.8528,46.953,1.6034,78.06,8.2255,N/A,N/A,423686,N/A,1.5906,N/A,1.5442,N/A,8.1967,N/A,N/A,N/A,1261.38,N/A,N/A,1.9285,N/A,1.819,N/A,6.5467,
1999-05-20,1.0639,132.16,N/A,0.5788,37.911,7.4357,15.6466,0.6591,250.05,4.2578,0.6316,0.421,4.1819,16469,N/A,8.9965,193.8818,47.036,1.602,78.33,8.26,N/A,N/A,424443,N/A,1.6083,N/A,1.5593,N/A,8.2498,N/A,N/A,N/A,1275.34,N/A,N/A,1.9372,N/A,1.832,N/A,6.6175,
1999-05-19,1.0634,132.4,N/A,0.57877,37.71,7.4346,15.6466,0.6569,249.73,4.2536,0.6298,0.4264,4.1685,16451,N/A,9.028,193.2535,47.484,1.6017,78.17,8.2643,N/A,N/A,423319,N/A,1.6051,N/A,1.5598,N/A,8.2433,N/A,N/A,N/A,1275.34,N/A,N/A,1.9268,N/A,1.831,N/A,6.5798,
1999-05-18,1.069,131.62,N/A,0.57897,37.67,7.4338,15.6466,0.6592,250.28,4.2777,0.6314,0.4264,4.1885,16575,N/A,9.003,193.8041,46.823,1.6023,78.4,8.2115,N/A,N/A,424768,N/A,1.5896,N/A,1.5585,N/A,8.2883,N/A,N/A,N/A,1283.34,N/A,N/A,1.9032,N/A,1.8296,N/A,6.5927,
1999-05-17,1.0685,131.47,N/A,0.5789,37.629,7.4344,15.6466,0.6598,250.46,4.2764,0.6312,0.4265,4.1917,16295,N/A,8.9775,193.761,46.196,1.6023,78.39,8.2007,N/A,N/A,424023,N/A,1.6117,N/A,1.5683,N/A,8.2846,N/A,N/A,N/A,1289.65,N/A,N/A,1.9175,N/A,1.8296,N/A,6.6434,
1999-05-14,1.0676,130.78,N/A,0.5789,37.627,7.433,15.6466,0.6601,250.27,4.2716,0.6305,0.4244,4.1937,15985,N/A,8.949,193.7893,45.686,1.602,78.57,8.1825,N/A,N/A,421491,N/A,1.6051,N/A,1.5561,N/A,8.2729,N/A,N/A,N/A,1289.01,N/A,N/A,1.9103,N/A,1.8274,N/A,6.5904,
1999-05-13,1.0622,129.2,N/A,0.57884,37.745,7.433,15.6466,0.656,249.99,4.2504,0.627,0.4263,4.1977,15954,N/A,8.9634,193.8105,45.444,1.6013,78.6,8.219,N/A,N/A,420446,N/A,1.5891,N/A,1.554,N/A,8.2324,N/A,N/A,N/A,1281.02,N/A,N/A,1.8992,N/A,1.8107,N/A,6.6398,
1999-05-12,1.0645,128.88,N/A,0.57884,37.667,7.4329,15.6466,0.6577,250.06,4.2594,0.6289,0.4267,4.1717,15917,N/A,8.944,194.0852,45.481,1.6052,78.63,8.1982,N/A,N/A,420644,N/A,1.5961,N/A,1.5495,N/A,8.2498,N/A,N/A,N/A,1283.2,N/A,N/A,1.9004,N/A,1.8089,N/A,6.6046,
1999-05-11,1.0732,129.97,N/A,0.57917,37.558,7.4327,15.6466,0.6619,249.78,4.2966,0.6338,0.4279,4.1851,16083,N/A,8.942,193.7923,45.193,1.6082,79.05,8.2215,N/A,N/A,421984,N/A,1.597,N/A,1.5618,N/A,8.323,N/A,N/A,N/A,1286.89,N/A,N/A,1.9125,N/A,1.8238,N/A,6.6361,
1999-05-10,1.0735,129.82,N/A,0.57911,37.69,7.4323,15.6466,0.6604,250.48,4.2954,0.6336,0.427,4.1918,16070,N/A,8.9445,193.6241,45.156,1.6075,78.95,8.211,N/A,N/A,421600,N/A,1.6012,N/A,1.5662,N/A,8.321,N/A,N/A,N/A,1289.16,N/A,N/A,1.9183,N/A,1.824,N/A,6.594,
1999-05-07,1.0786,130.13,N/A,0.57931,37.69,7.4332,15.6466,0.661,251.55,4.3157,0.6361,0.4276,4.2063,16147,N/A,8.9575,193.7554,45.05,1.6078,79.03,8.2585,N/A,N/A,420677,N/A,1.6122,N/A,1.5725,N/A,8.3593,N/A,N/A,N/A,1296.9,N/A,N/A,1.9233,N/A,1.8318,N/A,6.6226,
1999-05-06,1.0799,130.6,N/A,0.57937,37.529,7.4323,15.6466,0.6601,250.6,4.3209,0.6364,0.4277,4.2002,16140,N/A,9.005,193.7113,44.922,1.608,79.03,8.2685,N/A,N/A,421187,N/A,1.6107,N/A,1.563,N/A,8.3697,N/A,N/A,N/A,1298.46,N/A,N/A,1.9144,N/A,1.8373,N/A,6.5728,
1999-05-05,1.0667,128.78,N/A,0.5788,37.547,7.4322,15.6466,0.6552,250.19,4.2678,0.6309,0.4256,4.1765,15934,N/A,8.9845,193.6989,44.95,1.6041,78.59,8.2565,N/A,N/A,417261,N/A,1.6194,N/A,1.5535,N/A,8.2654,N/A,N/A,N/A,1276.93,N/A,N/A,1.9171,N/A,1.8119,N/A,6.4989,
1999-05-04,1.0564,128.04,N/A,0.57854,37.543,7.432,15.6466,0.6553,249.5,4.2271,0.6271,0.4257,4.1708,15801,N/A,8.9485,193.5,45.02,1.6098,78.31,8.2385,N/A,N/A,414829,N/A,1.5996,N/A,1.5343,N/A,8.1877,N/A,N/A,N/A,1264.19,N/A,N/A,1.8933,N/A,1.8006,N/A,6.4196,
1999-05-03,1.0589,126.93,N/A,0.57867,37.507,7.432,15.6466,0.6571,250.02,4.2367,0.6279,0.4253,4.1763,15806,N/A,8.9185,193.505,44.896,1.6111,78.18,8.2445,N/A,N/A,415285,N/A,1.5987,N/A,1.5415,N/A,8.2073,N/A,N/A,N/A,1260.36,N/A,N/A,1.8916,N/A,1.8015,N/A,6.4308,
1999-04-30,1.0597,126.9,N/A,0.57864,37.643,7.4323,15.6466,0.6571,250.52,4.2383,0.6273,0.4253,4.1883,15832,N/A,8.9075,193.2883,44.951,1.6113,77.93,8.2515,N/A,N/A,413470,N/A,1.6078,N/A,1.5519,N/A,8.2125,N/A,N/A,N/A,1258.45,N/A,N/A,1.8962,N/A,1.8017,N/A,6.4682,
1999-04-29,1.0604,126.16,N/A,0.5787,37.692,7.433,15.6466,0.6584,250.58,4.2425,0.6267,0.4255,4.2247,15893,N/A,8.911,193.1168,44.964,1.6072,77.89,8.2695,N/A,N/A,413086,N/A,1.6123,N/A,1.5607,N/A,8.2183,N/A,N/A,N/A,1246.97,N/A,N/A,1.9063,N/A,1.7997,N/A,6.4287,
1999-04-28,1.0666,127.05,N/A,0.5789,37.807,7.4336,15.6466,0.6583,251.27,4.2669,0.6308,0.427,4.2522,15862,N/A,8.913,193.0616,44.927,1.6088,77.94,8.296,N/A,N/A,414253,N/A,1.6324,N/A,1.5725,N/A,8.2646,N/A,N/A,N/A,1257.17,N/A,N/A,1.9368,N/A,1.809,N/A,6.4722,
1999-04-27,1.063,127.34,N/A,0.5788,37.683,7.4346,15.6466,0.6587,250.74,4.2534,0.6285,0.4259,4.2457,15780,N/A,8.903,193.3027,44.818,1.6047,77.99,8.2765,N/A,N/A,413557,N/A,1.6429,N/A,1.5744,N/A,8.2419,N/A,N/A,N/A,1254.58,N/A,N/A,1.9423,N/A,1.808,N/A,6.4463,
1999-04-26,1.0614,126.22,N/A,0.5787,37.71,7.4335,15.6466,0.6569,250.7,4.2461,0.6268,0.4256,4.2377,15703,N/A,8.8945,192.9845,44.799,1.6027,77.87,8.2668,N/A,N/A,412184,N/A,1.6349,N/A,1.5692,N/A,8.223,N/A,N/A,N/A,1257.41,N/A,N/A,1.9358,N/A,1.8046,N/A,6.448,
1999-04-23,1.0634,127.25,N/A,0.57877,37.839,7.4335,15.6466,0.6583,251.6,4.2541,0.6281,0.4258,4.2608,15735,N/A,8.8945,192.305,44.914,1.6023,77.92,8.2765,N/A,N/A,411957,N/A,1.6257,N/A,1.5725,N/A,8.2404,N/A,N/A,N/A,1265.27,N/A,N/A,1.9305,N/A,1.8187,N/A,6.4962,
1999-04-22,1.0581,126.95,N/A,0.57874,37.882,7.4327,15.6466,0.6585,249.49,4.2347,0.6252,0.4253,4.2641,15710,N/A,8.909,191.7849,45.03,1.601,77.79,8.2645,N/A,N/A,409072,N/A,1.6366,N/A,1.573,N/A,8.202,N/A,N/A,N/A,1262.67,N/A,N/A,1.9392,N/A,1.8093,N/A,6.4359,
1999-04-21,1.0586,126.26,N/A,0.57864,37.797,7.4326,15.6466,0.6593,250.21,4.2351,0.6251,0.4255,4.2522,15649,N/A,8.905,192.7372,44.921,1.6,77.7,8.256,N/A,N/A,408810,N/A,1.6349,N/A,1.5775,N/A,8.202,N/A,N/A,N/A,1257.83,N/A,N/A,1.9358,N/A,1.8118,N/A,6.4389,
1999-04-20,1.0646,125.48,N/A,0.57884,37.832,7.4328,15.6466,0.6589,251.27,4.2546,0.6269,0.4267,4.2675,15846,N/A,8.899,192.591,45.003,1.604,77.78,8.2755,N/A,N/A,408831,N/A,1.6374,N/A,1.5825,N/A,8.2394,N/A,N/A,N/A,1284.18,N/A,N/A,1.9332,N/A,1.8133,N/A,6.4608,
1999-04-19,1.0636,125.67,N/A,0.57884,37.745,7.433,15.6466,0.6586,251.52,4.2546,0.6269,0.4267,4.2657,15846,N/A,8.883,192.6903,45.003,1.6015,77.78,8.2685,N/A,N/A,408831,N/A,1.6325,N/A,1.5759,N/A,8.2394,N/A,N/A,N/A,1284.18,N/A,N/A,1.9338,N/A,1.8133,N/A,6.4608,
1999-04-16,1.0668,126.16,N/A,0.57897,37.922,7.4332,15.6466,0.6633,252.68,4.2696,0.6297,0.4278,4.2838,15897,N/A,8.8825,192.346,44.91,1.6027,77.97,8.2875,N/A,N/A,407640,N/A,1.6535,N/A,1.5851,N/A,8.271,N/A,N/A,N/A,1297.96,N/A,N/A,1.9638,N/A,1.821,N/A,6.5391,
1999-04-15,1.0786,128.01,N/A,0.57931,37.71,7.4333,15.6466,0.6682,253.65,4.3132,0.6356,0.4295,4.2861,16125,N/A,8.929,192.7021,44.878,1.6035,78.45,8.345,N/A,N/A,409291,N/A,1.6981,N/A,1.6114,N/A,8.3577,N/A,N/A,N/A,1310.26,N/A,N/A,1.9963,N/A,1.8238,N/A,6.5687,
1999-04-14,1.0787,128.55,N/A,0.5793,38,7.4331,15.6466,0.6667,253.67,4.3143,0.6361,0.4292,4.2905,16073,N/A,8.938,193.4368,44.892,1.6052,78.57,8.341,N/A,N/A,409524,N/A,1.6886,N/A,1.6103,N/A,8.3612,N/A,N/A,N/A,1311.08,N/A,N/A,1.9836,N/A,1.8282,N/A,6.5774,
1999-04-13,1.0765,129.66,N/A,0.5793,38.155,7.4334,15.6466,0.6671,253.69,4.305,0.6369,0.4324,4.3023,15920,N/A,8.9575,192.5428,44.852,1.6032,78.71,8.3645,N/A,N/A,408367,N/A,1.692,N/A,1.6049,N/A,8.343,N/A,N/A,N/A,1315.05,N/A,N/A,1.9875,N/A,1.8486,N/A,6.6971,
1999-04-12,1.0867,130.27,N/A,0.58051,38.132,7.4336,15.6466,0.6723,254.82,4.3495,0.6407,0.4309,4.3078,15521,N/A,9.02,191.4368,44.901,1.603,79.08,8.4048,N/A,N/A,409852,N/A,1.7106,N/A,1.6281,N/A,8.4257,N/A,N/A,N/A,1329.35,N/A,N/A,2.0041,N/A,1.872,N/A,6.7059,
1999-04-09,1.0778,130.75,N/A,0.58043,38.036,7.4323,15.6466,0.6724,253.33,4.3098,0.637,0.43,4.2918,15386,N/A,8.944,190.9803,44.745,1.5968,78.74,8.412,N/A,N/A,405940,N/A,1.7162,N/A,1.6202,N/A,8.3495,N/A,N/A,N/A,1317.96,N/A,N/A,2.0212,N/A,1.8685,N/A,6.6692,
1999-04-08,1.0818,130.45,N/A,0.57934,38.063,7.4322,15.6466,0.6731,253.53,4.3279,0.6378,0.4296,4.2928,15713,N/A,8.964,190.9732,44.788,1.5958,78.94,8.4105,N/A,N/A,406605,N/A,1.7324,N/A,1.6215,N/A,8.3819,N/A,N/A,N/A,1323.17,N/A,N/A,2.0382,N/A,1.8717,N/A,6.7423,
1999-04-07,1.0812,131.27,N/A,0.57927,38.199,7.4313,15.6466,0.6772,254.12,4.3237,0.637,0.4301,4.3055,15677,N/A,8.929,190.7747,44.918,1.5952,78.96,8.3685,N/A,N/A,406178,N/A,1.7213,N/A,1.6246,N/A,8.3786,N/A,N/A,N/A,1321.59,N/A,N/A,2.0341,N/A,1.8765,N/A,6.6764,
1999-04-06,1.0726,129.99,N/A,0.57911,38.352,7.4312,15.6466,0.6759,253.16,4.2888,0.634,0.4305,4.3143,15902,N/A,8.8705,190.8181,44.894,1.595,78.38,8.3345,N/A,N/A,403131,N/A,1.7063,N/A,1.614,N/A,8.3165,N/A,N/A,N/A,1312.91,N/A,N/A,2.0263,N/A,1.8603,N/A,6.6689,
1999-04-05,1.0752,130.55,N/A,0.5794,38.487,7.4308,15.6466,0.6702,253.3,4.3018,0.635,0.4286,4.3293,15988,N/A,8.8846,190.19,44.983,1.5968,78.28,8.3505,N/A,N/A,403671,N/A,1.6956,N/A,1.6096,N/A,8.3338,N/A,N/A,N/A,1318.8,N/A,N/A,2.0148,N/A,1.864,N/A,6.634,
1999-04-02,1.0772,129.85,N/A,0.58036,38.442,7.4317,15.6466,0.672,253.97,4.3102,0.6365,0.4291,4.35,15937,N/A,8.8811,190.4556,44.982,1.5973,78.33,8.346,N/A,N/A,403010,N/A,1.6992,N/A,1.6162,N/A,8.3492,N/A,N/A,N/A,1319.65,N/A,N/A,2.0204,N/A,1.8655,N/A,6.6412,
1999-04-01,1.0772,128.72,N/A,0.58036,38.482,7.4316,15.6466,0.669,254.41,4.3202,0.6361,0.4279,4.338,15953,N/A,8.889,190.5994,44.991,1.5957,78.31,8.3425,N/A,N/A,403086,N/A,1.6928,N/A,1.6205,N/A,8.3687,N/A,N/A,N/A,1321.62,N/A,N/A,2.0108,N/A,1.8671,N/A,6.6501,
1999-03-31,1.0742,127.81,N/A,0.57907,38.393,7.4317,15.6466,0.6663,254.82,4.2983,0.6336,0.4288,4.2947,16059,N/A,8.887,191.1308,44.962,1.5981,78.1,8.3475,N/A,N/A,400814,N/A,1.706,N/A,1.6211,N/A,8.3226,N/A,N/A,N/A,1317.86,N/A,N/A,2.0243,N/A,1.8544,N/A,6.6493,
1999-03-30,1.0711,128.86,N/A,0.57904,38.44,7.4317,15.6466,0.6638,254.89,4.289,0.6334,0.4273,4.258,16420,N/A,8.9525,190.5175,44.9,1.5956,77.98,8.3585,N/A,N/A,400396,N/A,1.7003,N/A,1.6223,N/A,8.3049,N/A,N/A,N/A,1312.52,N/A,N/A,2.0107,N/A,1.8577,N/A,6.6655,
1999-03-29,1.0692,128.78,N/A,0.57917,38.54,7.4316,15.6466,0.6615,253.96,4.2784,0.6321,0.4268,4.2757,16038,N/A,8.955,189.6164,44.979,1.5943,77.89,8.3635,N/A,N/A,399809,N/A,1.6904,N/A,1.6185,N/A,8.2848,N/A,N/A,N/A,1309.82,N/A,N/A,2.0073,N/A,1.8537,N/A,6.6798,
1999-03-26,1.0815,128.93,N/A,0.57934,38.355,7.4318,15.6466,0.665,253.9,4.3246,0.6357,0.4294,4.2763,15952,N/A,8.95,190.5581,44.752,1.5965,78.22,8.376,N/A,N/A,399139,N/A,1.6998,N/A,1.6281,N/A,8.3737,N/A,N/A,N/A,1321.26,N/A,N/A,2.0138,N/A,1.8714,N/A,6.708,
1999-03-25,1.0898,128.65,N/A,0.57971,38.457,7.4315,15.6466,0.6668,255.25,4.3586,0.6383,0.4306,4.3165,15873,N/A,9.007,190.8219,44.714,1.5944,78.48,8.4635,N/A,N/A,400718,N/A,1.7102,N/A,1.6471,N/A,8.4371,N/A,N/A,N/A,1332.39,N/A,N/A,2.0329,N/A,1.8808,N/A,6.7808,
1999-03-24,1.0928,128.6,N/A,0.57971,38.583,7.4314,15.6466,0.6653,256.11,4.3725,0.6396,0.4295,4.3521,15846,N/A,8.9695,190.8219,44.704,1.5908,78.61,8.448,N/A,N/A,400908,N/A,1.7094,N/A,1.647,N/A,8.4693,N/A,N/A,N/A,1336.78,N/A,N/A,2.0301,N/A,1.885,N/A,6.7918,
1999-03-23,1.0896,128.94,N/A,0.57964,38.303,7.4315,15.6466,0.6706,254.12,4.3578,0.6389,0.4295,4.2888,16242,N/A,8.932,190.5601,44.7,1.5945,78.52,8.4435,N/A,N/A,399861,N/A,1.7044,N/A,1.6415,N/A,8.4419,N/A,N/A,N/A,1334.85,N/A,N/A,2.0221,N/A,1.8883,N/A,6.752,
1999-03-22,1.0864,128,N/A,0.57954,38.142,7.4317,15.6466,0.6677,253.25,4.3456,0.6384,0.4293,4.2805,16187,N/A,8.9325,190.4427,44.702,1.5966,78.31,8.4445,N/A,N/A,398510,N/A,1.7174,N/A,1.6426,N/A,8.4195,N/A,N/A,N/A,1328.46,N/A,N/A,2.0381,N/A,1.8765,N/A,6.7055,
1999-03-19,1.0915,127.99,N/A,0.57974,37.947,7.4315,15.6466,0.6708,253.64,4.3663,0.6427,0.4302,4.2627,16209,N/A,8.937,190.3779,44.62,1.5986,78.48,8.4515,N/A,N/A,399184,N/A,1.7316,N/A,1.6543,N/A,8.459,N/A,N/A,N/A,1326.42,N/A,N/A,2.0521,N/A,1.8818,N/A,6.791,
1999-03-18,1.1012,129.78,N/A,0.57998,37.99,7.4321,15.6466,0.676,254.6,4.4035,0.6471,0.4318,4.31,17891,N/A,8.938,190.5117,44.648,1.5975,78.82,8.479,N/A,N/A,399131,N/A,1.7458,N/A,1.6728,N/A,8.5329,N/A,N/A,N/A,1348.73,N/A,N/A,2.0721,N/A,1.8981,N/A,6.8702,
1999-03-17,1.0966,130.18,N/A,0.57984,37.96,7.4317,15.6466,0.6744,253.81,4.3864,0.6445,0.4312,4.307,17825,N/A,8.978,189.9264,44.546,1.5987,78.77,8.54,N/A,N/A,398135,N/A,1.7502,N/A,1.6685,N/A,8.4973,N/A,N/A,N/A,1345.41,N/A,N/A,2.0842,N/A,1.8918,N/A,6.8592,
1999-03-16,1.0901,128.65,N/A,0.57951,38.05,7.4322,15.6466,0.6703,253.66,4.3562,0.6395,0.4329,4.3107,15931,N/A,8.969,190.393,44.25,1.5995,78.45,8.5515,N/A,N/A,396161,N/A,1.7365,N/A,1.6658,N/A,8.4414,N/A,N/A,N/A,1335.97,N/A,N/A,2.0613,N/A,1.8773,N/A,6.8185,
1999-03-15,1.0949,128.85,N/A,0.57978,37.85,7.4325,15.6466,0.6739,253.46,4.3791,0.6397,0.4302,4.3103,15212,N/A,8.8785,190.8855,44.658,1.601,78.65,8.5275,N/A,N/A,396700,N/A,1.7325,N/A,1.6712,N/A,8.4867,N/A,N/A,N/A,1347.46,N/A,N/A,2.0483,N/A,1.8767,N/A,6.8106,
1999-03-12,1.0932,130.8,N/A,0.57971,37.99,7.4327,15.6466,0.6686,253.34,4.3737,0.6394,0.4301,4.2995,14818,N/A,8.8615,190.3535,44.854,1.5975,78.59,8.5285,N/A,N/A,395735,N/A,1.7247,N/A,1.6658,N/A,8.4693,N/A,N/A,N/A,1348.53,N/A,N/A,2.0522,N/A,1.8949,N/A,6.7314,
1999-03-11,1.0891,131,N/A,0.57964,37.833,7.4327,15.6466,0.6694,252.87,4.3582,0.6393,0.4322,4.305,14951,N/A,8.831,190.139,44.47,1.5972,78.35,8.501,N/A,N/A,393263,N/A,1.7144,N/A,1.6586,N/A,8.4418,N/A,N/A,N/A,1339.97,N/A,N/A,2.0368,N/A,1.8912,N/A,6.7279,
1999-03-10,1.0953,131.74,N/A,0.57981,37.94,7.433,15.6466,0.6746,252.83,4.3809,0.6416,0.4318,4.3142,14830,N/A,8.8925,191.3634,44.38,1.6014,78.76,8.5435,N/A,N/A,393857,N/A,1.7237,N/A,1.6607,N/A,8.4851,N/A,N/A,N/A,1350.15,N/A,N/A,2.0461,N/A,1.895,N/A,6.7498,
1999-03-09,1.0863,132.45,N/A,0.57954,37.967,7.4329,15.6466,0.6754,250.34,4.3476,0.6387,0.4311,4.2702,14573,N/A,8.938,189.8259,44.554,1.5931,78.69,8.5605,N/A,N/A,391883,N/A,1.7125,N/A,1.6447,N/A,8.4209,N/A,N/A,N/A,1342.52,N/A,N/A,2.0354,N/A,1.8817,N/A,6.678,
1999-03-08,1.0908,132.77,N/A,0.57968,37.603,7.4322,15.6466,0.6776,250.51,4.3572,0.6389,0.4282,4.2568,14160,N/A,8.948,190.2453,43.94,1.5933,78.8,8.5785,N/A,N/A,391539,N/A,1.7348,N/A,1.6527,N/A,8.449,N/A,N/A,N/A,1349.46,N/A,N/A,2.0413,N/A,1.8821,N/A,6.7119,
1999-03-05,1.0834,133.19,N/A,0.57944,37.283,7.4324,15.6466,0.6737,253.16,4.3347,0.6372,0.4311,4.249,14506,N/A,8.9355,190.5755,43.874,1.5912,78.77,8.58,N/A,N/A,389948,N/A,1.7329,N/A,1.6489,N/A,8.3959,N/A,N/A,N/A,1345.31,N/A,N/A,2.0498,N/A,1.8727,N/A,6.7342,
1999-03-04,1.0866,133.92,N/A,0.57951,37.518,7.4344,15.6466,0.6759,254.62,4.3455,0.6383,0.4305,4.3093,14559,N/A,8.96,190.33,43.57,1.5883,78.96,8.6155,N/A,N/A,388976,N/A,1.7494,N/A,1.6609,N/A,8.4176,N/A,N/A,N/A,1346.04,N/A,N/A,2.067,N/A,1.8855,N/A,6.7798,
1999-03-03,1.0899,132.18,N/A,0.57968,37.551,7.4345,15.6466,0.6723,254.02,4.3598,0.6373,0.4299,4.337,14316,N/A,8.99,190.22,43.646,1.5926,78.87,8.6475,N/A,N/A,389288,N/A,1.7454,N/A,1.6615,N/A,8.4416,N/A,N/A,N/A,1339.26,N/A,N/A,2.0567,N/A,1.8907,N/A,6.7883,
1999-03-02,1.0887,131.37,N/A,0.57954,37.583,7.4345,15.6466,0.6764,252.14,4.3568,0.6372,0.4306,4.321,14117,N/A,8.985,190.2429,43.728,1.5912,78.93,8.652,N/A,N/A,388646,N/A,1.7492,N/A,1.6605,N/A,8.4354,N/A,N/A,N/A,1333.01,N/A,N/A,2.06,N/A,1.8879,N/A,6.7916,
1999-03-01,1.0986,131.13,N/A,0.57991,37.57,7.4347,15.6466,0.6829,254.53,4.3975,0.6413,0.4324,4.3074,14079,N/A,9.0005,190.3652,43.843,1.593,79.16,8.6475,N/A,N/A,390183,N/A,1.7766,N/A,1.6579,N/A,8.5139,N/A,N/A,N/A,1340.17,N/A,N/A,2.0936,N/A,1.8943,N/A,6.7716,
1999-02-26,1.1018,131.33,N/A,0.58001,37.908,7.4344,15.6466,0.6873,253.91,4.4108,0.6432,0.4331,4.3482,14075,N/A,9.0025,190.4698,43.958,1.589,79.55,8.6965,N/A,N/A,388147,N/A,1.7819,N/A,1.6684,N/A,8.5382,N/A,N/A,N/A,1348.55,N/A,N/A,2.1071,N/A,1.8965,N/A,6.8064,
1999-02-25,1.1031,132.87,N/A,0.58001,37.994,7.4346,15.6466,0.6888,252.56,4.416,0.6451,0.4339,4.3051,14169,N/A,8.974,190.2926,43.92,1.5905,79.49,8.6965,N/A,N/A,388487,N/A,1.7566,N/A,1.6543,N/A,8.5466,N/A,N/A,N/A,1350.69,N/A,N/A,2.0902,N/A,1.9063,N/A,6.8254,
1999-02-24,1.1037,133.86,N/A,0.57991,37.992,7.4345,15.6466,0.6883,252.23,4.4158,0.6441,0.4311,4.2813,14068,N/A,8.9115,190.3167,43.96,1.594,79.54,8.654,N/A,N/A,388056,N/A,1.7465,N/A,1.6582,N/A,8.5495,N/A,N/A,N/A,1343.45,N/A,N/A,2.0768,N/A,1.9046,N/A,6.7871,
1999-02-23,1.0969,133.14,N/A,0.57988,37.847,7.4344,15.6466,0.6796,249.9,4.3804,0.6387,0.4334,4.2408,13798,N/A,8.9085,190.0579,43.846,1.5954,79.36,8.6745,N/A,N/A,385700,N/A,1.7145,N/A,1.6423,N/A,8.482,N/A,N/A,N/A,1326.17,N/A,N/A,2.039,N/A,1.8853,N/A,6.8315,
1999-02-22,1.0992,133.61,N/A,0.58,37.873,7.4345,15.6466,0.6789,250.12,4.3997,0.6397,0.4319,4.2608,13680,N/A,8.9075,189.4169,43.888,1.5986,79.57,8.6885,N/A,N/A,386147,N/A,1.7237,N/A,1.6351,N/A,8.5185,N/A,N/A,N/A,1337.48,N/A,N/A,2.0397,N/A,1.8845,N/A,6.851,
1999-02-19,1.1163,133.97,N/A,0.58048,37.773,7.4346,15.6466,0.6838,251.88,4.4682,0.6467,0.434,4.2589,13826,N/A,8.911,189.7336,43.626,1.5982,79.75,8.7075,N/A,N/A,388772,N/A,1.7502,N/A,1.6616,N/A,8.6551,N/A,N/A,N/A,1345.43,N/A,N/A,2.0562,N/A,1.9067,N/A,6.9573,
1999-02-18,1.1232,134.4,N/A,0.58069,37.993,7.4348,15.6466,0.6871,252.06,4.4942,0.6491,0.4361,4.284,13857,N/A,8.9275,189.7714,43.073,1.5982,79.93,8.7385,N/A,N/A,388138,N/A,1.7687,N/A,1.676,N/A,8.702,N/A,N/A,N/A,1327.45,N/A,N/A,2.0842,N/A,1.9099,N/A,6.9526,
1999-02-17,1.1253,133.48,N/A,0.58065,37.97,7.4351,15.6466,0.6873,251.09,4.5058,0.6492,0.4355,4.279,13794,N/A,8.907,190.153,42.964,1.5973,79.92,8.6955,N/A,N/A,388150,N/A,1.7751,N/A,1.688,N/A,8.7223,N/A,N/A,N/A,1323.11,N/A,N/A,2.092,N/A,1.9117,N/A,6.8981,
1999-02-16,1.1176,131.82,N/A,0.58052,38.23,7.4347,15.6466,0.6854,249.56,4.4716,0.6458,0.4377,4.2747,13694,N/A,8.853,190.3482,42.946,1.5975,79.68,8.6205,N/A,N/A,385622,N/A,1.7467,N/A,1.6807,N/A,8.6603,N/A,N/A,N/A,1313.13,N/A,N/A,2.0854,N/A,1.8976,N/A,6.9198,
1999-02-15,1.1238,129.31,N/A,0.58072,38.197,7.4348,15.6466,0.6895,249.66,4.496,0.6466,0.4357,4.2612,13663,N/A,8.8815,189.5612,42.931,1.595,79.51,8.593,N/A,N/A,386261,N/A,1.7353,N/A,1.6781,N/A,8.7086,N/A,N/A,N/A,1320.91,N/A,N/A,2.0531,N/A,1.8973,N/A,6.8819,
1999-02-12,1.1244,128.92,N/A,0.58065,37.86,7.4347,15.6466,0.6917,249.32,4.5011,0.647,0.436,4.2302,13664,N/A,8.9305,190.4383,42.997,1.5992,79.61,8.6075,N/A,N/A,386971,N/A,1.7459,N/A,1.6752,N/A,8.7163,N/A,N/A,N/A,1322.2,N/A,N/A,2.055,N/A,1.9037,N/A,6.856,
1999-02-11,1.1312,129.35,N/A,0.58088,37.94,7.4347,15.6466,0.6975,249.64,4.5277,0.6498,0.4375,4.252,13848,N/A,8.919,190.1997,42.826,1.5966,79.7,8.6435,N/A,N/A,384852,N/A,1.7427,N/A,1.685,N/A,8.7701,N/A,N/A,N/A,1329.97,N/A,N/A,2.0481,N/A,1.9104,N/A,6.8575,
1999-02-10,1.1342,130.73,N/A,0.58092,38.135,7.4347,15.6466,0.6954,251.05,4.5367,0.6539,0.4378,4.2448,13773,N/A,8.933,191.454,42.707,1.5963,79.65,8.6425,N/A,N/A,385237,N/A,1.7569,N/A,1.6945,N/A,8.7883,N/A,N/A,N/A,1335.81,N/A,N/A,2.0549,N/A,1.9202,N/A,6.9361,
1999-02-09,1.1333,129.91,N/A,0.58089,38.358,7.4356,15.6466,0.6911,249.75,4.5329,0.6509,0.4374,4.256,13724,N/A,8.907,190.6592,42.69,1.5999,79.58,8.6505,N/A,N/A,384410,N/A,1.7548,N/A,1.6944,N/A,8.7841,N/A,N/A,N/A,1332.26,N/A,N/A,2.0411,N/A,1.9182,N/A,6.899,
1999-02-08,1.1246,127.82,N/A,0.5808,37.71,7.4355,15.6466,0.6888,248.64,4.4977,0.6436,0.4356,4.1958,13718,N/A,8.857,190.3325,42.557,1.6018,79.35,8.62,N/A,N/A,382257,N/A,1.723,N/A,1.6725,N/A,8.7144,N/A,N/A,N/A,1322.19,N/A,N/A,2.0149,N/A,1.9002,N/A,6.6959,
1999-02-05,1.1292,127.95,N/A,0.58089,37.365,7.4358,15.6466,0.6885,248.91,4.5189,0.6451,0.436,4.1753,13819,N/A,8.872,190.2791,42.458,1.6012,79.44,8.6725,N/A,N/A,382365,N/A,1.7294,N/A,1.6765,N/A,8.752,N/A,N/A,N/A,1321.34,N/A,N/A,2.0431,N/A,1.907,N/A,6.8119,
1999-02-04,1.1263,127.65,N/A,0.58072,37.158,7.4362,15.6466,0.6894,248.77,4.5079,0.6449,0.4359,4.1512,13655,N/A,8.899,190.4237,42.419,1.6017,79.32,8.6425,N/A,N/A,380233,N/A,1.7541,N/A,1.6951,N/A,8.7296,N/A,N/A,N/A,1318.51,N/A,N/A,2.0461,N/A,1.9009,N/A,6.7922,
1999-02-03,1.1337,126.86,N/A,0.58092,37.168,7.4372,15.6466,0.6925,249,4.5373,0.65,0.4369,4.2014,13660,N/A,8.915,190.4761,42.469,1.5975,79.6,8.625,N/A,N/A,380242,N/A,1.7609,N/A,1.7151,N/A,8.7874,N/A,N/A,N/A,1327.18,N/A,N/A,2.0566,N/A,1.9132,N/A,6.8135,
1999-02-02,1.1337,127.7,N/A,0.58086,37.395,7.4368,15.6466,0.6888,248.99,4.5359,0.6506,0.4364,4.2296,13596,N/A,8.8775,190.8753,42.704,1.6002,79.5,8.5845,N/A,N/A,380186,N/A,1.7741,N/A,1.7079,N/A,8.7849,N/A,N/A,N/A,1326.43,N/A,N/A,2.076,N/A,1.9114,N/A,6.8135,
1999-02-01,1.1338,130.88,N/A,0.58109,37.142,7.4363,15.6466,0.6904,248.97,4.5355,0.6523,0.4366,4.236,13407,N/A,8.86,189.4727,42.883,1.6089,79.66,8.5395,N/A,N/A,379647,N/A,1.7882,N/A,1.7123,N/A,8.7839,N/A,N/A,N/A,1331.58,N/A,N/A,2.0861,N/A,1.9169,N/A,6.8425,
1999-01-29,1.1384,132.1,N/A,0.58112,36.827,7.4359,15.6466,0.691,249.24,4.5543,0.6551,0.4371,4.161,13280,N/A,8.88,188.5,42.726,1.6123,79.59,8.5785,N/A,N/A,377866,N/A,1.8087,N/A,1.726,N/A,8.8192,N/A,N/A,N/A,1337.33,N/A,N/A,2.1107,N/A,1.9233,N/A,6.8804,
1999-01-28,1.141,132.25,N/A,0.58122,36.432,7.4359,15.6466,0.6928,249.34,4.5658,0.6572,0.4376,4.1381,13199,N/A,8.865,189.64,42.713,1.6129,79.68,8.57,N/A,N/A,378453,N/A,1.8262,N/A,1.7374,N/A,8.8428,N/A,N/A,N/A,1341.07,N/A,N/A,2.1365,N/A,1.929,N/A,6.9145,
1999-01-27,1.1529,131.91,N/A,0.58146,36.464,7.4358,15.6466,0.6968,250.08,4.6137,0.6607,0.4411,4.1588,13302,N/A,8.882,189.7167,42.893,1.6082,79.88,8.5985,N/A,N/A,379757,N/A,1.8313,N/A,1.7526,N/A,8.935,N/A,N/A,N/A,1354.55,N/A,N/A,2.1594,N/A,1.9446,N/A,6.9666,
1999-01-26,1.1582,131.81,N/A,0.58189,36.615,7.436,15.6466,0.6976,250.69,4.6305,0.6621,0.4399,4.1837,13328,N/A,8.921,189.5821,42.935,1.6022,80.04,8.6125,N/A,N/A,380468,N/A,1.8391,N/A,1.7609,N/A,8.9808,N/A,N/A,N/A,1360.47,N/A,N/A,2.1669,N/A,1.9512,N/A,6.9955,
1999-01-25,1.1584,132.09,N/A,0.58167,36.211,7.4367,15.6466,0.6989,250.47,4.6345,0.6604,0.4412,4.1607,13318,N/A,8.94,188.7438,42.943,1.5966,80.27,8.6125,N/A,N/A,380138,N/A,1.8317,N/A,1.762,N/A,8.9765,N/A,N/A,N/A,1366.16,N/A,N/A,2.1659,N/A,1.9557,N/A,7.0241,
1999-01-22,1.1567,131.88,N/A,0.58173,36.287,7.4372,15.6466,0.7005,250.16,4.6326,0.6603,0.44,4.1587,13285,N/A,9.011,188.4587,42.906,1.5983,80.44,8.6225,N/A,N/A,378192,N/A,1.8225,N/A,1.7515,N/A,8.9738,N/A,N/A,N/A,1365.8,N/A,N/A,2.1519,N/A,1.9461,N/A,7.03,
1999-01-21,1.1572,130.34,N/A,0.58163,36.06,7.4385,15.6466,0.7023,250.17,4.6298,0.6595,0.4403,4.1277,13282,N/A,8.943,188.9975,42.827,1.603,80.32,8.605,N/A,N/A,380335,N/A,1.8171,N/A,1.7529,N/A,8.9647,N/A,N/A,N/A,1356.82,N/A,N/A,2.1489,N/A,1.9368,N/A,6.9797,
1999-01-20,1.1575,131.59,N/A,0.58166,35.773,7.4378,15.6466,0.7014,249.99,4.6285,0.6591,0.4405,4.0847,13274,N/A,8.9645,189.0666,42.667,1.6024,80.49,8.6,N/A,N/A,380440,N/A,1.8064,N/A,1.7626,N/A,8.9605,N/A,N/A,N/A,1349.24,N/A,N/A,2.1499,N/A,1.9398,N/A,6.945,
1999-01-19,1.1616,132.14,N/A,0.58176,35.745,7.438,15.6466,0.7,250.64,4.646,0.661,0.4412,4.0973,13335,N/A,9.0045,189.4432,42.737,1.6001,80.52,8.63,N/A,N/A,382052,N/A,1.8295,N/A,1.7739,N/A,8.9944,N/A,N/A,N/A,1364.47,N/A,N/A,2.1614,N/A,1.9521,N/A,7.0161,
1999-01-18,1.1612,132.9,N/A,0.58163,35.615,7.4431,15.6466,0.7013,250.78,4.6457,0.6625,0.4413,4.0667,13263,N/A,9.093,189.3639,42.72,1.6004,80.62,8.6575,N/A,N/A,382036,N/A,1.8292,N/A,1.7717,N/A,8.9944,N/A,N/A,N/A,1371.26,N/A,N/A,2.1671,N/A,1.9549,N/A,6.9596,
1999-01-15,1.1626,131.74,N/A,0.58187,35.86,7.4441,15.6466,0.7039,253.34,4.6516,0.6617,0.4421,4.2,13164,N/A,9.157,187.1333,42.738,1.5984,80.7,8.715,N/A,N/A,374193,N/A,1.8388,N/A,1.7797,N/A,9.0102,N/A,N/A,N/A,1375.76,N/A,N/A,2.1582,N/A,1.957,N/A,7.2197,
1999-01-14,1.1653,132.74,N/A,0.5819,35.698,7.4437,15.6466,0.7062,253.84,4.6636,0.6659,0.4414,4.1335,13134,N/A,9.135,188.9441,42.757,1.5934,80.93,8.7245,N/A,N/A,375101,N/A,1.8353,N/A,1.7707,N/A,9.0288,N/A,N/A,N/A,1382.23,N/A,N/A,2.157,N/A,1.9615,N/A,7.1316,
1999-01-13,1.1744,131.89,N/A,0.5819,36.113,7.4432,15.6466,0.7084,255.01,4.6986,0.6676,0.4435,4.2033,13149,N/A,9.14,191.2016,42.794,1.5931,81.24,8.747,N/A,N/A,376350,N/A,1.862,N/A,1.8123,N/A,9.1008,N/A,N/A,N/A,1377.93,N/A,N/A,2.1744,N/A,1.9815,N/A,7.2543,
1999-01-12,1.152,129.63,N/A,0.5814,35.25,7.443,15.6466,0.7066,249.2,4.6088,0.6601,0.4403,4.033,12912,N/A,9.0955,189.5352,42.49,1.6072,80.59,8.61,N/A,N/A,372105,N/A,1.809,N/A,1.7392,N/A,8.9246,N/A,N/A,N/A,1353.43,N/A,N/A,2.121,N/A,1.9343,N/A,6.9581,
1999-01-11,1.1569,126.33,N/A,0.58167,35.173,7.4433,15.6466,0.7044,249.7,4.6296,0.6586,0.4405,4.032,12980,N/A,9.0985,188.9655,42.509,1.6104,80.55,8.5585,N/A,N/A,372471,N/A,1.8134,N/A,1.7463,N/A,8.9655,N/A,N/A,N/A,1356.7,N/A,N/A,2.1257,N/A,1.9358,N/A,6.791,
1999-01-08,1.1659,130.09,N/A,0.58187,34.938,7.4433,15.6466,0.7094,250.15,4.6643,0.6654,0.4419,4.0363,13143,N/A,9.165,188.84,42.56,1.6138,80.99,8.59,N/A,N/A,371830,N/A,1.8406,N/A,1.7643,N/A,9.0302,N/A,N/A,N/A,1366.73,N/A,N/A,2.1557,N/A,1.9537,N/A,6.7855,
1999-01-07,1.1632,129.43,N/A,0.58187,34.886,7.4431,15.6466,0.70585,250.09,4.6548,0.6627,0.4413,4.0165,13092,N/A,9.18,188.8,42.765,1.6165,81.06,8.6295,N/A,N/A,370147,N/A,1.8474,N/A,1.7602,N/A,9.0131,N/A,N/A,N/A,1337.16,N/A,N/A,2.1531,N/A,1.9436,N/A,6.8283,
1999-01-06,1.1743,131.42,N/A,0.582,34.85,7.4452,15.6466,0.7076,250.67,4.6994,0.6649,0.442,4.0065,13168,N/A,9.305,188.7,42.778,1.6116,81.54,8.7335,N/A,N/A,372188,N/A,1.882,N/A,1.7711,N/A,9.101,N/A,N/A,N/A,1359.54,N/A,N/A,2.189,N/A,1.9699,N/A,6.7307,
1999-01-05,1.179,130.96,N/A,0.5823,34.917,7.4495,15.6466,0.7122,250.8,4.7174,0.6657,0.4432,4.0245,13168,N/A,9.4025,188.775,42.848,1.6123,81.53,8.7745,N/A,N/A,372816,N/A,1.8944,N/A,1.7965,N/A,9.1341,N/A,N/A,N/A,1373.01,N/A,N/A,2.2011,N/A,1.9655,N/A,6.7975,
1999-01-04,1.1789,133.73,N/A,0.58231,35.107,7.4501,15.6466,0.7111,251.48,4.717,0.6668,0.4432,4.0712,13111,N/A,9.4696,189.045,42.991,1.6168,81.48,8.855,N/A,N/A,372274,N/A,1.91,N/A,1.8004,N/A,9.1332,N/A,N/A,N/A,1398.59,N/A,N/A,2.2229,N/A,1.9554,N/A,6.9358,